{
  "field" : "golden",
  "symmetry" : "icosahedral",
  "orientations" : [ [ 1.0, 0.0, 0.0, 0.0, 0.0, 1.0, 0.0, 0.0, 0.0, 0.0, 1.0, 0.0, 0.0, 0.0, 0.0, 1.0 ], [ 0.0, 0.0, 1.0, 0.0, 1.0, 0.0, 0.0, 0.0, 0.0, 1.0, 0.0, 0.0, 0.0, 0.0, 0.0, 1.0 ], [ 0.0, 1.0, 0.0, 0.0, 0.0, 0.0, 1.0, 0.0, 1.0, 0.0, 0.0, 0.0, 0.0, 0.0, 0.0, 1.0 ], [ 0.809017, 0.309017, 0.5, 0.0, 0.309017, 0.5, -0.809017, 0.0, -0.5, 0.809017, 0.309017, 0.0, 0.0, 0.0, 0.0, 1.0 ], [ -0.5, 0.809017, 0.309017, 0.0, 0.809017, 0.309017, 0.5, 0.0, 0.309017, 0.5, -0.809017, 0.0, 0.0, 0.0, 0.0, 1.0 ], [ 0.309017, 0.5, -0.809017, 0.0, -0.5, 0.809017, 0.309017, 0.0, 0.809017, 0.309017, 0.5, 0.0, 0.0, 0.0, 0.0, 1.0 ], [ 0.5, 0.809017, 0.309017, 0.0, 0.809017, -0.309017, -0.5, 0.0, -0.309017, 0.5, -0.809017, 0.0, 0.0, 0.0, 0.0, 1.0 ], [ -0.309017, 0.5, -0.809017, 0.0, 0.5, 0.809017, 0.309017, 0.0, 0.809017, -0.309017, -0.5, 0.0, 0.0, 0.0, 0.0, 1.0 ], [ 0.809017, -0.309017, -0.5, 0.0, -0.309017, 0.5, -0.809017, 0.0, 0.5, 0.809017, 0.309017, 0.0, 0.0, 0.0, 0.0, 1.0 ], [ 0.5, 0.809017, -0.309017, 0.0, 0.809017, -0.309017, 0.5, 0.0, 0.309017, -0.5, -0.809017, 0.0, 0.0, 0.0, 0.0, 1.0 ], [ 0.309017, -0.5, -0.809017, 0.0, 0.5, 0.809017, -0.309017, 0.0, 0.809017, -0.309017, 0.5, 0.0, 0.0, 0.0, 0.0, 1.0 ], [ 0.809017, -0.309017, 0.5, 0.0, 0.309017, -0.5, -0.809017, 0.0, 0.5, 0.809017, -0.309017, 0.0, 0.0, 0.0, 0.0, 1.0 ], [ 0.809017, 0.309017, -0.5, 0.0, 0.309017, 0.5, 0.809017, 0.0, 0.5, -0.809017, 0.309017, 0.0, 0.0, 0.0, 0.0, 1.0 ], [ 0.5, -0.809017, 0.309017, 0.0, 0.809017, 0.309017, -0.5, 0.0, 0.309017, 0.5, 0.809017, 0.0, 0.0, 0.0, 0.0, 1.0 ], [ 0.309017, 0.5, 0.809017, 0.0, 0.5, -0.809017, 0.309017, 0.0, 0.809017, 0.309017, -0.5, 0.0, 0.0, 0.0, 0.0, 1.0 ], [ 1.0, 0.0, 0.0, 0.0, 0.0, -1.0, 0.0, 0.0, 0.0, 0.0, -1.0, 0.0, 0.0, 0.0, 0.0, 1.0 ], [ 0.0, 0.0, 1.0, 0.0, -1.0, 0.0, 0.0, 0.0, 0.0, -1.0, 0.0, 0.0, 0.0, 0.0, 0.0, 1.0 ], [ 0.0, 1.0, 0.0, 0.0, 0.0, 0.0, -1.0, 0.0, -1.0, 0.0, 0.0, 0.0, 0.0, 0.0, 0.0, 1.0 ], [ 0.809017, 0.309017, 0.5, 0.0, -0.309017, -0.5, 0.809017, 0.0, 0.5, -0.809017, -0.309017, 0.0, 0.0, 0.0, 0.0, 1.0 ], [ -0.5, 0.809017, 0.309017, 0.0, -0.809017, -0.309017, -0.5, 0.0, -0.309017, -0.5, 0.809017, 0.0, 0.0, 0.0, 0.0, 1.0 ], [ 0.309017, 0.5, -0.809017, 0.0, 0.5, -0.809017, -0.309017, 0.0, -0.809017, -0.309017, -0.5, 0.0, 0.0, 0.0, 0.0, 1.0 ], [ 0.5, 0.809017, 0.309017, 0.0, -0.809017, 0.309017, 0.5, 0.0, 0.309017, -0.5, 0.809017, 0.0, 0.0, 0.0, 0.0, 1.0 ], [ -0.309017, 0.5, -0.809017, 0.0, -0.5, -0.809017, -0.309017, 0.0, -0.809017, 0.309017, 0.5, 0.0, 0.0, 0.0, 0.0, 1.0 ], [ 0.809017, -0.309017, -0.5, 0.0, 0.309017, -0.5, 0.809017, 0.0, -0.5, -0.809017, -0.309017, 0.0, 0.0, 0.0, 0.0, 1.0 ], [ 0.5, 0.809017, -0.309017, 0.0, -0.809017, 0.309017, -0.5, 0.0, -0.309017, 0.5, 0.809017, 0.0, 0.0, 0.0, 0.0, 1.0 ], [ 0.309017, -0.5, -0.809017, 0.0, -0.5, -0.809017, 0.309017, 0.0, -0.809017, 0.309017, -0.5, 0.0, 0.0, 0.0, 0.0, 1.0 ], [ 0.809017, -0.309017, 0.5, 0.0, -0.309017, 0.5, 0.809017, 0.0, -0.5, -0.809017, 0.309017, 0.0, 0.0, 0.0, 0.0, 1.0 ], [ 0.809017, 0.309017, -0.5, 0.0, -0.309017, -0.5, -0.809017, 0.0, -0.5, 0.809017, -0.309017, 0.0, 0.0, 0.0, 0.0, 1.0 ], [ 0.5, -0.809017, 0.309017, 0.0, -0.809017, -0.309017, 0.5, 0.0, -0.309017, -0.5, -0.809017, 0.0, 0.0, 0.0, 0.0, 1.0 ], [ 0.309017, 0.5, 0.809017, 0.0, -0.5, 0.809017, -0.309017, 0.0, -0.809017, -0.309017, 0.5, 0.0, 0.0, 0.0, 0.0, 1.0 ], [ -1.0, 0.0, 0.0, 0.0, 0.0, -1.0, 0.0, 0.0, 0.0, 0.0, 1.0, 0.0, 0.0, 0.0, 0.0, 1.0 ], [ 0.0, 0.0, -1.0, 0.0, -1.0, 0.0, 0.0, 0.0, 0.0, 1.0, 0.0, 0.0, 0.0, 0.0, 0.0, 1.0 ], [ 0.0, -1.0, 0.0, 0.0, 0.0, 0.0, -1.0, 0.0, 1.0, 0.0, 0.0, 0.0, 0.0, 0.0, 0.0, 1.0 ], [ -0.809017, -0.309017, -0.5, 0.0, -0.309017, -0.5, 0.809017, 0.0, -0.5, 0.809017, 0.309017, 0.0, 0.0, 0.0, 0.0, 1.0 ], [ 0.5, -0.809017, -0.309017, 0.0, -0.809017, -0.309017, -0.5, 0.0, 0.309017, 0.5, -0.809017, 0.0, 0.0, 0.0, 0.0, 1.0 ], [ -0.309017, -0.5, 0.809017, 0.0, 0.5, -0.809017, -0.309017, 0.0, 0.809017, 0.309017, 0.5, 0.0, 0.0, 0.0, 0.0, 1.0 ], [ -0.5, -0.809017, -0.309017, 0.0, -0.809017, 0.309017, 0.5, 0.0, -0.309017, 0.5, -0.809017, 0.0, 0.0, 0.0, 0.0, 1.0 ], [ 0.309017, -0.5, 0.809017, 0.0, -0.5, -0.809017, -0.309017, 0.0, 0.809017, -0.309017, -0.5, 0.0, 0.0, 0.0, 0.0, 1.0 ], [ -0.809017, 0.309017, 0.5, 0.0, 0.309017, -0.5, 0.809017, 0.0, 0.5, 0.809017, 0.309017, 0.0, 0.0, 0.0, 0.0, 1.0 ], [ -0.5, -0.809017, 0.309017, 0.0, -0.809017, 0.309017, -0.5, 0.0, 0.309017, -0.5, -0.809017, 0.0, 0.0, 0.0, 0.0, 1.0 ], [ -0.309017, 0.5, 0.809017, 0.0, -0.5, -0.809017, 0.309017, 0.0, 0.809017, -0.309017, 0.5, 0.0, 0.0, 0.0, 0.0, 1.0 ], [ -0.809017, 0.309017, -0.5, 0.0, -0.309017, 0.5, 0.809017, 0.0, 0.5, 0.809017, -0.309017, 0.0, 0.0, 0.0, 0.0, 1.0 ], [ -0.809017, -0.309017, 0.5, 0.0, -0.309017, -0.5, -0.809017, 0.0, 0.5, -0.809017, 0.309017, 0.0, 0.0, 0.0, 0.0, 1.0 ], [ -0.5, 0.809017, -0.309017, 0.0, -0.809017, -0.309017, 0.5, 0.0, 0.309017, 0.5, 0.809017, 0.0, 0.0, 0.0, 0.0, 1.0 ], [ -0.309017, -0.5, -0.809017, 0.0, -0.5, 0.809017, -0.309017, 0.0, 0.809017, 0.309017, -0.5, 0.0, 0.0, 0.0, 0.0, 1.0 ], [ -1.0, 0.0, 0.0, 0.0, 0.0, 1.0, 0.0, 0.0, 0.0, 0.0, -1.0, 0.0, 0.0, 0.0, 0.0, 1.0 ], [ 0.0, 0.0, -1.0, 0.0, 1.0, 0.0, 0.0, 0.0, 0.0, -1.0, 0.0, 0.0, 0.0, 0.0, 0.0, 1.0 ], [ 0.0, -1.0, 0.0, 0.0, 0.0, 0.0, 1.0, 0.0, -1.0, 0.0, 0.0, 0.0, 0.0, 0.0, 0.0, 1.0 ], [ -0.809017, -0.309017, -0.5, 0.0, 0.309017, 0.5, -0.809017, 0.0, 0.5, -0.809017, -0.309017, 0.0, 0.0, 0.0, 0.0, 1.0 ], [ 0.5, -0.809017, -0.309017, 0.0, 0.809017, 0.309017, 0.5, 0.0, -0.309017, -0.5, 0.809017, 0.0, 0.0, 0.0, 0.0, 1.0 ], [ -0.309017, -0.5, 0.809017, 0.0, -0.5, 0.809017, 0.309017, 0.0, -0.809017, -0.309017, -0.5, 0.0, 0.0, 0.0, 0.0, 1.0 ], [ -0.5, -0.809017, -0.309017, 0.0, 0.809017, -0.309017, -0.5, 0.0, 0.309017, -0.5, 0.809017, 0.0, 0.0, 0.0, 0.0, 1.0 ], [ 0.309017, -0.5, 0.809017, 0.0, 0.5, 0.809017, 0.309017, 0.0, -0.809017, 0.309017, 0.5, 0.0, 0.0, 0.0, 0.0, 1.0 ], [ -0.809017, 0.309017, 0.5, 0.0, -0.309017, 0.5, -0.809017, 0.0, -0.5, -0.809017, -0.309017, 0.0, 0.0, 0.0, 0.0, 1.0 ], [ -0.5, -0.809017, 0.309017, 0.0, 0.809017, -0.309017, 0.5, 0.0, -0.309017, 0.5, 0.809017, 0.0, 0.0, 0.0, 0.0, 1.0 ], [ -0.309017, 0.5, 0.809017, 0.0, 0.5, 0.809017, -0.309017, 0.0, -0.809017, 0.309017, -0.5, 0.0, 0.0, 0.0, 0.0, 1.0 ], [ -0.809017, 0.309017, -0.5, 0.0, 0.309017, -0.5, -0.809017, 0.0, -0.5, -0.809017, 0.309017, 0.0, 0.0, 0.0, 0.0, 1.0 ], [ -0.809017, -0.309017, 0.5, 0.0, 0.309017, 0.5, 0.809017, 0.0, -0.5, 0.809017, -0.309017, 0.0, 0.0, 0.0, 0.0, 1.0 ], [ -0.5, 0.809017, -0.309017, 0.0, 0.809017, 0.309017, -0.5, 0.0, -0.309017, -0.5, -0.809017, 0.0, 0.0, 0.0, 0.0, 1.0 ], [ -0.309017, -0.5, -0.809017, 0.0, 0.5, -0.809017, 0.309017, 0.0, -0.809017, -0.309017, 0.5, 0.0, 0.0, 0.0, 0.0, 1.0 ] ],
  "lights" : {
    "directionalLights" : [ {
      "direction" : {
        "x" : 1.0,
        "y" : -1.0,
        "z" : -1.0
      },
      "color" : "#EBEBE4"
    }, {
      "direction" : {
        "x" : -1.0,
        "y" : 0.0,
        "z" : 0.0
      },
      "color" : "#E4E4EB"
    }, {
      "direction" : {
        "x" : 0.0,
        "y" : 0.0,
        "z" : -1.0
      },
      "color" : "#1E1E1E"
    } ],
    "ambientColor" : "#292929",
    "backgroundColor" : "#AFC8DC"
  },
  "camera" : {
    "position" : {
      "x" : 0.0,
      "y" : 0.0,
      "z" : 186.5836
    },
    "width" : 83.96262,
    "nearClipDistance" : 0.466459,
    "farClipDistance" : 373.16718,
    "viewDistance" : 186.5836,
    "lookAtPoint" : {
      "x" : 0.0,
      "y" : 0.0,
      "z" : 0.0
    },
    "fieldOfView" : 0.4426289,
    "perspective" : true,
    "stereo" : false,
    "lookDirection" : {
      "x" : 0.0,
      "y" : 0.0,
      "z" : -1.0
    },
    "upDirection" : {
      "x" : 0.0,
      "y" : 1.0,
      "z" : 0.0
    }
  },
  "embedding" : [ 1.0, 0.0, 0.0, 0.0, 0.0, 1.0, 0.0, 0.0, 0.0, 0.0, 1.0, 0.0, 0.0, 0.0, 0.0, 1.0 ],
  "shapes" : [ {
    "id" : "5a7313c1-ce4b-40b4-be8c-9c4429649d22",
    "vertices" : [ {
      "x" : 0.309017,
      "y" : -0.809017,
      "z" : 0.618034
    }, {
      "x" : 0.809017,
      "y" : -0.618034,
      "z" : 0.309017
    }, {
      "x" : 0.618034,
      "y" : -0.309017,
      "z" : 0.809017
    }, {
      "x" : 1.0,
      "y" : 0.309017,
      "z" : 0.19098301
    }, {
      "x" : 0.809017,
      "y" : 0.618034,
      "z" : 0.309017
    }, {
      "x" : 0.618034,
      "y" : 0.309017,
      "z" : 0.809017
    }, {
      "x" : 0.809017,
      "y" : 0.0,
      "z" : 0.690983
    }, {
      "x" : 0.19098301,
      "y" : -1.0,
      "z" : 0.309017
    }, {
      "x" : -0.19098301,
      "y" : -1.0,
      "z" : 0.309017
    }, {
      "x" : -0.19098301,
      "y" : -1.0,
      "z" : -0.309017
    }, {
      "x" : 0.19098301,
      "y" : -1.0,
      "z" : -0.309017
    }, {
      "x" : 1.0,
      "y" : -0.309017,
      "z" : -0.19098301
    }, {
      "x" : 0.809017,
      "y" : -0.618034,
      "z" : -0.309017
    }, {
      "x" : 0.618034,
      "y" : -0.309017,
      "z" : -0.809017
    }, {
      "x" : 0.809017,
      "y" : 0.0,
      "z" : -0.690983
    }, {
      "x" : 0.0,
      "y" : 0.690983,
      "z" : -0.809017
    }, {
      "x" : 0.309017,
      "y" : 0.809017,
      "z" : -0.618034
    }, {
      "x" : 0.618034,
      "y" : 0.309017,
      "z" : -0.809017
    }, {
      "x" : 0.309017,
      "y" : 0.19098301,
      "z" : -1.0
    }, {
      "x" : 1.0,
      "y" : 0.309017,
      "z" : -0.19098301
    }, {
      "x" : -0.309017,
      "y" : -0.809017,
      "z" : 0.618034
    }, {
      "x" : 0.0,
      "y" : -0.690983,
      "z" : 0.809017
    }, {
      "x" : 0.809017,
      "y" : 0.618034,
      "z" : -0.309017
    }, {
      "x" : 0.690983,
      "y" : 0.809017,
      "z" : 0.0
    }, {
      "x" : -0.690983,
      "y" : 0.809017,
      "z" : 0.0
    }, {
      "x" : -0.809017,
      "y" : 0.618034,
      "z" : 0.309017
    }, {
      "x" : -0.309017,
      "y" : 0.809017,
      "z" : 0.618034
    }, {
      "x" : -0.19098301,
      "y" : 1.0,
      "z" : 0.309017
    }, {
      "x" : 0.309017,
      "y" : -0.19098301,
      "z" : -1.0
    }, {
      "x" : 0.19098301,
      "y" : 1.0,
      "z" : 0.309017
    }, {
      "x" : 0.309017,
      "y" : 0.809017,
      "z" : 0.618034
    }, {
      "x" : -0.809017,
      "y" : -0.618034,
      "z" : 0.309017
    }, {
      "x" : -0.690983,
      "y" : -0.809017,
      "z" : 0.0
    }, {
      "x" : 0.0,
      "y" : 0.690983,
      "z" : 0.809017
    }, {
      "x" : 0.309017,
      "y" : -0.809017,
      "z" : -0.618034
    }, {
      "x" : 0.0,
      "y" : -0.690983,
      "z" : -0.809017
    }, {
      "x" : -1.0,
      "y" : 0.309017,
      "z" : 0.19098301
    }, {
      "x" : -0.809017,
      "y" : 0.0,
      "z" : 0.690983
    }, {
      "x" : -0.618034,
      "y" : 0.309017,
      "z" : 0.809017
    }, {
      "x" : 1.0,
      "y" : -0.309017,
      "z" : 0.19098301
    }, {
      "x" : -0.309017,
      "y" : -0.809017,
      "z" : -0.618034
    }, {
      "x" : -1.0,
      "y" : 0.309017,
      "z" : -0.19098301
    }, {
      "x" : -1.0,
      "y" : -0.309017,
      "z" : -0.19098301
    }, {
      "x" : -1.0,
      "y" : -0.309017,
      "z" : 0.19098301
    }, {
      "x" : 0.19098301,
      "y" : 1.0,
      "z" : -0.309017
    }, {
      "x" : -0.809017,
      "y" : 0.618034,
      "z" : -0.309017
    }, {
      "x" : -0.19098301,
      "y" : 1.0,
      "z" : -0.309017
    }, {
      "x" : -0.309017,
      "y" : 0.809017,
      "z" : -0.618034
    }, {
      "x" : -0.618034,
      "y" : -0.309017,
      "z" : 0.809017
    }, {
      "x" : 0.309017,
      "y" : 0.19098301,
      "z" : 1.0
    }, {
      "x" : -0.309017,
      "y" : 0.19098301,
      "z" : -1.0
    }, {
      "x" : -0.309017,
      "y" : 0.19098301,
      "z" : 1.0
    }, {
      "x" : -0.309017,
      "y" : -0.19098301,
      "z" : 1.0
    }, {
      "x" : 0.309017,
      "y" : -0.19098301,
      "z" : 1.0
    }, {
      "x" : 0.690983,
      "y" : -0.809017,
      "z" : 0.0
    }, {
      "x" : -0.809017,
      "y" : 0.0,
      "z" : -0.690983
    }, {
      "x" : -0.618034,
      "y" : -0.309017,
      "z" : -0.809017
    }, {
      "x" : -0.309017,
      "y" : -0.19098301,
      "z" : -1.0
    }, {
      "x" : -0.618034,
      "y" : 0.309017,
      "z" : -0.809017
    }, {
      "x" : -0.809017,
      "y" : -0.618034,
      "z" : -0.309017
    } ],
    "faces" : [ {
      "vertices" : [ 9, 40, 35 ]
    }, {
      "vertices" : [ 9, 35, 34 ]
    }, {
      "vertices" : [ 9, 34, 10 ]
    }, {
      "vertices" : [ 0, 1, 2 ]
    }, {
      "vertices" : [ 33, 51, 49 ]
    }, {
      "vertices" : [ 25, 36, 37 ]
    }, {
      "vertices" : [ 25, 37, 38 ]
    }, {
      "vertices" : [ 41, 55, 42 ]
    }, {
      "vertices" : [ 9, 32, 59 ]
    }, {
      "vertices" : [ 9, 59, 40 ]
    }, {
      "vertices" : [ 20, 21, 52 ]
    }, {
      "vertices" : [ 20, 52, 48 ]
    }, {
      "vertices" : [ 26, 33, 30 ]
    }, {
      "vertices" : [ 26, 30, 29 ]
    }, {
      "vertices" : [ 26, 29, 27 ]
    }, {
      "vertices" : [ 3, 4, 5 ]
    }, {
      "vertices" : [ 3, 5, 6 ]
    }, {
      "vertices" : [ 27, 29, 44 ]
    }, {
      "vertices" : [ 27, 44, 46 ]
    }, {
      "vertices" : [ 50, 57, 56 ]
    }, {
      "vertices" : [ 50, 56, 55 ]
    }, {
      "vertices" : [ 50, 55, 58 ]
    }, {
      "vertices" : [ 26, 38, 51 ]
    }, {
      "vertices" : [ 26, 51, 33 ]
    }, {
      "vertices" : [ 45, 47, 58 ]
    }, {
      "vertices" : [ 18, 28, 57 ]
    }, {
      "vertices" : [ 18, 57, 50 ]
    }, {
      "vertices" : [ 40, 59, 56 ]
    }, {
      "vertices" : [ 31, 48, 37 ]
    }, {
      "vertices" : [ 31, 37, 43 ]
    }, {
      "vertices" : [ 7, 8, 9 ]
    }, {
      "vertices" : [ 7, 9, 10 ]
    }, {
      "vertices" : [ 36, 41, 42 ]
    }, {
      "vertices" : [ 36, 42, 43 ]
    }, {
      "vertices" : [ 24, 46, 47 ]
    }, {
      "vertices" : [ 24, 47, 45 ]
    }, {
      "vertices" : [ 4, 30, 5 ]
    }, {
      "vertices" : [ 15, 47, 46 ]
    }, {
      "vertices" : [ 15, 46, 44 ]
    }, {
      "vertices" : [ 15, 44, 16 ]
    }, {
      "vertices" : [ 15, 50, 58 ]
    }, {
      "vertices" : [ 15, 58, 47 ]
    }, {
      "vertices" : [ 24, 45, 41 ]
    }, {
      "vertices" : [ 24, 41, 36 ]
    }, {
      "vertices" : [ 24, 36, 25 ]
    }, {
      "vertices" : [ 11, 14, 19 ]
    }, {
      "vertices" : [ 3, 6, 39 ]
    }, {
      "vertices" : [ 1, 39, 6 ]
    }, {
      "vertices" : [ 1, 6, 2 ]
    }, {
      "vertices" : [ 8, 32, 9 ]
    }, {
      "vertices" : [ 11, 12, 13 ]
    }, {
      "vertices" : [ 11, 13, 14 ]
    }, {
      "vertices" : [ 16, 22, 17 ]
    }, {
      "vertices" : [ 0, 21, 20 ]
    }, {
      "vertices" : [ 0, 20, 8 ]
    }, {
      "vertices" : [ 0, 8, 7 ]
    }, {
      "vertices" : [ 12, 34, 13 ]
    }, {
      "vertices" : [ 35, 40, 56 ]
    }, {
      "vertices" : [ 35, 56, 57 ]
    }, {
      "vertices" : [ 0, 7, 54 ]
    }, {
      "vertices" : [ 0, 54, 1 ]
    }, {
      "vertices" : [ 15, 16, 17 ]
    }, {
      "vertices" : [ 15, 17, 18 ]
    }, {
      "vertices" : [ 3, 19, 22 ]
    }, {
      "vertices" : [ 3, 22, 23 ]
    }, {
      "vertices" : [ 3, 23, 4 ]
    }, {
      "vertices" : [ 7, 10, 54 ]
    }, {
      "vertices" : [ 41, 45, 58 ]
    }, {
      "vertices" : [ 41, 58, 55 ]
    }, {
      "vertices" : [ 3, 39, 11 ]
    }, {
      "vertices" : [ 3, 11, 19 ]
    }, {
      "vertices" : [ 14, 17, 22 ]
    }, {
      "vertices" : [ 14, 22, 19 ]
    }, {
      "vertices" : [ 0, 2, 53 ]
    }, {
      "vertices" : [ 0, 53, 21 ]
    }, {
      "vertices" : [ 49, 51, 52 ]
    }, {
      "vertices" : [ 49, 52, 53 ]
    }, {
      "vertices" : [ 31, 43, 42 ]
    }, {
      "vertices" : [ 31, 42, 59 ]
    }, {
      "vertices" : [ 31, 59, 32 ]
    }, {
      "vertices" : [ 15, 18, 50 ]
    }, {
      "vertices" : [ 42, 55, 56 ]
    }, {
      "vertices" : [ 42, 56, 59 ]
    }, {
      "vertices" : [ 4, 23, 29 ]
    }, {
      "vertices" : [ 4, 29, 30 ]
    }, {
      "vertices" : [ 25, 38, 26 ]
    }, {
      "vertices" : [ 13, 28, 18 ]
    }, {
      "vertices" : [ 13, 18, 17 ]
    }, {
      "vertices" : [ 13, 17, 14 ]
    }, {
      "vertices" : [ 8, 20, 31 ]
    }, {
      "vertices" : [ 8, 31, 32 ]
    }, {
      "vertices" : [ 23, 44, 29 ]
    }, {
      "vertices" : [ 24, 27, 46 ]
    }, {
      "vertices" : [ 37, 48, 52 ]
    }, {
      "vertices" : [ 37, 52, 51 ]
    }, {
      "vertices" : [ 37, 51, 38 ]
    }, {
      "vertices" : [ 20, 48, 31 ]
    }, {
      "vertices" : [ 24, 25, 26 ]
    }, {
      "vertices" : [ 24, 26, 27 ]
    }, {
      "vertices" : [ 16, 44, 23 ]
    }, {
      "vertices" : [ 16, 23, 22 ]
    }, {
      "vertices" : [ 13, 34, 35 ]
    }, {
      "vertices" : [ 13, 35, 28 ]
    }, {
      "vertices" : [ 10, 34, 12 ]
    }, {
      "vertices" : [ 10, 12, 54 ]
    }, {
      "vertices" : [ 2, 6, 5 ]
    }, {
      "vertices" : [ 2, 5, 49 ]
    }, {
      "vertices" : [ 2, 49, 53 ]
    }, {
      "vertices" : [ 36, 43, 37 ]
    }, {
      "vertices" : [ 5, 30, 33 ]
    }, {
      "vertices" : [ 5, 33, 49 ]
    }, {
      "vertices" : [ 1, 54, 12 ]
    }, {
      "vertices" : [ 1, 12, 11 ]
    }, {
      "vertices" : [ 1, 11, 39 ]
    }, {
      "vertices" : [ 28, 35, 57 ]
    }, {
      "vertices" : [ 21, 53, 52 ]
    } ]
  }, {
    "id" : "e829be77-9d71-4e58-bc5a-3ce6ca235a27",
    "vertices" : [ {
      "x" : 0.0,
      "y" : -10.208204,
      "z" : 6.309017
    }, {
      "x" : 0.0,
      "y" : -10.208204,
      "z" : -6.309017
    }, {
      "x" : 10.208204,
      "y" : -6.309017,
      "z" : 0.0
    } ],
    "faces" : [ {
      "vertices" : [ 0, 1, 2 ]
    }, {
      "vertices" : [ 0, 2, 1 ]
    } ]
  }, {
    "id" : "96d743aa-d92e-4caa-b3c3-bc5e7ea022b3",
    "vertices" : [ {
      "x" : 19.416409,
      "y" : 0.309017,
      "z" : 0.19098301
    }, {
      "x" : 19.416409,
      "y" : 0.309017,
      "z" : -0.19098301
    }, {
      "x" : 1.0,
      "y" : 0.309017,
      "z" : -0.19098301
    }, {
      "x" : 1.0,
      "y" : 0.309017,
      "z" : 0.19098301
    }, {
      "x" : 19.416409,
      "y" : -0.309017,
      "z" : 0.19098301
    }, {
      "x" : 1.0,
      "y" : -0.309017,
      "z" : 0.19098301
    }, {
      "x" : 1.0,
      "y" : -0.309017,
      "z" : -0.19098301
    }, {
      "x" : 19.416409,
      "y" : -0.309017,
      "z" : -0.19098301
    }, {
      "x" : 20.416409,
      "y" : 0.0,
      "z" : 0.0
    } ],
    "faces" : [ {
      "vertices" : [ 1, 7, 6 ]
    }, {
      "vertices" : [ 1, 6, 2 ]
    }, {
      "vertices" : [ 0, 1, 2 ]
    }, {
      "vertices" : [ 0, 2, 3 ]
    }, {
      "vertices" : [ 4, 5, 6 ]
    }, {
      "vertices" : [ 4, 6, 7 ]
    }, {
      "vertices" : [ 0, 3, 5 ]
    }, {
      "vertices" : [ 0, 5, 4 ]
    } ]
  }, {
    "id" : "c3012daa-3024-4d0c-80f4-f83dbb2eba8f",
    "vertices" : [ {
      "x" : 6.309017,
      "y" : 0.0,
      "z" : -10.208204
    }, {
      "x" : -6.309017,
      "y" : 0.0,
      "z" : -10.208204
    }, {
      "x" : 0.0,
      "y" : 10.208204,
      "z" : -6.309017
    } ],
    "faces" : [ {
      "vertices" : [ 0, 1, 2 ]
    }, {
      "vertices" : [ 0, 2, 1 ]
    } ]
  }, {
    "id" : "76f09b17-dcbc-4377-babb-3814e59e24c2",
    "vertices" : [ {
      "x" : 6.309017,
      "y" : 0.0,
      "z" : 10.208204
    }, {
      "x" : 0.0,
      "y" : -10.208204,
      "z" : 6.309017
    }, {
      "x" : 10.208204,
      "y" : -6.309017,
      "z" : 0.0
    } ],
    "faces" : [ {
      "vertices" : [ 0, 1, 2 ]
    }, {
      "vertices" : [ 0, 2, 1 ]
    } ]
  }, {
    "id" : "3b4ef390-87df-4eed-88ad-09c18af424ab",
    "vertices" : [ {
      "x" : 0.0,
      "y" : -10.208204,
      "z" : -6.309017
    }, {
      "x" : -6.309017,
      "y" : 0.0,
      "z" : -10.208204
    }, {
      "x" : 6.309017,
      "y" : 0.0,
      "z" : -10.208204
    } ],
    "faces" : [ {
      "vertices" : [ 0, 1, 2 ]
    }, {
      "vertices" : [ 0, 2, 1 ]
    } ]
  }, {
    "id" : "4f392273-f4ed-47ec-b4c3-752e8abf3a8f",
    "vertices" : [ {
      "x" : 10.208204,
      "y" : -6.309017,
      "z" : 0.0
    }, {
      "x" : 0.0,
      "y" : -10.208204,
      "z" : -6.309017
    }, {
      "x" : 6.309017,
      "y" : 0.0,
      "z" : -10.208204
    } ],
    "faces" : [ {
      "vertices" : [ 0, 1, 2 ]
    }, {
      "vertices" : [ 0, 2, 1 ]
    } ]
  }, {
    "id" : "c75e3686-5969-48f7-9e85-ee2021e57ab6",
    "vertices" : [ {
      "x" : -10.208204,
      "y" : 6.309017,
      "z" : 0.0
    }, {
      "x" : -10.208204,
      "y" : -6.309017,
      "z" : 0.0
    }, {
      "x" : -6.309017,
      "y" : 0.0,
      "z" : 10.208204
    } ],
    "faces" : [ {
      "vertices" : [ 0, 1, 2 ]
    }, {
      "vertices" : [ 0, 2, 1 ]
    } ]
  }, {
    "id" : "70625ff7-0d5e-43a9-9376-64789a81f909",
    "vertices" : [ {
      "x" : 0.0,
      "y" : -10.208204,
      "z" : 6.309017
    }, {
      "x" : -10.208204,
      "y" : -6.309017,
      "z" : 0.0
    }, {
      "x" : 0.0,
      "y" : -10.208204,
      "z" : -6.309017
    } ],
    "faces" : [ {
      "vertices" : [ 0, 1, 2 ]
    }, {
      "vertices" : [ 0, 2, 1 ]
    } ]
  }, {
    "id" : "b1606367-6b12-4127-a30f-f53f98a28eac",
    "vertices" : [ {
      "x" : 6.309017,
      "y" : 0.0,
      "z" : 10.208204
    }, {
      "x" : 10.208204,
      "y" : -6.309017,
      "z" : 0.0
    }, {
      "x" : 10.208204,
      "y" : 6.309017,
      "z" : 0.0
    } ],
    "faces" : [ {
      "vertices" : [ 0, 1, 2 ]
    }, {
      "vertices" : [ 0, 2, 1 ]
    } ]
  }, {
    "id" : "f51e0d95-8dba-487a-b0bc-d997f048eab1",
    "vertices" : [ {
      "x" : 10.208204,
      "y" : 6.309017,
      "z" : 0.0
    }, {
      "x" : 0.0,
      "y" : 10.208204,
      "z" : 6.309017
    }, {
      "x" : 6.309017,
      "y" : 0.0,
      "z" : 10.208204
    } ],
    "faces" : [ {
      "vertices" : [ 0, 1, 2 ]
    }, {
      "vertices" : [ 0, 2, 1 ]
    } ]
  }, {
    "id" : "f91a3456-ab2d-4b63-999b-cda6dd829ef6",
    "vertices" : [ {
      "x" : -6.309017,
      "y" : 0.0,
      "z" : 10.208204
    }, {
      "x" : -10.208204,
      "y" : -6.309017,
      "z" : 0.0
    }, {
      "x" : 0.0,
      "y" : -10.208204,
      "z" : 6.309017
    } ],
    "faces" : [ {
      "vertices" : [ 0, 1, 2 ]
    }, {
      "vertices" : [ 0, 2, 1 ]
    } ]
  } ],
  "instances" : [ {
    "shape" : "5a7313c1-ce4b-40b4-be8c-9c4429649d22",
    "color" : "#FFFFFF",
    "position" : {
      "x" : 5.0815597,
      "y" : 4.986068,
      "z" : 11.303696
    }
  }, {
    "shape" : "5a7313c1-ce4b-40b4-be8c-9c4429649d22",
    "color" : "#CCCC00",
    "position" : {
      "x" : 10.59017,
      "y" : 3.0,
      "z" : 3.427051
    }
  }, {
    "shape" : "5a7313c1-ce4b-40b4-be8c-9c4429649d22",
    "color" : "#CCCC00",
    "position" : {
      "x" : -3.927051,
      "y" : -7.7811527,
      "z" : 7.545085
    }
  }, {
    "shape" : "5a7313c1-ce4b-40b4-be8c-9c4429649d22",
    "color" : "#FFFFFF",
    "position" : {
      "x" : -0.809017,
      "y" : -10.208204,
      "z" : -3.0
    }
  }, {
    "shape" : "5a7313c1-ce4b-40b4-be8c-9c4429649d22",
    "color" : "#CCCC00",
    "position" : {
      "x" : 2.0,
      "y" : 5.045085,
      "z" : -9.972136
    }
  }, {
    "shape" : "5a7313c1-ce4b-40b4-be8c-9c4429649d22",
    "color" : "#CCCC00",
    "position" : {
      "x" : 7.7811527,
      "y" : -7.545085,
      "z" : -3.927051
    }
  }, {
    "shape" : "5a7313c1-ce4b-40b4-be8c-9c4429649d22",
    "color" : "#CCCC00",
    "position" : {
      "x" : 8.449594,
      "y" : 2.4635255,
      "z" : -7.222136
    }
  }, {
    "shape" : "5a7313c1-ce4b-40b4-be8c-9c4429649d22",
    "color" : "#CCCC00",
    "position" : {
      "x" : 8.163119,
      "y" : -4.927051,
      "z" : -6.163119
    }
  }, {
    "shape" : "5a7313c1-ce4b-40b4-be8c-9c4429649d22",
    "color" : "#CCCC00",
    "position" : {
      "x" : 7.7811527,
      "y" : 7.545085,
      "z" : 3.927051
    }
  }, {
    "shape" : "5a7313c1-ce4b-40b4-be8c-9c4429649d22",
    "color" : "#FFFFFF",
    "position" : {
      "x" : 4.0,
      "y" : -2.427051,
      "z" : 9.59017
    }
  }, {
    "shape" : "5a7313c1-ce4b-40b4-be8c-9c4429649d22",
    "color" : "#FFFFFF",
    "position" : {
      "x" : 7.7811527,
      "y" : -6.927051,
      "z" : -2.309017
    }
  }, {
    "shape" : "5a7313c1-ce4b-40b4-be8c-9c4429649d22",
    "color" : "#99FF66",
    "position" : {
      "x" : -4.045085,
      "y" : 12.208204,
      "z" : 3.0
    }
  }, {
    "shape" : "5a7313c1-ce4b-40b4-be8c-9c4429649d22",
    "color" : "#FFFFFF",
    "position" : {
      "x" : -6.163119,
      "y" : -7.545085,
      "z" : -3.309017
    }
  }, {
    "shape" : "5a7313c1-ce4b-40b4-be8c-9c4429649d22",
    "color" : "#FFFFFF",
    "position" : {
      "x" : -10.208204,
      "y" : 0.0,
      "z" : -16.517221
    }
  }, {
    "shape" : "5a7313c1-ce4b-40b4-be8c-9c4429649d22",
    "color" : "#FFFFFF",
    "position" : {
      "x" : -3.309017,
      "y" : -6.163119,
      "z" : 7.545085
    }
  }, {
    "shape" : "5a7313c1-ce4b-40b4-be8c-9c4429649d22",
    "color" : "#99FF66",
    "position" : {
      "x" : 5.545085,
      "y" : 9.781153,
      "z" : 6.927051
    }
  }, {
    "shape" : "5a7313c1-ce4b-40b4-be8c-9c4429649d22",
    "color" : "#CCCC00",
    "position" : {
      "x" : -3.427051,
      "y" : -10.59017,
      "z" : -3.0
    }
  }, {
    "shape" : "5a7313c1-ce4b-40b4-be8c-9c4429649d22",
    "color" : "#FFFFFF",
    "position" : {
      "x" : 5.309017,
      "y" : 2.927051,
      "z" : -8.781153
    }
  }, {
    "shape" : "5a7313c1-ce4b-40b4-be8c-9c4429649d22",
    "color" : "#FFFFFF",
    "position" : {
      "x" : 4.0,
      "y" : -2.427051,
      "z" : -9.59017
    }
  }, {
    "shape" : "5a7313c1-ce4b-40b4-be8c-9c4429649d22",
    "color" : "#CCCC00",
    "position" : {
      "x" : 4.4635253,
      "y" : -3.986068,
      "z" : -9.685661
    }
  }, {
    "shape" : "5a7313c1-ce4b-40b4-be8c-9c4429649d22",
    "color" : "#CCCC00",
    "position" : {
      "x" : -4.927051,
      "y" : -6.163119,
      "z" : -8.163119
    }
  }, {
    "shape" : "5a7313c1-ce4b-40b4-be8c-9c4429649d22",
    "color" : "#FFFFFF",
    "position" : {
      "x" : -2.427051,
      "y" : -9.59017,
      "z" : -2.0
    }
  }, {
    "shape" : "5a7313c1-ce4b-40b4-be8c-9c4429649d22",
    "color" : "#FFFFFF",
    "position" : {
      "x" : 6.163119,
      "y" : -7.545085,
      "z" : 3.309017
    }
  }, {
    "shape" : "5a7313c1-ce4b-40b4-be8c-9c4429649d22",
    "color" : "#FFFFFF",
    "position" : {
      "x" : -4.545085,
      "y" : -8.163119,
      "z" : -4.309017
    }
  }, {
    "shape" : "e829be77-9d71-4e58-bc5a-3ce6ca235a27",
    "color" : "#F7CF7F",
    "position" : {
      "x" : 0.0,
      "y" : 0.0,
      "z" : 0.0
    }
  }, {
    "shape" : "5a7313c1-ce4b-40b4-be8c-9c4429649d22",
    "color" : "#99FF66",
    "position" : {
      "x" : 10.972136,
      "y" : 1.0,
      "z" : 7.2811527
    }
  }, {
    "shape" : "5a7313c1-ce4b-40b4-be8c-9c4429649d22",
    "color" : "#FFFFFF",
    "position" : {
      "x" : -2.0,
      "y" : 5.663119,
      "z" : -8.354102
    }
  }, {
    "shape" : "5a7313c1-ce4b-40b4-be8c-9c4429649d22",
    "color" : "#CCCC00",
    "position" : {
      "x" : 8.781153,
      "y" : 5.927051,
      "z" : -4.545085
    }
  }, {
    "shape" : "5a7313c1-ce4b-40b4-be8c-9c4429649d22",
    "color" : "#99FF66",
    "position" : {
      "x" : 8.222136,
      "y" : -10.067628,
      "z" : -3.0815594
    }
  }, {
    "shape" : "5a7313c1-ce4b-40b4-be8c-9c4429649d22",
    "color" : "#99FF66",
    "position" : {
      "x" : -2.3333333,
      "y" : -4.045085,
      "z" : 12.208204
    }
  }, {
    "shape" : "5a7313c1-ce4b-40b4-be8c-9c4429649d22",
    "color" : "#FFFFFF",
    "position" : {
      "x" : 2.927051,
      "y" : 8.781153,
      "z" : -5.309017
    }
  }, {
    "shape" : "5a7313c1-ce4b-40b4-be8c-9c4429649d22",
    "color" : "#99FF66",
    "position" : {
      "x" : -9.241808,
      "y" : 7.1330624,
      "z" : 5.8784184
    }
  }, {
    "shape" : "5a7313c1-ce4b-40b4-be8c-9c4429649d22",
    "color" : "#FFFFFF",
    "position" : {
      "x" : -5.927051,
      "y" : -3.927051,
      "z" : -7.163119
    }
  }, {
    "shape" : "5a7313c1-ce4b-40b4-be8c-9c4429649d22",
    "color" : "#99FF66",
    "position" : {
      "x" : 2.3333333,
      "y" : 2.1573787,
      "z" : -12.747549
    }
  }, {
    "shape" : "5a7313c1-ce4b-40b4-be8c-9c4429649d22",
    "color" : "#FFFFFF",
    "position" : {
      "x" : -5.545085,
      "y" : 6.545085,
      "z" : -4.927051
    }
  }, {
    "shape" : "5a7313c1-ce4b-40b4-be8c-9c4429649d22",
    "color" : "#FFFFFF",
    "position" : {
      "x" : 0.809017,
      "y" : -10.208204,
      "z" : -3.0
    }
  }, {
    "shape" : "5a7313c1-ce4b-40b4-be8c-9c4429649d22",
    "color" : "#FFFFFF",
    "position" : {
      "x" : -4.045085,
      "y" : -8.972136,
      "z" : -3.0
    }
  }, {
    "shape" : "5a7313c1-ce4b-40b4-be8c-9c4429649d22",
    "color" : "#CCCC00",
    "position" : {
      "x" : 3.0,
      "y" : 3.427051,
      "z" : 10.59017
    }
  }, {
    "shape" : "5a7313c1-ce4b-40b4-be8c-9c4429649d22",
    "color" : "#99FF66",
    "position" : {
      "x" : -5.927051,
      "y" : -7.163119,
      "z" : 9.163119
    }
  }, {
    "shape" : "5a7313c1-ce4b-40b4-be8c-9c4429649d22",
    "color" : "#FFFFFF",
    "position" : {
      "x" : -16.517221,
      "y" : 10.208204,
      "z" : 0.0
    }
  }, {
    "shape" : "5a7313c1-ce4b-40b4-be8c-9c4429649d22",
    "color" : "#CCCC00",
    "position" : {
      "x" : -4.545085,
      "y" : 8.781153,
      "z" : -5.927051
    }
  }, {
    "shape" : "5a7313c1-ce4b-40b4-be8c-9c4429649d22",
    "color" : "#CCCC00",
    "position" : {
      "x" : -8.781153,
      "y" : 5.927051,
      "z" : -4.545085
    }
  }, {
    "shape" : "5a7313c1-ce4b-40b4-be8c-9c4429649d22",
    "color" : "#FFFFFF",
    "position" : {
      "x" : 4.045085,
      "y" : -8.972136,
      "z" : -1.0
    }
  }, {
    "shape" : "5a7313c1-ce4b-40b4-be8c-9c4429649d22",
    "color" : "#CCCC00",
    "position" : {
      "x" : 3.927051,
      "y" : -7.7811527,
      "z" : -7.545085
    }
  }, {
    "shape" : "5a7313c1-ce4b-40b4-be8c-9c4429649d22",
    "color" : "#CCCC00",
    "position" : {
      "x" : 8.449594,
      "y" : -2.4635255,
      "z" : 7.222136
    }
  }, {
    "shape" : "5a7313c1-ce4b-40b4-be8c-9c4429649d22",
    "color" : "#FFFFFF",
    "position" : {
      "x" : 7.545085,
      "y" : -3.309017,
      "z" : 6.163119
    }
  }, {
    "shape" : "5a7313c1-ce4b-40b4-be8c-9c4429649d22",
    "color" : "#FFFFFF",
    "position" : {
      "x" : -9.59017,
      "y" : 2.0,
      "z" : 2.427051
    }
  }, {
    "shape" : "5a7313c1-ce4b-40b4-be8c-9c4429649d22",
    "color" : "#FFFFFF",
    "position" : {
      "x" : -8.781153,
      "y" : 5.309017,
      "z" : 2.927051
    }
  }, {
    "shape" : "5a7313c1-ce4b-40b4-be8c-9c4429649d22",
    "color" : "#FFFFFF",
    "position" : {
      "x" : -5.0815597,
      "y" : -4.986068,
      "z" : -11.303696
    }
  }, {
    "shape" : "5a7313c1-ce4b-40b4-be8c-9c4429649d22",
    "color" : "#FFFFFF",
    "position" : {
      "x" : -6.927051,
      "y" : -2.309017,
      "z" : 7.7811527
    }
  }, {
    "shape" : "5a7313c1-ce4b-40b4-be8c-9c4429649d22",
    "color" : "#99FF66",
    "position" : {
      "x" : -5.927051,
      "y" : 7.163119,
      "z" : -9.163119
    }
  }, {
    "shape" : "5a7313c1-ce4b-40b4-be8c-9c4429649d22",
    "color" : "#FFFFFF",
    "position" : {
      "x" : -2.927051,
      "y" : -8.781153,
      "z" : 5.309017
    }
  }, {
    "shape" : "5a7313c1-ce4b-40b4-be8c-9c4429649d22",
    "color" : "#99FF66",
    "position" : {
      "x" : -2.0,
      "y" : 0.0,
      "z" : -13.208204
    }
  }, {
    "shape" : "5a7313c1-ce4b-40b4-be8c-9c4429649d22",
    "color" : "#99FF66",
    "position" : {
      "x" : 4.986068,
      "y" : -11.303696,
      "z" : -5.0815597
    }
  }, {
    "shape" : "5a7313c1-ce4b-40b4-be8c-9c4429649d22",
    "color" : "#CCCC00",
    "position" : {
      "x" : 11.208204,
      "y" : 0.0,
      "z" : -1.809017
    }
  }, {
    "shape" : "5a7313c1-ce4b-40b4-be8c-9c4429649d22",
    "color" : "#CCCC00",
    "position" : {
      "x" : 1.0,
      "y" : -6.663119,
      "z" : -9.354102
    }
  }, {
    "shape" : "5a7313c1-ce4b-40b4-be8c-9c4429649d22",
    "color" : "#CCCC00",
    "position" : {
      "x" : -2.0,
      "y" : -1.809017,
      "z" : 11.208204
    }
  }, {
    "shape" : "5a7313c1-ce4b-40b4-be8c-9c4429649d22",
    "color" : "#CCCC00",
    "position" : {
      "x" : -3.986068,
      "y" : 9.685661,
      "z" : -4.4635253
    }
  }, {
    "shape" : "5a7313c1-ce4b-40b4-be8c-9c4429649d22",
    "color" : "#99FF66",
    "position" : {
      "x" : 2.0,
      "y" : 5.663119,
      "z" : 11.59017
    }
  }, {
    "shape" : "5a7313c1-ce4b-40b4-be8c-9c4429649d22",
    "color" : "#FFFFFF",
    "position" : {
      "x" : -4.309017,
      "y" : -4.545085,
      "z" : -8.163119
    }
  }, {
    "shape" : "5a7313c1-ce4b-40b4-be8c-9c4429649d22",
    "color" : "#FFFFFF",
    "position" : {
      "x" : -8.354102,
      "y" : 2.0,
      "z" : -5.663119
    }
  }, {
    "shape" : "5a7313c1-ce4b-40b4-be8c-9c4429649d22",
    "color" : "#CCCC00",
    "position" : {
      "x" : 7.222136,
      "y" : -8.449594,
      "z" : 2.4635255
    }
  }, {
    "shape" : "5a7313c1-ce4b-40b4-be8c-9c4429649d22",
    "color" : "#FFFFFF",
    "position" : {
      "x" : -5.663119,
      "y" : 8.354102,
      "z" : 2.0
    }
  }, {
    "shape" : "5a7313c1-ce4b-40b4-be8c-9c4429649d22",
    "color" : "#99FF66",
    "position" : {
      "x" : -12.826238,
      "y" : 0.0,
      "z" : -2.427051
    }
  }, {
    "shape" : "5a7313c1-ce4b-40b4-be8c-9c4429649d22",
    "color" : "#FFFFFF",
    "position" : {
      "x" : -5.663119,
      "y" : -8.354102,
      "z" : -2.0
    }
  }, {
    "shape" : "5a7313c1-ce4b-40b4-be8c-9c4429649d22",
    "color" : "#CCCC00",
    "position" : {
      "x" : 9.354102,
      "y" : 1.0,
      "z" : -6.663119
    }
  }, {
    "shape" : "5a7313c1-ce4b-40b4-be8c-9c4429649d22",
    "color" : "#99FF66",
    "position" : {
      "x" : -3.8194013,
      "y" : -12.112713,
      "z" : 3.36052
    }
  }, {
    "shape" : "5a7313c1-ce4b-40b4-be8c-9c4429649d22",
    "color" : "#FFFFFF",
    "position" : {
      "x" : 0.809017,
      "y" : 10.208204,
      "z" : 1.0
    }
  }, {
    "shape" : "5a7313c1-ce4b-40b4-be8c-9c4429649d22",
    "color" : "#99FF66",
    "position" : {
      "x" : -10.067628,
      "y" : -3.0815594,
      "z" : 8.222136
    }
  }, {
    "shape" : "5a7313c1-ce4b-40b4-be8c-9c4429649d22",
    "color" : "#FFFFFF",
    "position" : {
      "x" : 0.0,
      "y" : 16.517221,
      "z" : -10.208204
    }
  }, {
    "shape" : "5a7313c1-ce4b-40b4-be8c-9c4429649d22",
    "color" : "#FFFFFF",
    "position" : {
      "x" : -8.972136,
      "y" : -1.0,
      "z" : 4.045085
    }
  }, {
    "shape" : "5a7313c1-ce4b-40b4-be8c-9c4429649d22",
    "color" : "#FFFFFF",
    "position" : {
      "x" : 7.2811527,
      "y" : 7.736068,
      "z" : -1.0
    }
  }, {
    "shape" : "5a7313c1-ce4b-40b4-be8c-9c4429649d22",
    "color" : "#99FF66",
    "position" : {
      "x" : -12.826238,
      "y" : 0.0,
      "z" : 2.427051
    }
  }, {
    "shape" : "5a7313c1-ce4b-40b4-be8c-9c4429649d22",
    "color" : "#CCCC00",
    "position" : {
      "x" : -8.781153,
      "y" : -5.927051,
      "z" : -4.545085
    }
  }, {
    "shape" : "5a7313c1-ce4b-40b4-be8c-9c4429649d22",
    "color" : "#99FF66",
    "position" : {
      "x" : 10.067628,
      "y" : -3.0815594,
      "z" : 8.222136
    }
  }, {
    "shape" : "5a7313c1-ce4b-40b4-be8c-9c4429649d22",
    "color" : "#FFFFFF",
    "position" : {
      "x" : 7.163119,
      "y" : -5.927051,
      "z" : -3.927051
    }
  }, {
    "shape" : "5a7313c1-ce4b-40b4-be8c-9c4429649d22",
    "color" : "#99FF66",
    "position" : {
      "x" : 9.781153,
      "y" : 6.927051,
      "z" : -5.545085
    }
  }, {
    "shape" : "5a7313c1-ce4b-40b4-be8c-9c4429649d22",
    "color" : "#99FF66",
    "position" : {
      "x" : 5.663119,
      "y" : 11.59017,
      "z" : 2.0
    }
  }, {
    "shape" : "5a7313c1-ce4b-40b4-be8c-9c4429649d22",
    "color" : "#FFFFFF",
    "position" : {
      "x" : 9.59017,
      "y" : 4.0,
      "z" : 2.427051
    }
  }, {
    "shape" : "5a7313c1-ce4b-40b4-be8c-9c4429649d22",
    "color" : "#CCCC00",
    "position" : {
      "x" : -7.7811527,
      "y" : -7.545085,
      "z" : -3.927051
    }
  }, {
    "shape" : "5a7313c1-ce4b-40b4-be8c-9c4429649d22",
    "color" : "#FFFFFF",
    "position" : {
      "x" : 10.208204,
      "y" : -1.0,
      "z" : 0.809017
    }
  }, {
    "shape" : "5a7313c1-ce4b-40b4-be8c-9c4429649d22",
    "color" : "#CCCC00",
    "position" : {
      "x" : -9.685661,
      "y" : -4.4635253,
      "z" : 3.986068
    }
  }, {
    "shape" : "5a7313c1-ce4b-40b4-be8c-9c4429649d22",
    "color" : "#FFFFFF",
    "position" : {
      "x" : 3.0815594,
      "y" : 8.222136,
      "z" : 10.067628
    }
  }, {
    "shape" : "5a7313c1-ce4b-40b4-be8c-9c4429649d22",
    "color" : "#FFFFFF",
    "position" : {
      "x" : 13.208204,
      "y" : 2.0,
      "z" : 0.0
    }
  }, {
    "shape" : "5a7313c1-ce4b-40b4-be8c-9c4429649d22",
    "color" : "#FFFFFF",
    "position" : {
      "x" : 3.0815594,
      "y" : 8.222136,
      "z" : -10.067628
    }
  }, {
    "shape" : "5a7313c1-ce4b-40b4-be8c-9c4429649d22",
    "color" : "#CCCC00",
    "position" : {
      "x" : 7.545085,
      "y" : -3.927051,
      "z" : -7.7811527
    }
  }, {
    "shape" : "96d743aa-d92e-4caa-b3c3-bc5e7ea022b3",
    "color" : "#007695",
    "position" : {
      "x" : 0.0,
      "y" : -16.517221,
      "z" : -10.208204
    },
    "orientation" : 54
  }, {
    "shape" : "5a7313c1-ce4b-40b4-be8c-9c4429649d22",
    "color" : "#FFFFFF",
    "position" : {
      "x" : -6.927051,
      "y" : 2.309017,
      "z" : 7.7811527
    }
  }, {
    "shape" : "5a7313c1-ce4b-40b4-be8c-9c4429649d22",
    "color" : "#FFFFFF",
    "position" : {
      "x" : 7.2811527,
      "y" : -7.736068,
      "z" : 1.0
    }
  }, {
    "shape" : "5a7313c1-ce4b-40b4-be8c-9c4429649d22",
    "color" : "#FFFFFF",
    "position" : {
      "x" : 6.163119,
      "y" : 7.545085,
      "z" : -3.309017
    }
  }, {
    "shape" : "5a7313c1-ce4b-40b4-be8c-9c4429649d22",
    "color" : "#99FF66",
    "position" : {
      "x" : -4.045085,
      "y" : -12.208204,
      "z" : -2.3333333
    }
  }, {
    "shape" : "c3012daa-3024-4d0c-80f4-f83dbb2eba8f",
    "color" : "#F7CF7F",
    "position" : {
