{
  "field" : "golden",
  "symmetry" : "icosahedral",
  "orientations" : [ [ 1.0, 0.0, 0.0, 0.0, 0.0, 1.0, 0.0, 0.0, 0.0, 0.0, 1.0, 0.0, 0.0, 0.0, 0.0, 1.0 ], [ 0.0, 0.0, 1.0, 0.0, 1.0, 0.0, 0.0, 0.0, 0.0, 1.0, 0.0, 0.0, 0.0, 0.0, 0.0, 1.0 ], [ 0.0, 1.0, 0.0, 0.0, 0.0, 0.0, 1.0, 0.0, 1.0, 0.0, 0.0, 0.0, 0.0, 0.0, 0.0, 1.0 ], [ 0.809017, 0.309017, 0.5, 0.0, 0.309017, 0.5, -0.809017, 0.0, -0.5, 0.809017, 0.309017, 0.0, 0.0, 0.0, 0.0, 1.0 ], [ -0.5, 0.809017, 0.309017, 0.0, 0.809017, 0.309017, 0.5, 0.0, 0.309017, 0.5, -0.809017, 0.0, 0.0, 0.0, 0.0, 1.0 ], [ 0.309017, 0.5, -0.809017, 0.0, -0.5, 0.809017, 0.309017, 0.0, 0.809017, 0.309017, 0.5, 0.0, 0.0, 0.0, 0.0, 1.0 ], [ 0.5, 0.809017, 0.309017, 0.0, 0.809017, -0.309017, -0.5, 0.0, -0.309017, 0.5, -0.809017, 0.0, 0.0, 0.0, 0.0, 1.0 ], [ -0.309017, 0.5, -0.809017, 0.0, 0.5, 0.809017, 0.309017, 0.0, 0.809017, -0.309017, -0.5, 0.0, 0.0, 0.0, 0.0, 1.0 ], [ 0.809017, -0.309017, -0.5, 0.0, -0.309017, 0.5, -0.809017, 0.0, 0.5, 0.809017, 0.309017, 0.0, 0.0, 0.0, 0.0, 1.0 ], [ 0.5, 0.809017, -0.309017, 0.0, 0.809017, -0.309017, 0.5, 0.0, 0.309017, -0.5, -0.809017, 0.0, 0.0, 0.0, 0.0, 1.0 ], [ 0.309017, -0.5, -0.809017, 0.0, 0.5, 0.809017, -0.309017, 0.0, 0.809017, -0.309017, 0.5, 0.0, 0.0, 0.0, 0.0, 1.0 ], [ 0.809017, -0.309017, 0.5, 0.0, 0.309017, -0.5, -0.809017, 0.0, 0.5, 0.809017, -0.309017, 0.0, 0.0, 0.0, 0.0, 1.0 ], [ 0.809017, 0.309017, -0.5, 0.0, 0.309017, 0.5, 0.809017, 0.0, 0.5, -0.809017, 0.309017, 0.0, 0.0, 0.0, 0.0, 1.0 ], [ 0.5, -0.809017, 0.309017, 0.0, 0.809017, 0.309017, -0.5, 0.0, 0.309017, 0.5, 0.809017, 0.0, 0.0, 0.0, 0.0, 1.0 ], [ 0.309017, 0.5, 0.809017, 0.0, 0.5, -0.809017, 0.309017, 0.0, 0.809017, 0.309017, -0.5, 0.0, 0.0, 0.0, 0.0, 1.0 ], [ 1.0, 0.0, 0.0, 0.0, 0.0, -1.0, 0.0, 0.0, 0.0, 0.0, -1.0, 0.0, 0.0, 0.0, 0.0, 1.0 ], [ 0.0, 0.0, 1.0, 0.0, -1.0, 0.0, 0.0, 0.0, 0.0, -1.0, 0.0, 0.0, 0.0, 0.0, 0.0, 1.0 ], [ 0.0, 1.0, 0.0, 0.0, 0.0, 0.0, -1.0, 0.0, -1.0, 0.0, 0.0, 0.0, 0.0, 0.0, 0.0, 1.0 ], [ 0.809017, 0.309017, 0.5, 0.0, -0.309017, -0.5, 0.809017, 0.0, 0.5, -0.809017, -0.309017, 0.0, 0.0, 0.0, 0.0, 1.0 ], [ -0.5, 0.809017, 0.309017, 0.0, -0.809017, -0.309017, -0.5, 0.0, -0.309017, -0.5, 0.809017, 0.0, 0.0, 0.0, 0.0, 1.0 ], [ 0.309017, 0.5, -0.809017, 0.0, 0.5, -0.809017, -0.309017, 0.0, -0.809017, -0.309017, -0.5, 0.0, 0.0, 0.0, 0.0, 1.0 ], [ 0.5, 0.809017, 0.309017, 0.0, -0.809017, 0.309017, 0.5, 0.0, 0.309017, -0.5, 0.809017, 0.0, 0.0, 0.0, 0.0, 1.0 ], [ -0.309017, 0.5, -0.809017, 0.0, -0.5, -0.809017, -0.309017, 0.0, -0.809017, 0.309017, 0.5, 0.0, 0.0, 0.0, 0.0, 1.0 ], [ 0.809017, -0.309017, -0.5, 0.0, 0.309017, -0.5, 0.809017, 0.0, -0.5, -0.809017, -0.309017, 0.0, 0.0, 0.0, 0.0, 1.0 ], [ 0.5, 0.809017, -0.309017, 0.0, -0.809017, 0.309017, -0.5, 0.0, -0.309017, 0.5, 0.809017, 0.0, 0.0, 0.0, 0.0, 1.0 ], [ 0.309017, -0.5, -0.809017, 0.0, -0.5, -0.809017, 0.309017, 0.0, -0.809017, 0.309017, -0.5, 0.0, 0.0, 0.0, 0.0, 1.0 ], [ 0.809017, -0.309017, 0.5, 0.0, -0.309017, 0.5, 0.809017, 0.0, -0.5, -0.809017, 0.309017, 0.0, 0.0, 0.0, 0.0, 1.0 ], [ 0.809017, 0.309017, -0.5, 0.0, -0.309017, -0.5, -0.809017, 0.0, -0.5, 0.809017, -0.309017, 0.0, 0.0, 0.0, 0.0, 1.0 ], [ 0.5, -0.809017, 0.309017, 0.0, -0.809017, -0.309017, 0.5, 0.0, -0.309017, -0.5, -0.809017, 0.0, 0.0, 0.0, 0.0, 1.0 ], [ 0.309017, 0.5, 0.809017, 0.0, -0.5, 0.809017, -0.309017, 0.0, -0.809017, -0.309017, 0.5, 0.0, 0.0, 0.0, 0.0, 1.0 ], [ -1.0, 0.0, 0.0, 0.0, 0.0, -1.0, 0.0, 0.0, 0.0, 0.0, 1.0, 0.0, 0.0, 0.0, 0.0, 1.0 ], [ 0.0, 0.0, -1.0, 0.0, -1.0, 0.0, 0.0, 0.0, 0.0, 1.0, 0.0, 0.0, 0.0, 0.0, 0.0, 1.0 ], [ 0.0, -1.0, 0.0, 0.0, 0.0, 0.0, -1.0, 0.0, 1.0, 0.0, 0.0, 0.0, 0.0, 0.0, 0.0, 1.0 ], [ -0.809017, -0.309017, -0.5, 0.0, -0.309017, -0.5, 0.809017, 0.0, -0.5, 0.809017, 0.309017, 0.0, 0.0, 0.0, 0.0, 1.0 ], [ 0.5, -0.809017, -0.309017, 0.0, -0.809017, -0.309017, -0.5, 0.0, 0.309017, 0.5, -0.809017, 0.0, 0.0, 0.0, 0.0, 1.0 ], [ -0.309017, -0.5, 0.809017, 0.0, 0.5, -0.809017, -0.309017, 0.0, 0.809017, 0.309017, 0.5, 0.0, 0.0, 0.0, 0.0, 1.0 ], [ -0.5, -0.809017, -0.309017, 0.0, -0.809017, 0.309017, 0.5, 0.0, -0.309017, 0.5, -0.809017, 0.0, 0.0, 0.0, 0.0, 1.0 ], [ 0.309017, -0.5, 0.809017, 0.0, -0.5, -0.809017, -0.309017, 0.0, 0.809017, -0.309017, -0.5, 0.0, 0.0, 0.0, 0.0, 1.0 ], [ -0.809017, 0.309017, 0.5, 0.0, 0.309017, -0.5, 0.809017, 0.0, 0.5, 0.809017, 0.309017, 0.0, 0.0, 0.0, 0.0, 1.0 ], [ -0.5, -0.809017, 0.309017, 0.0, -0.809017, 0.309017, -0.5, 0.0, 0.309017, -0.5, -0.809017, 0.0, 0.0, 0.0, 0.0, 1.0 ], [ -0.309017, 0.5, 0.809017, 0.0, -0.5, -0.809017, 0.309017, 0.0, 0.809017, -0.309017, 0.5, 0.0, 0.0, 0.0, 0.0, 1.0 ], [ -0.809017, 0.309017, -0.5, 0.0, -0.309017, 0.5, 0.809017, 0.0, 0.5, 0.809017, -0.309017, 0.0, 0.0, 0.0, 0.0, 1.0 ], [ -0.809017, -0.309017, 0.5, 0.0, -0.309017, -0.5, -0.809017, 0.0, 0.5, -0.809017, 0.309017, 0.0, 0.0, 0.0, 0.0, 1.0 ], [ -0.5, 0.809017, -0.309017, 0.0, -0.809017, -0.309017, 0.5, 0.0, 0.309017, 0.5, 0.809017, 0.0, 0.0, 0.0, 0.0, 1.0 ], [ -0.309017, -0.5, -0.809017, 0.0, -0.5, 0.809017, -0.309017, 0.0, 0.809017, 0.309017, -0.5, 0.0, 0.0, 0.0, 0.0, 1.0 ], [ -1.0, 0.0, 0.0, 0.0, 0.0, 1.0, 0.0, 0.0, 0.0, 0.0, -1.0, 0.0, 0.0, 0.0, 0.0, 1.0 ], [ 0.0, 0.0, -1.0, 0.0, 1.0, 0.0, 0.0, 0.0, 0.0, -1.0, 0.0, 0.0, 0.0, 0.0, 0.0, 1.0 ], [ 0.0, -1.0, 0.0, 0.0, 0.0, 0.0, 1.0, 0.0, -1.0, 0.0, 0.0, 0.0, 0.0, 0.0, 0.0, 1.0 ], [ -0.809017, -0.309017, -0.5, 0.0, 0.309017, 0.5, -0.809017, 0.0, 0.5, -0.809017, -0.309017, 0.0, 0.0, 0.0, 0.0, 1.0 ], [ 0.5, -0.809017, -0.309017, 0.0, 0.809017, 0.309017, 0.5, 0.0, -0.309017, -0.5, 0.809017, 0.0, 0.0, 0.0, 0.0, 1.0 ], [ -0.309017, -0.5, 0.809017, 0.0, -0.5, 0.809017, 0.309017, 0.0, -0.809017, -0.309017, -0.5, 0.0, 0.0, 0.0, 0.0, 1.0 ], [ -0.5, -0.809017, -0.309017, 0.0, 0.809017, -0.309017, -0.5, 0.0, 0.309017, -0.5, 0.809017, 0.0, 0.0, 0.0, 0.0, 1.0 ], [ 0.309017, -0.5, 0.809017, 0.0, 0.5, 0.809017, 0.309017, 0.0, -0.809017, 0.309017, 0.5, 0.0, 0.0, 0.0, 0.0, 1.0 ], [ -0.809017, 0.309017, 0.5, 0.0, -0.309017, 0.5, -0.809017, 0.0, -0.5, -0.809017, -0.309017, 0.0, 0.0, 0.0, 0.0, 1.0 ], [ -0.5, -0.809017, 0.309017, 0.0, 0.809017, -0.309017, 0.5, 0.0, -0.309017, 0.5, 0.809017, 0.0, 0.0, 0.0, 0.0, 1.0 ], [ -0.309017, 0.5, 0.809017, 0.0, 0.5, 0.809017, -0.309017, 0.0, -0.809017, 0.309017, -0.5, 0.0, 0.0, 0.0, 0.0, 1.0 ], [ -0.809017, 0.309017, -0.5, 0.0, 0.309017, -0.5, -0.809017, 0.0, -0.5, -0.809017, 0.309017, 0.0, 0.0, 0.0, 0.0, 1.0 ], [ -0.809017, -0.309017, 0.5, 0.0, 0.309017, 0.5, 0.809017, 0.0, -0.5, 0.809017, -0.309017, 0.0, 0.0, 0.0, 0.0, 1.0 ], [ -0.5, 0.809017, -0.309017, 0.0, 0.809017, 0.309017, -0.5, 0.0, -0.309017, -0.5, -0.809017, 0.0, 0.0, 0.0, 0.0, 1.0 ], [ -0.309017, -0.5, -0.809017, 0.0, 0.5, -0.809017, 0.309017, 0.0, -0.809017, -0.309017, 0.5, 0.0, 0.0, 0.0, 0.0, 1.0 ] ],
  "lights" : {
    "backgroundColor" : "#AFC8DC",
    "ambientColor" : "#292929",
    "directionalLights" : [ {
      "direction" : {
        "x" : 1.0,
        "y" : -1.0,
        "z" : -1.0
      },
      "color" : "#EBEBE4"
    }, {
      "direction" : {
        "x" : -1.0,
        "y" : 0.0,
        "z" : 0.0
      },
      "color" : "#E4E4EB"
    }, {
      "direction" : {
        "x" : 0.0,
        "y" : 0.0,
        "z" : -1.0
      },
      "color" : "#1E1E1E"
    } ]
  },
  "camera" : {
    "width" : 55.167377,
    "position" : {
      "x" : 118.07656,
      "y" : 32.96624,
      "z" : -0.64779365
    },
    "nearClipDistance" : 0.3064854,
    "lookAtPoint" : {
      "x" : 0.0,
      "y" : 0.0,
      "z" : 0.0
    },
    "perspective" : true,
    "farClipDistance" : 245.18834,
    "fieldOfView" : 0.4426289,
    "viewDistance" : 122.59417,
    "upDirection" : {
      "x" : 0.268912,
      "y" : -0.9631622,
      "z" : 5.196488E-4
    },
    "stereo" : false,
    "lookDirection" : {
      "x" : -0.9631499,
      "y" : -0.26890543,
      "z" : 0.0052840495
    }
  },
  "embedding" : [ 1.0, 0.0, 0.0, 0.0, 0.0, 1.0, 0.0, 0.0, 0.0, 0.0, 1.0, 0.0, 0.0, 0.0, 0.0, 1.0 ],
  "shapes" : [ {
    "id" : "2ed12702-707d-4dbc-9c55-9f9d40d044a8",
    "vertices" : [ {
      "x" : -6.092197,
      "y" : -5.82553,
      "z" : -3.9355927
    }, {
      "x" : -6.192197,
      "y" : -5.92553,
      "z" : -3.5355928
    }, {
      "x" : -0.36520317,
      "y" : -0.63186985,
      "z" : -0.13918728
    }, {
      "x" : -0.26520318,
      "y" : -0.5318698,
      "z" : -0.53918725
    }, {
      "x" : -5.9588633,
      "y" : -6.22553,
      "z" : -3.668926
    }, {
      "x" : -5.8588634,
      "y" : -6.1255302,
      "z" : -4.068926
    }, {
      "x" : -0.49853653,
      "y" : -0.23186985,
      "z" : -0.40585396
    }, {
      "x" : -0.5985365,
      "y" : -0.33186984,
      "z" : -0.0058539473
    } ],
    "faces" : [ {
      "vertices" : [ 2, 3, 6 ]
    }, {
      "vertices" : [ 2, 6, 7 ]
    }, {
      "vertices" : [ 0, 5, 4 ]
    }, {
      "vertices" : [ 0, 4, 1 ]
    }, {
      "vertices" : [ 2, 4, 5 ]
    }, {
      "vertices" : [ 2, 5, 3 ]
    }, {
      "vertices" : [ 0, 6, 3 ]
    }, {
      "vertices" : [ 0, 3, 5 ]
    }, {
      "vertices" : [ 0, 1, 7 ]
    }, {
      "vertices" : [ 0, 7, 6 ]
    }, {
      "vertices" : [ 1, 4, 2 ]
    }, {
      "vertices" : [ 1, 2, 7 ]
    } ]
  }, {
    "id" : "d86ca486-2fe9-4265-bf91-1172fa5962ac",
    "vertices" : [ {
      "x" : -0.26666668,
      "y" : -1.2491201,
      "z" : 9.324844
    }, {
      "x" : 0.13333334,
      "y" : -1.1491201,
      "z" : 9.224845
    }, {
      "x" : 0.26666668,
      "y" : -0.2082799,
      "z" : 0.5683654
    }, {
      "x" : -0.13333334,
      "y" : -0.3082799,
      "z" : 0.6683654
    }, {
      "x" : 0.26666668,
      "y" : -1.4491202,
      "z" : 8.991511
    }, {
      "x" : -0.13333334,
      "y" : -1.5491201,
      "z" : 9.091512
    }, {
      "x" : -0.26666668,
      "y" : -0.008279894,
      "z" : 0.9016987
    }, {
      "x" : 0.13333334,
      "y" : 0.091720104,
      "z" : 0.80169874
    } ],
    "faces" : [ {
      "vertices" : [ 2, 3, 6 ]
    }, {
      "vertices" : [ 2, 6, 7 ]
    }, {
      "vertices" : [ 0, 5, 4 ]
    }, {
      "vertices" : [ 0, 4, 1 ]
    }, {
      "vertices" : [ 2, 4, 5 ]
    }, {
      "vertices" : [ 2, 5, 3 ]
    }, {
      "vertices" : [ 0, 6, 3 ]
    }, {
      "vertices" : [ 0, 3, 5 ]
    }, {
      "vertices" : [ 0, 1, 7 ]
    }, {
      "vertices" : [ 0, 7, 6 ]
    }, {
      "vertices" : [ 1, 4, 2 ]
    }, {
      "vertices" : [ 1, 2, 7 ]
    } ]
  }, {
    "id" : "853ce511-3a58-466b-89fb-d13d5fe3613e",
    "vertices" : [ {
      "x" : -4.531745,
      "y" : -6.097053,
      "z" : -13.5715
    }, {
      "x" : -4.931745,
      "y" : -5.9970527,
      "z" : -13.4715
    }, {
      "x" : -0.4682549,
      "y" : -0.36034715,
      "z" : -0.39648977
    }, {
      "x" : -0.06825488,
      "y" : -0.46034715,
      "z" : -0.49648976
    }, {
      "x" : -5.0650783,
      "y" : -6.297053,
      "z" : -13.238167
    }, {
      "x" : -4.6650786,
      "y" : -6.397053,
      "z" : -13.338167
    }, {
      "x" : 0.06507845,
      "y" : -0.16034715,
      "z" : -0.7298231
    }, {
      "x" : -0.33492154,
      "y" : -0.060347144,
      "z" : -0.6298231
    } ],
    "faces" : [ {
      "vertices" : [ 2, 3, 6 ]
    }, {
      "vertices" : [ 2, 6, 7 ]
    }, {
      "vertices" : [ 0, 5, 4 ]
    }, {
      "vertices" : [ 0, 4, 1 ]
    }, {
      "vertices" : [ 2, 4, 5 ]
    }, {
      "vertices" : [ 2, 5, 3 ]
    }, {
      "vertices" : [ 0, 6, 3 ]
    }, {
      "vertices" : [ 0, 3, 5 ]
    }, {
      "vertices" : [ 0, 1, 7 ]
    }, {
      "vertices" : [ 0, 7, 6 ]
    }, {
      "vertices" : [ 1, 4, 2 ]
    }, {
      "vertices" : [ 1, 2, 7 ]
    } ]
  }, {
    "id" : "439cf6fb-1d36-4ea3-aa43-b549a88bae50",
    "vertices" : [ {
      "x" : 0.0,
      "y" : 6.4574,
      "z" : -2.03739
    }, {
      "x" : -5.0,
      "y" : 0.0,
      "z" : 11.9306
    }, {
      "x" : 5.0,
      "y" : 0.0,
      "z" : 11.9306
    } ],
    "faces" : [ {
      "vertices" : [ 0, 1, 2 ]
    }, {
      "vertices" : [ 0, 2, 1 ]
    } ]
  }, {
    "id" : "44e6cb6a-9511-4651-aeaf-01383c1b4658",
    "vertices" : [ {
      "x" : 0.0,
      "y" : -6.4574,
      "z" : -2.03739
    }, {
      "x" : 6.4574,
      "y" : 0.0,
      "z" : 2.03739
    }, {
      "x" : 5.0,
      "y" : 0.0,
      "z" : 11.9306
    } ],
    "faces" : [ {
      "vertices" : [ 0, 1, 2 ]
    }, {
      "vertices" : [ 0, 2, 1 ]
    } ]
  }, {
    "id" : "1882796c-9c77-4751-93bd-b479bb90f6c4",
    "vertices" : [ {
      "x" : -6.097053,
      "y" : -4.531745,
      "z" : 13.5715
    }, {
      "x" : -5.9970527,
      "y" : -4.931745,
      "z" : 13.4715
    }, {
      "x" : -0.36034715,
      "y" : -0.4682549,
      "z" : 0.39648977
    }, {
      "x" : -0.46034715,
      "y" : -0.06825488,
      "z" : 0.49648976
    }, {
      "x" : -6.297053,
      "y" : -5.0650783,
      "z" : 13.238167
    }, {
      "x" : -6.397053,
      "y" : -4.6650786,
      "z" : 13.338167
    }, {
      "x" : -0.16034715,
      "y" : 0.06507845,
      "z" : 0.7298231
    }, {
      "x" : -0.060347144,
      "y" : -0.33492154,
      "z" : 0.6298231
    } ],
    "faces" : [ {
      "vertices" : [ 2, 3, 6 ]
    }, {
      "vertices" : [ 2, 6, 7 ]
    }, {
      "vertices" : [ 0, 5, 4 ]
    }, {
      "vertices" : [ 0, 4, 1 ]
    }, {
      "vertices" : [ 2, 4, 5 ]
    }, {
      "vertices" : [ 2, 5, 3 ]
    }, {
      "vertices" : [ 0, 6, 3 ]
    }, {
      "vertices" : [ 0, 3, 5 ]
    }, {
      "vertices" : [ 0, 1, 7 ]
    }, {
      "vertices" : [ 0, 7, 6 ]
    }, {
      "vertices" : [ 1, 4, 2 ]
    }, {
      "vertices" : [ 1, 2, 7 ]
    } ]
  }, {
    "id" : "2a43b9d4-da97-4c78-8534-62c2ae103ab5",
    "vertices" : [ {
      "x" : 9.0,
      "y" : 0.309017,
      "z" : 0.19098301
    }, {
      "x" : 9.0,
      "y" : 0.309017,
      "z" : -0.19098301
    }, {
      "x" : 1.0,
      "y" : 0.309017,
      "z" : -0.19098301
    }, {
      "x" : 1.0,
      "y" : 0.309017,
      "z" : 0.19098301
    }, {
      "x" : 9.0,
      "y" : -0.309017,
      "z" : 0.19098301
    }, {
      "x" : 1.0,
      "y" : -0.309017,
      "z" : 0.19098301
    }, {
      "x" : 1.0,
      "y" : -0.309017,
      "z" : -0.19098301
    }, {
      "x" : 9.0,
      "y" : -0.309017,
      "z" : -0.19098301
    }, {
      "x" : 10.0,
      "y" : 0.0,
      "z" : 0.0
    } ],
    "faces" : [ {
      "vertices" : [ 1, 7, 6 ]
    }, {
      "vertices" : [ 1, 6, 2 ]
    }, {
      "vertices" : [ 0, 1, 2 ]
    }, {
      "vertices" : [ 0, 2, 3 ]
    }, {
      "vertices" : [ 4, 5, 6 ]
    }, {
      "vertices" : [ 4, 6, 7 ]
    }, {
      "vertices" : [ 0, 3, 5 ]
    }, {
      "vertices" : [ 0, 5, 4 ]
    } ]
  }, {
    "id" : "c3dc8ef9-1439-4e6b-ac60-6863baaf7879",
    "vertices" : [ {
      "x" : 0.309017,
      "y" : -0.809017,
      "z" : 0.618034
    }, {
      "x" : 0.809017,
      "y" : -0.618034,
      "z" : 0.309017
    }, {
      "x" : 0.618034,
      "y" : -0.309017,
      "z" : 0.809017
    }, {
      "x" : 1.0,
      "y" : 0.309017,
      "z" : 0.19098301
    }, {
      "x" : 0.809017,
      "y" : 0.618034,
      "z" : 0.309017
    }, {
      "x" : 0.618034,
      "y" : 0.309017,
      "z" : 0.809017
    }, {
      "x" : 0.809017,
      "y" : 0.0,
      "z" : 0.690983
    }, {
      "x" : 0.19098301,
      "y" : -1.0,
      "z" : 0.309017
    }, {
      "x" : -0.19098301,
      "y" : -1.0,
      "z" : 0.309017
    }, {
      "x" : -0.19098301,
      "y" : -1.0,
      "z" : -0.309017
    }, {
      "x" : 0.19098301,
      "y" : -1.0,
      "z" : -0.309017
    }, {
      "x" : 1.0,
      "y" : -0.309017,
      "z" : -0.19098301
    }, {
      "x" : 0.809017,
      "y" : -0.618034,
      "z" : -0.309017
    }, {
      "x" : 0.618034,
      "y" : -0.309017,
      "z" : -0.809017
    }, {
      "x" : 0.809017,
      "y" : 0.0,
      "z" : -0.690983
    }, {
      "x" : 0.0,
      "y" : 0.690983,
      "z" : -0.809017
    }, {
      "x" : 0.309017,
      "y" : 0.809017,
      "z" : -0.618034
    }, {
      "x" : 0.618034,
      "y" : 0.309017,
      "z" : -0.809017
    }, {
      "x" : 0.309017,
      "y" : 0.19098301,
      "z" : -1.0
    }, {
      "x" : 1.0,
      "y" : 0.309017,
      "z" : -0.19098301
    }, {
      "x" : -0.309017,
      "y" : -0.809017,
      "z" : 0.618034
    }, {
      "x" : 0.0,
      "y" : -0.690983,
      "z" : 0.809017
    }, {
      "x" : 0.809017,
      "y" : 0.618034,
      "z" : -0.309017
    }, {
      "x" : 0.690983,
      "y" : 0.809017,
      "z" : 0.0
    }, {
      "x" : -0.690983,
      "y" : 0.809017,
      "z" : 0.0
    }, {
      "x" : -0.809017,
      "y" : 0.618034,
      "z" : 0.309017
    }, {
      "x" : -0.309017,
      "y" : 0.809017,
      "z" : 0.618034
    }, {
      "x" : -0.19098301,
      "y" : 1.0,
      "z" : 0.309017
    }, {
      "x" : 0.309017,
      "y" : -0.19098301,
      "z" : -1.0
    }, {
      "x" : 0.19098301,
      "y" : 1.0,
      "z" : 0.309017
    }, {
      "x" : 0.309017,
      "y" : 0.809017,
      "z" : 0.618034
    }, {
      "x" : -0.809017,
      "y" : -0.618034,
      "z" : 0.309017
    }, {
      "x" : -0.690983,
      "y" : -0.809017,
      "z" : 0.0
    }, {
      "x" : 0.0,
      "y" : 0.690983,
      "z" : 0.809017
    }, {
      "x" : 0.309017,
      "y" : -0.809017,
      "z" : -0.618034
    }, {
      "x" : 0.0,
      "y" : -0.690983,
      "z" : -0.809017
    }, {
      "x" : -1.0,
      "y" : 0.309017,
      "z" : 0.19098301
    }, {
      "x" : -0.809017,
      "y" : 0.0,
      "z" : 0.690983
    }, {
      "x" : -0.618034,
      "y" : 0.309017,
      "z" : 0.809017
    }, {
      "x" : 1.0,
      "y" : -0.309017,
      "z" : 0.19098301
    }, {
      "x" : -0.309017,
      "y" : -0.809017,
      "z" : -0.618034
    }, {
      "x" : -1.0,
      "y" : 0.309017,
      "z" : -0.19098301
    }, {
      "x" : -1.0,
      "y" : -0.309017,
      "z" : -0.19098301
    }, {
      "x" : -1.0,
      "y" : -0.309017,
      "z" : 0.19098301
    }, {
      "x" : 0.19098301,
      "y" : 1.0,
      "z" : -0.309017
    }, {
      "x" : -0.809017,
      "y" : 0.618034,
      "z" : -0.309017
    }, {
      "x" : -0.19098301,
      "y" : 1.0,
      "z" : -0.309017
    }, {
      "x" : -0.309017,
      "y" : 0.809017,
      "z" : -0.618034
    }, {
      "x" : -0.618034,
      "y" : -0.309017,
      "z" : 0.809017
    }, {
      "x" : 0.309017,
      "y" : 0.19098301,
      "z" : 1.0
    }, {
      "x" : -0.309017,
      "y" : 0.19098301,
      "z" : -1.0
    }, {
      "x" : -0.309017,
      "y" : 0.19098301,
      "z" : 1.0
    }, {
      "x" : -0.309017,
      "y" : -0.19098301,
      "z" : 1.0
    }, {
      "x" : 0.309017,
      "y" : -0.19098301,
      "z" : 1.0
    }, {
      "x" : 0.690983,
      "y" : -0.809017,
      "z" : 0.0
    }, {
      "x" : -0.809017,
      "y" : 0.0,
      "z" : -0.690983
    }, {
      "x" : -0.618034,
      "y" : -0.309017,
      "z" : -0.809017
    }, {
      "x" : -0.309017,
      "y" : -0.19098301,
      "z" : -1.0
    }, {
      "x" : -0.618034,
      "y" : 0.309017,
      "z" : -0.809017
    }, {
      "x" : -0.809017,
      "y" : -0.618034,
      "z" : -0.309017
    } ],
    "faces" : [ {
      "vertices" : [ 9, 40, 35 ]
    }, {
      "vertices" : [ 9, 35, 34 ]
    }, {
      "vertices" : [ 9, 34, 10 ]
    }, {
      "vertices" : [ 0, 1, 2 ]
    }, {
      "vertices" : [ 33, 51, 49 ]
    }, {
      "vertices" : [ 25, 36, 37 ]
    }, {
      "vertices" : [ 25, 37, 38 ]
    }, {
      "vertices" : [ 41, 55, 42 ]
    }, {
      "vertices" : [ 9, 32, 59 ]
    }, {
      "vertices" : [ 9, 59, 40 ]
    }, {
      "vertices" : [ 20, 21, 52 ]
    }, {
      "vertices" : [ 20, 52, 48 ]
    }, {
      "vertices" : [ 26, 33, 30 ]
    }, {
      "vertices" : [ 26, 30, 29 ]
    }, {
      "vertices" : [ 26, 29, 27 ]
    }, {
      "vertices" : [ 3, 4, 5 ]
    }, {
      "vertices" : [ 3, 5, 6 ]
    }, {
      "vertices" : [ 27, 29, 44 ]
    }, {
      "vertices" : [ 27, 44, 46 ]
    }, {
      "vertices" : [ 50, 57, 56 ]
    }, {
      "vertices" : [ 50, 56, 55 ]
    }, {
      "vertices" : [ 50, 55, 58 ]
    }, {
      "vertices" : [ 26, 38, 51 ]
    }, {
      "vertices" : [ 26, 51, 33 ]
    }, {
      "vertices" : [ 45, 47, 58 ]
    }, {
      "vertices" : [ 18, 28, 57 ]
    }, {
      "vertices" : [ 18, 57, 50 ]
    }, {
      "vertices" : [ 40, 59, 56 ]
    }, {
      "vertices" : [ 31, 48, 37 ]
    }, {
      "vertices" : [ 31, 37, 43 ]
    }, {
      "vertices" : [ 7, 8, 9 ]
    }, {
      "vertices" : [ 7, 9, 10 ]
    }, {
      "vertices" : [ 36, 41, 42 ]
    }, {
      "vertices" : [ 36, 42, 43 ]
    }, {
      "vertices" : [ 24, 46, 47 ]
    }, {
      "vertices" : [ 24, 47, 45 ]
    }, {
      "vertices" : [ 4, 30, 5 ]
    }, {
      "vertices" : [ 15, 47, 46 ]
    }, {
      "vertices" : [ 15, 46, 44 ]
    }, {
      "vertices" : [ 15, 44, 16 ]
    }, {
      "vertices" : [ 15, 50, 58 ]
    }, {
      "vertices" : [ 15, 58, 47 ]
    }, {
      "vertices" : [ 24, 45, 41 ]
    }, {
      "vertices" : [ 24, 41, 36 ]
    }, {
      "vertices" : [ 24, 36, 25 ]
    }, {
      "vertices" : [ 11, 14, 19 ]
    }, {
      "vertices" : [ 3, 6, 39 ]
    }, {
      "vertices" : [ 1, 39, 6 ]
    }, {
      "vertices" : [ 1, 6, 2 ]
    }, {
      "vertices" : [ 8, 32, 9 ]
    }, {
      "vertices" : [ 11, 12, 13 ]
    }, {
      "vertices" : [ 11, 13, 14 ]
    }, {
      "vertices" : [ 16, 22, 17 ]
    }, {
      "vertices" : [ 0, 21, 20 ]
    }, {
      "vertices" : [ 0, 20, 8 ]
    }, {
      "vertices" : [ 0, 8, 7 ]
    }, {
      "vertices" : [ 12, 34, 13 ]
    }, {
      "vertices" : [ 35, 40, 56 ]
    }, {
      "vertices" : [ 35, 56, 57 ]
    }, {
      "vertices" : [ 0, 7, 54 ]
    }, {
      "vertices" : [ 0, 54, 1 ]
    }, {
      "vertices" : [ 15, 16, 17 ]
    }, {
      "vertices" : [ 15, 17, 18 ]
    }, {
      "vertices" : [ 3, 19, 22 ]
    }, {
      "vertices" : [ 3, 22, 23 ]
    }, {
      "vertices" : [ 3, 23, 4 ]
    }, {
      "vertices" : [ 7, 10, 54 ]
    }, {
      "vertices" : [ 41, 45, 58 ]
    }, {
      "vertices" : [ 41, 58, 55 ]
    }, {
      "vertices" : [ 3, 39, 11 ]
    }, {
      "vertices" : [ 3, 11, 19 ]
    }, {
      "vertices" : [ 14, 17, 22 ]
    }, {
      "vertices" : [ 14, 22, 19 ]
    }, {
      "vertices" : [ 0, 2, 53 ]
    }, {
      "vertices" : [ 0, 53, 21 ]
    }, {
      "vertices" : [ 49, 51, 52 ]
    }, {
      "vertices" : [ 49, 52, 53 ]
    }, {
      "vertices" : [ 31, 43, 42 ]
    }, {
      "vertices" : [ 31, 42, 59 ]
    }, {
      "vertices" : [ 31, 59, 32 ]
    }, {
      "vertices" : [ 15, 18, 50 ]
    }, {
      "vertices" : [ 42, 55, 56 ]
    }, {
      "vertices" : [ 42, 56, 59 ]
    }, {
      "vertices" : [ 4, 23, 29 ]
    }, {
      "vertices" : [ 4, 29, 30 ]
    }, {
      "vertices" : [ 25, 38, 26 ]
    }, {
      "vertices" : [ 13, 28, 18 ]
    }, {
      "vertices" : [ 13, 18, 17 ]
    }, {
      "vertices" : [ 13, 17, 14 ]
    }, {
      "vertices" : [ 8, 20, 31 ]
    }, {
      "vertices" : [ 8, 31, 32 ]
    }, {
      "vertices" : [ 23, 44, 29 ]
    }, {
      "vertices" : [ 24, 27, 46 ]
    }, {
      "vertices" : [ 37, 48, 52 ]
    }, {
      "vertices" : [ 37, 52, 51 ]
    }, {
      "vertices" : [ 37, 51, 38 ]
    }, {
      "vertices" : [ 20, 48, 31 ]
    }, {
      "vertices" : [ 24, 25, 26 ]
    }, {
      "vertices" : [ 24, 26, 27 ]
    }, {
      "vertices" : [ 16, 44, 23 ]
    }, {
      "vertices" : [ 16, 23, 22 ]
    }, {
      "vertices" : [ 13, 34, 35 ]
    }, {
      "vertices" : [ 13, 35, 28 ]
    }, {
      "vertices" : [ 10, 34, 12 ]
    }, {
      "vertices" : [ 10, 12, 54 ]
    }, {
      "vertices" : [ 2, 6, 5 ]
    }, {
      "vertices" : [ 2, 5, 49 ]
    }, {
      "vertices" : [ 2, 49, 53 ]
    }, {
      "vertices" : [ 36, 43, 37 ]
    }, {
      "vertices" : [ 5, 30, 33 ]
    }, {
      "vertices" : [ 5, 33, 49 ]
    }, {
      "vertices" : [ 1, 54, 12 ]
    }, {
      "vertices" : [ 1, 12, 11 ]
    }, {
      "vertices" : [ 1, 11, 39 ]
    }, {
      "vertices" : [ 28, 35, 57 ]
    }, {
      "vertices" : [ 21, 53, 52 ]
    } ]
  }, {
    "id" : "1e01107c-4b84-4a27-b00f-8710880c74b5",
    "vertices" : [ {
      "x" : 0.0,
      "y" : -6.4574,
      "z" : -2.03739
    }, {
      "x" : 0.0,
      "y" : -5.0,
      "z" : -11.9306
    }, {
      "x" : 6.4574,
      "y" : 0.0,
      "z" : 2.03739
    } ],
    "faces" : [ {
      "vertices" : [ 0, 1, 2 ]
    }, {
      "vertices" : [ 0, 2, 1 ]
    } ]
  }, {
    "id" : "4499689c-76fb-4e9e-9d18-01f777cec2e9",
    "vertices" : [ {
      "x" : 0.0,
      "y" : -6.4574,
      "z" : -2.03739
    }, {
      "x" : 5.0,
      "y" : 0.0,
      "z" : 11.9306
    }, {
      "x" : -5.0,
      "y" : 0.0,
      "z" : 11.9306
    } ],
    "faces" : [ {
      "vertices" : [ 0, 1, 2 ]
    }, {
      "vertices" : [ 0, 2, 1 ]
    } ]
  }, {
    "id" : "be9128e3-1418-40a2-ad79-2c29c3e412f0",
    "vertices" : [ {
      "x" : 0.0,
      "y" : 6.4574,
      "z" : -2.03739
    }, {
      "x" : 0.0,
      "y" : 5.0,
      "z" : -11.9306
    }, {
      "x" : -6.4574,
      "y" : 0.0,
      "z" : 2.03739
    } ],
    "faces" : [ {
      "vertices" : [ 0, 1, 2 ]
    }, {
      "vertices" : [ 0, 2, 1 ]
    } ]
  }, {
    "id" : "8b938ad5-0222-43f5-8031-51245c7c6cd7",
    "vertices" : [ {
      "x" : -6.4574,
      "y" : 0.0,
      "z" : 2.03739
    }, {
      "x" : 0.0,
      "y" : 5.0,
      "z" : -11.9306
    }, {
      "x" : 0.0,
      "y" : -5.0,
      "z" : -11.9306
    } ],
    "faces" : [ {
      "vertices" : [ 0, 1, 2 ]
    }, {
      "vertices" : [ 0, 2, 1 ]
    } ]
  }, {
    "id" : "d8610e4c-53c1-463b-9967-5c2fd4e3c792",
    "vertices" : [ {
      "x" : 1.2491201,
      "y" : -0.26666668,
      "z" : 9.324844
    }, {
      "x" : 1.1491201,
      "y" : 0.13333334,
      "z" : 9.224845
    }, {
      "x" : 0.2082799,
      "y" : 0.26666668,
      "z" : 0.5683654
    }, {
      "x" : 0.3082799,
      "y" : -0.13333334,
      "z" : 0.6683654
    }, {
      "x" : 1.4491202,
      "y" : 0.26666668,
      "z" : 8.991511
    }, {
      "x" : 1.5491201,
      "y" : -0.13333334,
      "z" : 9.091512
    }, {
      "x" : 0.008279894,
      "y" : -0.26666668,
      "z" : 0.9016987
    }, {
      "x" : -0.091720104,
      "y" : 0.13333334,
      "z" : 0.80169874
    } ],
    "faces" : [ {
      "vertices" : [ 2, 3, 6 ]
    }, {
      "vertices" : [ 2, 6, 7 ]
    }, {
      "vertices" : [ 0, 5, 4 ]
    }, {
      "vertices" : [ 0, 4, 1 ]
    }, {
      "vertices" : [ 2, 4, 5 ]
    }, {
      "vertices" : [ 2, 5, 3 ]
    }, {
      "vertices" : [ 0, 6, 3 ]
    }, {
      "vertices" : [ 0, 3, 5 ]
    }, {
      "vertices" : [ 0, 1, 7 ]
    }, {
      "vertices" : [ 0, 7, 6 ]
    }, {
      "vertices" : [ 1, 4, 2 ]
    }, {
      "vertices" : [ 1, 2, 7 ]
    } ]
  }, {
    "id" : "de23010f-a7e7-4a2f-821e-70f275b39fd8",
    "vertices" : [ {
      "x" : 0.0,
      "y" : 6.4574,
      "z" : -2.03739
    }, {
      "x" : 5.0,
      "y" : 0.0,
      "z" : 11.9306
    }, {
      "x" : 6.4574,
      "y" : 0.0,
      "z" : 2.03739
    } ],
    "faces" : [ {
      "vertices" : [ 0, 1, 2 ]
    }, {
      "vertices" : [ 0, 2, 1 ]
    } ]
  }, {
    "id" : "ebea24dd-0f18-4623-9362-1d06df27a72d",
    "vertices" : [ {
      "x" : 0.0,
      "y" : 6.4574,
      "z" : -2.03739
    }, {
      "x" : 6.4574,
      "y" : 0.0,
      "z" : 2.03739
    }, {
      "x" : 0.0,
      "y" : 5.0,
      "z" : -11.9306
    } ],
    "faces" : [ {
      "vertices" : [ 0, 1, 2 ]
    }, {
      "vertices" : [ 0, 2, 1 ]
    } ]
  }, {
    "id" : "d0e4ab6e-9994-4c1a-b9be-c8bf4b3d3323",
    "vertices" : [ {
      "x" : 0.0,
      "y" : -6.4574,
      "z" : -2.03739
    }, {
      "x" : -5.0,
      "y" : 0.0,
      "z" : 11.9306
    }, {
      "x" : -6.4574,
      "y" : 0.0,
      "z" : 2.03739
    } ],
    "faces" : [ {
      "vertices" : [ 0, 1, 2 ]
    }, {
      "vertices" : [ 0, 2, 1 ]
    } ]
  }, {
    "id" : "70e1a7c7-976d-4a09-8da5-f05b5fb6a474",
    "vertices" : [ {
      "x" : 6.4574,
      "y" : 0.0,
      "z" : 2.03739
    }, {
      "x" : 0.0,
      "y" : -5.0,
      "z" : -11.9306
    }, {
      "x" : 0.0,
      "y" : 5.0,
      "z" : -11.9306
    } ],
    "faces" : [ {
      "vertices" : [ 0, 1, 2 ]
    }, {
      "vertices" : [ 0, 2, 1 ]
    } ]
  }, {
    "id" : "1a7a17c0-eb10-407a-a8f8-1a8c23d93a16",
    "vertices" : [ {
      "x" : 0.0,
      "y" : -6.4574,
      "z" : -2.03739
    }, {
      "x" : -6.4574,
      "y" : 0.0,
      "z" : 2.03739
    }, {
      "x" : 0.0,
      "y" : -5.0,
      "z" : -11.9306
    } ],
    "faces" : [ {
      "vertices" : [ 0, 1, 2 ]
    }, {
      "vertices" : [ 0, 2, 1 ]
    } ]
  }, {
    "id" : "a230d9bb-1b46-4e63-b9c0-4c1b3f386513",
    "vertices" : [ {
      "x" : 0.0,
      "y" : 6.4574,
      "z" : -2.03739
    }, {
      "x" : -6.4574,
      "y" : 0.0,
      "z" : 2.03739
    }, {
      "x" : -5.0,
      "y" : 0.0,
      "z" : 11.9306
    } ],
    "faces" : [ {
      "vertices" : [ 0, 1, 2 ]
    }, {
      "vertices" : [ 0, 2, 1 ]
    } ]
  } ],
  "instances" : [ {
    "shape" : "2ed12702-707d-4dbc-9c55-9f9d40d044a8",
    "color" : "#FFFFFF",
    "position" : {
      "x" : 6.4574,
      "y" : 0.0,
      "z" : 2.03739
    },
    "orientation" : 0
  }, {
    "shape" : "d86ca486-2fe9-4265-bf91-1172fa5962ac",
    "color" : "#FFFFFF",
    "position" : {
      "x" : 0.0,
      "y" : -5.0,
      "z" : -11.9306
    },
    "orientation" : 0
  }, {
    "shape" : "2ed12702-707d-4dbc-9c55-9f9d40d044a8",
    "color" : "#FFFFFF",
    "position" : {
      "x" : 0.0,
      "y" : -6.4574,
      "z" : -2.03739
    },
    "orientation" : 15
  }, {
    "shape" : "853ce511-3a58-466b-89fb-d13d5fe3613e",
    "color" : "#99FF99",
    "position" : {
      "x" : 0.0,
      "y" : 6.4574,
      "z" : -2.03739
    },
    "orientation" : 45
  }, {
    "shape" : "439cf6fb-1d36-4ea3-aa43-b549a88bae50",
    "color" : "#99FF99",
    "position" : {
      "x" : 0.0,
      "y" : 0.0,
      "z" : 0.0
    }
  }, {
    "shape" : "44e6cb6a-9511-4651-aeaf-01383c1b4658",
    "color" : "#9999FF",
    "position" : {
      "x" : 0.0,
      "y" : 0.0,
      "z" : 0.0
    }
  }, {
    "shape" : "1882796c-9c77-4751-93bd-b479bb90f6c4",
    "color" : "#FFCC99",
    "position" : {
      "x" : 0.0,
      "y" : -5.0,
      "z" : -11.9306
    },
    "orientation" : 30
  }, {
    "shape" : "2a43b9d4-da97-4c78-8534-62c2ae103ab5",
    "color" : "#007695",
    "position" : {
      "x" : 0.0,
      "y" : 5.0,
      "z" : -11.9306
    },
    "orientation" : 16
  }, {
    "shape" : "c3dc8ef9-1439-4e6b-ac60-6863baaf7879",
    "color" : "#FFFFFF",
    "position" : {
      "x" : -5.0,
      "y" : 0.0,
      "z" : 11.9306
    }
  }, {
    "shape" : "1e01107c-4b84-4a27-b00f-8710880c74b5",
    "color" : "#FFCC99",
    "position" : {
      "x" : 0.0,
      "y" : 0.0,
      "z" : 0.0
    }
  }, {
    "shape" : "c3dc8ef9-1439-4e6b-ac60-6863baaf7879",
    "color" : "#FFFFFF",
    "position" : {
      "x" : 0.0,
      "y" : 5.0,
      "z" : -11.9306
    }
  }, {
    "shape" : "1882796c-9c77-4751-93bd-b479bb90f6c4",
    "color" : "#CCCCCC",
    "position" : {
      "x" : -6.4574,
      "y" : 0.0,
      "z" : 2.03739
    },
    "orientation" : 45
  }, {
    "shape" : "4499689c-76fb-4e9e-9d18-01f777cec2e9",
    "color" : "#9999FF",
    "position" : {
      "x" : 0.0,
      "y" : 0.0,
      "z" : 0.0
    }
  }, {
    "shape" : "be9128e3-1418-40a2-ad79-2c29c3e412f0",
    "color" : "#CCCCCC",
    "position" : {
      "x" : 0.0,
      "y" : 0.0,
      "z" : 0.0
    }
  }, {
    "shape" : "8b938ad5-0222-43f5-8031-51245c7c6cd7",
    "color" : "#CCCCCC",
    "position" : {
      "x" : 0.0,
      "y" : 0.0,
      "z" : 0.0
    }
  }, {
    "shape" : "d8610e4c-53c1-463b-9967-5c2fd4e3c792",
    "color" : "#FFFFFF",
    "position" : {
      "x" : -6.4574,
      "y" : 0.0,
      "z" : 2.03739
    },
    "orientation" : 0
  }, {
    "shape" : "c3dc8ef9-1439-4e6b-ac60-6863baaf7879",
    "color" : "#FFFFFF",
    "position" : {
      "x" : 0.0,
      "y" : 6.4574,
      "z" : -2.03739
    }
  }, {
    "shape" : "1882796c-9c77-4751-93bd-b479bb90f6c4",
    "color" : "#FFCC99",
    "position" : {
      "x" : 6.4574,
      "y" : 0.0,
      "z" : 2.03739
    },
    "orientation" : 15
  }, {
    "shape" : "853ce511-3a58-466b-89fb-d13d5fe3613e",
    "color" : "#99FF99",
    "position" : {
      "x" : -5.0,
      "y" : 0.0,
      "z" : 11.9306
    },
    "orientation" : 30
  }, {
    "shape" : "1882796c-9c77-4751-93bd-b479bb90f6c4",
    "color" : "#CCCCCC",
    "position" : {
      "x" : 0.0,
      "y" : 5.0,
      "z" : -11.9306
    },
    "orientation" : 0
  }, {
    "shape" : "c3dc8ef9-1439-4e6b-ac60-6863baaf7879",
    "color" : "#FFFFFF",
    "position" : {
      "x" : 0.0,
      "y" : -6.4574,
      "z" : -2.03739
    }
  }, {
    "shape" : "c3dc8ef9-1439-4e6b-ac60-6863baaf7879",
    "color" : "#FFFFFF",
    "position" : {
      "x" : 6.4574,
      "y" : 0.0,
      "z" : 2.03739
    }
  }, {
    "shape" : "d86ca486-2fe9-4265-bf91-1172fa5962ac",
    "color" : "#FFFFFF",
    "position" : {
      "x" : 0.0,
      "y" : 5.0,
      "z" : -11.9306
    },
    "orientation" : 30
  }, {
    "shape" : "de23010f-a7e7-4a2f-821e-70f275b39fd8",
    "color" : "#99FF99",
    "position" : {
      "x" : 0.0,
      "y" : 0.0,
      "z" : 0.0
    }
  }, {
    "shape" : "c3dc8ef9-1439-4e6b-ac60-6863baaf7879",
    "color" : "#FFFFFF",
    "position" : {
      "x" : -6.4574,
      "y" : 0.0,
      "z" : 2.03739
    }
  }, {
    "shape" : "ebea24dd-0f18-4623-9362-1d06df27a72d",
    "color" : "#FFCC99",
    "position" : {
      "x" : 0.0,
      "y" : 0.0,
      "z" : 0.0
    }
  }, {
    "shape" : "2a43b9d4-da97-4c78-8534-62c2ae103ab5",
    "color" : "#007695",
    "position" : {
      "x" : -5.0,
      "y" : 0.0,
      "z" : 11.9306
    },
    "orientation" : 0
  }, {
    "shape" : "c3dc8ef9-1439-4e6b-ac60-6863baaf7879",
    "color" : "#FFFFFF",
    "position" : {
      "x" : 0.0,
      "y" : -5.0,
      "z" : -11.9306
    }
  }, {
    "shape" : "d0e4ab6e-9994-4c1a-b9be-c8bf4b3d3323",
    "color" : "#9999FF",
    "position" : {
      "x" : 0.0,
      "y" : 0.0,
      "z" : 0.0
    }
  }, {
    "shape" : "c3dc8ef9-1439-4e6b-ac60-6863baaf7879",
    "color" : "#FFFFFF",
    "position" : {
      "x" : 0.0,
      "y" : 0.0,
      "z" : 0.0
    }
  }, {
    "shape" : "d8610e4c-53c1-463b-9967-5c2fd4e3c792",
    "color" : "#FFFFFF",
    "position" : {
      "x" : 5.0,
      "y" : 0.0,
      "z" : 11.9306
    },
    "orientation" : 15
  }, {
    "shape" : "c3dc8ef9-1439-4e6b-ac60-6863baaf7879",
    "color" : "#FFFFFF",
    "position" : {
      "x" : 5.0,
      "y" : 0.0,
      "z" : 11.9306
    }
  }, {
    "shape" : "853ce511-3a58-466b-89fb-d13d5fe3613e",
    "color" : "#9999FF",
    "position" : {
      "x" : 0.0,
      "y" : -6.4574,
      "z" : -2.03739
    },
    "orientation" : 15
  }, {
    "shape" : "70e1a7c7-976d-4a09-8da5-f05b5fb6a474",
    "color" : "#FFCC99",
    "position" : {
      "x" : 0.0,
      "y" : 0.0,
      "z" : 0.0
    }
  }, {
    "shape" : "1a7a17c0-eb10-407a-a8f8-1a8c23d93a16",
    "color" : "#CCCCCC",
    "position" : {
      "x" : 0.0,
      "y" : 0.0,
      "z" : 0.0
    }
  }, {
    "shape" : "a230d9bb-1b46-4e63-b9c0-4c1b3f386513",
    "color" : "#99FF99",
    "position" : {
      "x" : 0.0,
      "y" : 0.0,
      "z" : 0.0
    }
  }, {
    "shape" : "2ed12702-707d-4dbc-9c55-9f9d40d044a8",
    "color" : "#FFFFFF",
    "position" : {
      "x" : 0.0,
      "y" : 6.4574,
      "z" : -2.03739
    },
    "orientation" : 45
  }, {
    "shape" : "853ce511-3a58-466b-89fb-d13d5fe3613e",
    "color" : "#9999FF",
    "position" : {
      "x" : 5.0,
      "y" : 0.0,
      "z" : 11.9306
    },
    "orientation" : 0
  }, {
    "shape" : "2ed12702-707d-4dbc-9c55-9f9d40d044a8",
    "color" : "#FFFFFF",
    "position" : {
      "x" : -6.4574,
      "y" : 0.0,
      "z" : 2.03739
    },
    "orientation" : 30
  } ],
  "scenes" : [ ],
  "snapshots" : [ ]
}