{
  "field" : "polygon42",
  "symmetry" : "antiprism42",
  "orientations" : [ [ 1.0, 0.0, 0.0, 0.0, 0.0, 1.0, 0.0, 0.0, 0.0, 0.0, 1.0, 0.0, 0.0, 0.0, 0.0, 1.0 ], [ 0.9888308, -0.14904226, 0.0, 0.0, 0.14904226, 0.9888308, 0.0, 0.0, 0.0, 0.0, 1.0, 0.0, 0.0, 0.0, 0.0, 1.0 ], [ 0.9555728, -0.29475516, 0.0, 0.0, 0.29475516, 0.9555728, 0.0, 0.0, 0.0, 0.0, 1.0, 0.0, 0.0, 0.0, 0.0, 1.0 ], [ 0.90096885, -0.43388373, 0.0, 0.0, 0.43388373, 0.90096885, 0.0, 0.0, 0.0, 0.0, 1.0, 0.0, 0.0, 0.0, 0.0, 1.0 ], [ 0.82623875, -0.56332004, 0.0, 0.0, 0.56332004, 0.82623875, 0.0, 0.0, 0.0, 0.0, 1.0, 0.0, 0.0, 0.0, 0.0, 1.0 ], [ 0.7330519, -0.68017274, 0.0, 0.0, 0.68017274, 0.7330519, 0.0, 0.0, 0.0, 0.0, 1.0, 0.0, 0.0, 0.0, 0.0, 1.0 ], [ 0.6234898, -0.7818315, 0.0, 0.0, 0.7818315, 0.6234898, 0.0, 0.0, 0.0, 0.0, 1.0, 0.0, 0.0, 0.0, 0.0, 1.0 ], [ 0.5, -0.8660254, 0.0, 0.0, 0.8660254, 0.5, 0.0, 0.0, 0.0, 0.0, 1.0, 0.0, 0.0, 0.0, 0.0, 1.0 ], [ 0.36534104, -0.93087375, 0.0, 0.0, 0.93087375, 0.36534104, 0.0, 0.0, 0.0, 0.0, 1.0, 0.0, 0.0, 0.0, 0.0, 1.0 ], [ 0.22252093, -0.9749279, 0.0, 0.0, 0.9749279, 0.22252093, 0.0, 0.0, 0.0, 0.0, 1.0, 0.0, 0.0, 0.0, 0.0, 1.0 ], [ 0.07473009, -0.9972038, 0.0, 0.0, 0.9972038, 0.07473009, 0.0, 0.0, 0.0, 0.0, 1.0, 0.0, 0.0, 0.0, 0.0, 1.0 ], [ -0.07473009, -0.9972038, 0.0, 0.0, 0.9972038, -0.07473009, 0.0, 0.0, 0.0, 0.0, 1.0, 0.0, 0.0, 0.0, 0.0, 1.0 ], [ -0.22252093, -0.9749279, 0.0, 0.0, 0.9749279, -0.22252093, 0.0, 0.0, 0.0, 0.0, 1.0, 0.0, 0.0, 0.0, 0.0, 1.0 ], [ -0.36534104, -0.93087375, 0.0, 0.0, 0.93087375, -0.36534104, 0.0, 0.0, 0.0, 0.0, 1.0, 0.0, 0.0, 0.0, 0.0, 1.0 ], [ -0.5, -0.8660254, 0.0, 0.0, 0.8660254, -0.5, 0.0, 0.0, 0.0, 0.0, 1.0, 0.0, 0.0, 0.0, 0.0, 1.0 ], [ -0.6234898, -0.7818315, 0.0, 0.0, 0.7818315, -0.6234898, 0.0, 0.0, 0.0, 0.0, 1.0, 0.0, 0.0, 0.0, 0.0, 1.0 ], [ -0.7330519, -0.68017274, 0.0, 0.0, 0.68017274, -0.7330519, 0.0, 0.0, 0.0, 0.0, 1.0, 0.0, 0.0, 0.0, 0.0, 1.0 ], [ -0.82623875, -0.56332004, 0.0, 0.0, 0.56332004, -0.82623875, 0.0, 0.0, 0.0, 0.0, 1.0, 0.0, 0.0, 0.0, 0.0, 1.0 ], [ -0.90096885, -0.43388373, 0.0, 0.0, 0.43388373, -0.90096885, 0.0, 0.0, 0.0, 0.0, 1.0, 0.0, 0.0, 0.0, 0.0, 1.0 ], [ -0.9555728, -0.29475516, 0.0, 0.0, 0.29475516, -0.9555728, 0.0, 0.0, 0.0, 0.0, 1.0, 0.0, 0.0, 0.0, 0.0, 1.0 ], [ -0.9888308, -0.14904226, 0.0, 0.0, 0.14904226, -0.9888308, 0.0, 0.0, 0.0, 0.0, 1.0, 0.0, 0.0, 0.0, 0.0, 1.0 ], [ -1.0, 0.0, 0.0, 0.0, 0.0, -1.0, 0.0, 0.0, 0.0, 0.0, 1.0, 0.0, 0.0, 0.0, 0.0, 1.0 ], [ -0.9888308, 0.14904226, 0.0, 0.0, -0.14904226, -0.9888308, 0.0, 0.0, 0.0, 0.0, 1.0, 0.0, 0.0, 0.0, 0.0, 1.0 ], [ -0.9555728, 0.29475516, 0.0, 0.0, -0.29475516, -0.9555728, 0.0, 0.0, 0.0, 0.0, 1.0, 0.0, 0.0, 0.0, 0.0, 1.0 ], [ -0.90096885, 0.43388373, 0.0, 0.0, -0.43388373, -0.90096885, 0.0, 0.0, 0.0, 0.0, 1.0, 0.0, 0.0, 0.0, 0.0, 1.0 ], [ -0.82623875, 0.56332004, 0.0, 0.0, -0.56332004, -0.82623875, 0.0, 0.0, 0.0, 0.0, 1.0, 0.0, 0.0, 0.0, 0.0, 1.0 ], [ -0.7330519, 0.68017274, 0.0, 0.0, -0.68017274, -0.7330519, 0.0, 0.0, 0.0, 0.0, 1.0, 0.0, 0.0, 0.0, 0.0, 1.0 ], [ -0.6234898, 0.7818315, 0.0, 0.0, -0.7818315, -0.6234898, 0.0, 0.0, 0.0, 0.0, 1.0, 0.0, 0.0, 0.0, 0.0, 1.0 ], [ -0.5, 0.8660254, 0.0, 0.0, -0.8660254, -0.5, 0.0, 0.0, 0.0, 0.0, 1.0, 0.0, 0.0, 0.0, 0.0, 1.0 ], [ -0.36534104, 0.93087375, 0.0, 0.0, -0.93087375, -0.36534104, 0.0, 0.0, 0.0, 0.0, 1.0, 0.0, 0.0, 0.0, 0.0, 1.0 ], [ -0.22252093, 0.9749279, 0.0, 0.0, -0.9749279, -0.22252093, 0.0, 0.0, 0.0, 0.0, 1.0, 0.0, 0.0, 0.0, 0.0, 1.0 ], [ -0.07473009, 0.9972038, 0.0, 0.0, -0.9972038, -0.07473009, 0.0, 0.0, 0.0, 0.0, 1.0, 0.0, 0.0, 0.0, 0.0, 1.0 ], [ 0.07473009, 0.9972038, 0.0, 0.0, -0.9972038, 0.07473009, 0.0, 0.0, 0.0, 0.0, 1.0, 0.0, 0.0, 0.0, 0.0, 1.0 ], [ 0.22252093, 0.9749279, 0.0, 0.0, -0.9749279, 0.22252093, 0.0, 0.0, 0.0, 0.0, 1.0, 0.0, 0.0, 0.0, 0.0, 1.0 ], [ 0.36534104, 0.93087375, 0.0, 0.0, -0.93087375, 0.36534104, 0.0, 0.0, 0.0, 0.0, 1.0, 0.0, 0.0, 0.0, 0.0, 1.0 ], [ 0.5, 0.8660254, 0.0, 0.0, -0.8660254, 0.5, 0.0, 0.0, 0.0, 0.0, 1.0, 0.0, 0.0, 0.0, 0.0, 1.0 ], [ 0.6234898, 0.7818315, 0.0, 0.0, -0.7818315, 0.6234898, 0.0, 0.0, 0.0, 0.0, 1.0, 0.0, 0.0, 0.0, 0.0, 1.0 ], [ 0.7330519, 0.68017274, 0.0, 0.0, -0.68017274, 0.7330519, 0.0, 0.0, 0.0, 0.0, 1.0, 0.0, 0.0, 0.0, 0.0, 1.0 ], [ 0.82623875, 0.56332004, 0.0, 0.0, -0.56332004, 0.82623875, 0.0, 0.0, 0.0, 0.0, 1.0, 0.0, 0.0, 0.0, 0.0, 1.0 ], [ 0.90096885, 0.43388373, 0.0, 0.0, -0.43388373, 0.90096885, 0.0, 0.0, 0.0, 0.0, 1.0, 0.0, 0.0, 0.0, 0.0, 1.0 ], [ 0.9555728, 0.29475516, 0.0, 0.0, -0.29475516, 0.9555728, 0.0, 0.0, 0.0, 0.0, 1.0, 0.0, 0.0, 0.0, 0.0, 1.0 ], [ 0.9888308, 0.14904226, 0.0, 0.0, -0.14904226, 0.9888308, 0.0, 0.0, 0.0, 0.0, 1.0, 0.0, 0.0, 0.0, 0.0, 1.0 ], [ 1.0, 0.0, 0.0, 0.0, 0.0, -1.0, 0.0, 0.0, 0.0, 0.0, -1.0, 0.0, 0.0, 0.0, 0.0, 1.0 ], [ 0.9888308, 0.14904226, 0.0, 0.0, 0.14904226, -0.9888308, 0.0, 0.0, 0.0, 0.0, -1.0, 0.0, 0.0, 0.0, 0.0, 1.0 ], [ 0.9555728, 0.29475516, 0.0, 0.0, 0.29475516, -0.9555728, 0.0, 0.0, 0.0, 0.0, -1.0, 0.0, 0.0, 0.0, 0.0, 1.0 ], [ 0.90096885, 0.43388373, 0.0, 0.0, 0.43388373, -0.90096885, 0.0, 0.0, 0.0, 0.0, -1.0, 0.0, 0.0, 0.0, 0.0, 1.0 ], [ 0.82623875, 0.56332004, 0.0, 0.0, 0.56332004, -0.82623875, 0.0, 0.0, 0.0, 0.0, -1.0, 0.0, 0.0, 0.0, 0.0, 1.0 ], [ 0.7330519, 0.68017274, 0.0, 0.0, 0.68017274, -0.7330519, 0.0, 0.0, 0.0, 0.0, -1.0, 0.0, 0.0, 0.0, 0.0, 1.0 ], [ 0.6234898, 0.7818315, 0.0, 0.0, 0.7818315, -0.6234898, 0.0, 0.0, 0.0, 0.0, -1.0, 0.0, 0.0, 0.0, 0.0, 1.0 ], [ 0.5, 0.8660254, 0.0, 0.0, 0.8660254, -0.5, 0.0, 0.0, 0.0, 0.0, -1.0, 0.0, 0.0, 0.0, 0.0, 1.0 ], [ 0.36534104, 0.93087375, 0.0, 0.0, 0.93087375, -0.36534104, 0.0, 0.0, 0.0, 0.0, -1.0, 0.0, 0.0, 0.0, 0.0, 1.0 ], [ 0.22252093, 0.9749279, 0.0, 0.0, 0.9749279, -0.22252093, 0.0, 0.0, 0.0, 0.0, -1.0, 0.0, 0.0, 0.0, 0.0, 1.0 ], [ 0.07473009, 0.9972038, 0.0, 0.0, 0.9972038, -0.07473009, 0.0, 0.0, 0.0, 0.0, -1.0, 0.0, 0.0, 0.0, 0.0, 1.0 ], [ -0.07473009, 0.9972038, 0.0, 0.0, 0.9972038, 0.07473009, 0.0, 0.0, 0.0, 0.0, -1.0, 0.0, 0.0, 0.0, 0.0, 1.0 ], [ -0.22252093, 0.9749279, 0.0, 0.0, 0.9749279, 0.22252093, 0.0, 0.0, 0.0, 0.0, -1.0, 0.0, 0.0, 0.0, 0.0, 1.0 ], [ -0.36534104, 0.93087375, 0.0, 0.0, 0.93087375, 0.36534104, 0.0, 0.0, 0.0, 0.0, -1.0, 0.0, 0.0, 0.0, 0.0, 1.0 ], [ -0.5, 0.8660254, 0.0, 0.0, 0.8660254, 0.5, 0.0, 0.0, 0.0, 0.0, -1.0, 0.0, 0.0, 0.0, 0.0, 1.0 ], [ -0.6234898, 0.7818315, 0.0, 0.0, 0.7818315, 0.6234898, 0.0, 0.0, 0.0, 0.0, -1.0, 0.0, 0.0, 0.0, 0.0, 1.0 ], [ -0.7330519, 0.68017274, 0.0, 0.0, 0.68017274, 0.7330519, 0.0, 0.0, 0.0, 0.0, -1.0, 0.0, 0.0, 0.0, 0.0, 1.0 ], [ -0.82623875, 0.56332004, 0.0, 0.0, 0.56332004, 0.82623875, 0.0, 0.0, 0.0, 0.0, -1.0, 0.0, 0.0, 0.0, 0.0, 1.0 ], [ -0.90096885, 0.43388373, 0.0, 0.0, 0.43388373, 0.90096885, 0.0, 0.0, 0.0, 0.0, -1.0, 0.0, 0.0, 0.0, 0.0, 1.0 ], [ -0.9555728, 0.29475516, 0.0, 0.0, 0.29475516, 0.9555728, 0.0, 0.0, 0.0, 0.0, -1.0, 0.0, 0.0, 0.0, 0.0, 1.0 ], [ -0.9888308, 0.14904226, 0.0, 0.0, 0.14904226, 0.9888308, 0.0, 0.0, 0.0, 0.0, -1.0, 0.0, 0.0, 0.0, 0.0, 1.0 ], [ -1.0, 0.0, 0.0, 0.0, 0.0, 1.0, 0.0, 0.0, 0.0, 0.0, -1.0, 0.0, 0.0, 0.0, 0.0, 1.0 ], [ -0.9888308, -0.14904226, 0.0, 0.0, -0.14904226, 0.9888308, 0.0, 0.0, 0.0, 0.0, -1.0, 0.0, 0.0, 0.0, 0.0, 1.0 ], [ -0.9555728, -0.29475516, 0.0, 0.0, -0.29475516, 0.9555728, 0.0, 0.0, 0.0, 0.0, -1.0, 0.0, 0.0, 0.0, 0.0, 1.0 ], [ -0.90096885, -0.43388373, 0.0, 0.0, -0.43388373, 0.90096885, 0.0, 0.0, 0.0, 0.0, -1.0, 0.0, 0.0, 0.0, 0.0, 1.0 ], [ -0.82623875, -0.56332004, 0.0, 0.0, -0.56332004, 0.82623875, 0.0, 0.0, 0.0, 0.0, -1.0, 0.0, 0.0, 0.0, 0.0, 1.0 ], [ -0.7330519, -0.68017274, 0.0, 0.0, -0.68017274, 0.7330519, 0.0, 0.0, 0.0, 0.0, -1.0, 0.0, 0.0, 0.0, 0.0, 1.0 ], [ -0.6234898, -0.7818315, 0.0, 0.0, -0.7818315, 0.6234898, 0.0, 0.0, 0.0, 0.0, -1.0, 0.0, 0.0, 0.0, 0.0, 1.0 ], [ -0.5, -0.8660254, 0.0, 0.0, -0.8660254, 0.5, 0.0, 0.0, 0.0, 0.0, -1.0, 0.0, 0.0, 0.0, 0.0, 1.0 ], [ -0.36534104, -0.93087375, 0.0, 0.0, -0.93087375, 0.36534104, 0.0, 0.0, 0.0, 0.0, -1.0, 0.0, 0.0, 0.0, 0.0, 1.0 ], [ -0.22252093, -0.9749279, 0.0, 0.0, -0.9749279, 0.22252093, 0.0, 0.0, 0.0, 0.0, -1.0, 0.0, 0.0, 0.0, 0.0, 1.0 ], [ -0.07473009, -0.9972038, 0.0, 0.0, -0.9972038, 0.07473009, 0.0, 0.0, 0.0, 0.0, -1.0, 0.0, 0.0, 0.0, 0.0, 1.0 ], [ 0.07473009, -0.9972038, 0.0, 0.0, -0.9972038, -0.07473009, 0.0, 0.0, 0.0, 0.0, -1.0, 0.0, 0.0, 0.0, 0.0, 1.0 ], [ 0.22252093, -0.9749279, 0.0, 0.0, -0.9749279, -0.22252093, 0.0, 0.0, 0.0, 0.0, -1.0, 0.0, 0.0, 0.0, 0.0, 1.0 ], [ 0.36534104, -0.93087375, 0.0, 0.0, -0.93087375, -0.36534104, 0.0, 0.0, 0.0, 0.0, -1.0, 0.0, 0.0, 0.0, 0.0, 1.0 ], [ 0.5, -0.8660254, 0.0, 0.0, -0.8660254, -0.5, 0.0, 0.0, 0.0, 0.0, -1.0, 0.0, 0.0, 0.0, 0.0, 1.0 ], [ 0.6234898, -0.7818315, 0.0, 0.0, -0.7818315, -0.6234898, 0.0, 0.0, 0.0, 0.0, -1.0, 0.0, 0.0, 0.0, 0.0, 1.0 ], [ 0.7330519, -0.68017274, 0.0, 0.0, -0.68017274, -0.7330519, 0.0, 0.0, 0.0, 0.0, -1.0, 0.0, 0.0, 0.0, 0.0, 1.0 ], [ 0.82623875, -0.56332004, 0.0, 0.0, -0.56332004, -0.82623875, 0.0, 0.0, 0.0, 0.0, -1.0, 0.0, 0.0, 0.0, 0.0, 1.0 ], [ 0.90096885, -0.43388373, 0.0, 0.0, -0.43388373, -0.90096885, 0.0, 0.0, 0.0, 0.0, -1.0, 0.0, 0.0, 0.0, 0.0, 1.0 ], [ 0.9555728, -0.29475516, 0.0, 0.0, -0.29475516, -0.9555728, 0.0, 0.0, 0.0, 0.0, -1.0, 0.0, 0.0, 0.0, 0.0, 1.0 ], [ 0.9888308, -0.14904226, 0.0, 0.0, -0.14904226, -0.9888308, 0.0, 0.0, 0.0, 0.0, -1.0, 0.0, 0.0, 0.0, 0.0, 1.0 ] ],
  "lights" : {
    "directionalLights" : [ {
      "direction" : {
        "x" : 1.0,
        "y" : -1.0,
        "z" : -1.0
      },
      "color" : "#EBEBE4"
    }, {
      "direction" : {
        "x" : -1.0,
        "y" : 0.0,
        "z" : 0.0
      },
      "color" : "#E4E4EB"
    }, {
      "direction" : {
        "x" : 0.0,
        "y" : 0.0,
        "z" : -1.0
      },
      "color" : "#1E1E1E"
    } ],
    "ambientColor" : "#292929",
    "backgroundColor" : "#AFC8DC"
  },
  "camera" : {
    "position" : {
      "x" : 0.0,
      "y" : 0.0,
      "z" : 168.82784
    },
    "width" : 75.97253,
    "upDirection" : {
      "x" : 0.0,
      "y" : 1.0,
      "z" : 0.0
    },
    "lookDirection" : {
      "x" : 0.0,
      "y" : 0.0,
      "z" : -1.0
    },
    "lookAtPoint" : {
      "x" : 0.0,
      "y" : 0.0,
      "z" : 0.0
    },
    "stereo" : false,
    "farClipDistance" : 337.65564,
    "nearClipDistance" : 0.42206955,
    "fieldOfView" : 0.4426289,
    "perspective" : true,
    "viewDistance" : 168.82784
  },
  "embedding" : [ 1.0, 0.0, 0.0, 0.0, 0.0, 1.0, 0.0, 0.0, 0.0, 0.0, 1.0, 0.0, 0.0, 0.0, 0.0, 1.0 ],
  "shapes" : [ {
    "id" : "bba27601-1187-4928-872f-25d95852fbfb",
    "vertices" : [ {
      "x" : 1.0,
      "y" : 0.0,
      "z" : 0.07473009
    }, {
      "x" : 0.9972038,
      "y" : 0.07473009,
      "z" : -0.07473009
    }, {
      "x" : 0.9888308,
      "y" : 0.14904226,
      "z" : 0.07473009
    }, {
      "x" : 0.9749279,
      "y" : 0.22252093,
      "z" : -0.07473009
    }, {
      "x" : 0.9555728,
      "y" : 0.29475516,
      "z" : 0.07473009
    }, {
      "x" : 0.93087375,
      "y" : 0.36534104,
      "z" : -0.07473009
    }, {
      "x" : 0.90096885,
      "y" : 0.43388373,
      "z" : 0.07473009
    }, {
      "x" : 0.8660254,
      "y" : 0.5,
      "z" : -0.07473009
    }, {
      "x" : 0.82623875,
      "y" : 0.56332004,
      "z" : 0.07473009
    }, {
      "x" : 0.7818315,
      "y" : 0.6234898,
      "z" : -0.07473009
    }, {
      "x" : 0.7330519,
      "y" : 0.68017274,
      "z" : 0.07473009
    }, {
      "x" : 0.68017274,
      "y" : 0.7330519,
      "z" : -0.07473009
    }, {
      "x" : 0.6234898,
      "y" : 0.7818315,
      "z" : 0.07473009
    }, {
      "x" : 0.56332004,
      "y" : 0.82623875,
      "z" : -0.07473009
    }, {
      "x" : 0.5,
      "y" : 0.8660254,
      "z" : 0.07473009
    }, {
      "x" : 0.43388373,
      "y" : 0.90096885,
      "z" : -0.07473009
    }, {
      "x" : 0.36534104,
      "y" : 0.93087375,
      "z" : 0.07473009
    }, {
      "x" : 0.29475516,
      "y" : 0.9555728,
      "z" : -0.07473009
    }, {
      "x" : 0.22252093,
      "y" : 0.9749279,
      "z" : 0.07473009
    }, {
      "x" : 0.14904226,
      "y" : 0.9888308,
      "z" : -0.07473009
    }, {
      "x" : 0.07473009,
      "y" : 0.9972038,
      "z" : 0.07473009
    }, {
      "x" : 0.0,
      "y" : 1.0,
      "z" : -0.07473009
    }, {
      "x" : -0.07473009,
      "y" : 0.9972038,
      "z" : 0.07473009
    }, {
      "x" : -0.14904226,
      "y" : 0.9888308,
      "z" : -0.07473009
    }, {
      "x" : -0.22252093,
      "y" : 0.9749279,
      "z" : 0.07473009
    }, {
      "x" : -0.29475516,
      "y" : 0.9555728,
      "z" : -0.07473009
    }, {
      "x" : -0.36534104,
      "y" : 0.93087375,
      "z" : 0.07473009
    }, {
      "x" : -0.43388373,
      "y" : 0.90096885,
      "z" : -0.07473009
    }, {
      "x" : -0.5,
      "y" : 0.8660254,
      "z" : 0.07473009
    }, {
      "x" : -0.56332004,
      "y" : 0.82623875,
      "z" : -0.07473009
    }, {
      "x" : -0.6234898,
      "y" : 0.7818315,
      "z" : 0.07473009
    }, {
      "x" : -0.68017274,
      "y" : 0.7330519,
      "z" : -0.07473009
    }, {
      "x" : -0.7330519,
      "y" : 0.68017274,
      "z" : 0.07473009
    }, {
      "x" : -0.7818315,
      "y" : 0.6234898,
      "z" : -0.07473009
    }, {
      "x" : -0.82623875,
      "y" : 0.56332004,
      "z" : 0.07473009
    }, {
      "x" : -0.8660254,
      "y" : 0.5,
      "z" : -0.07473009
    }, {
      "x" : -0.90096885,
      "y" : 0.43388373,
      "z" : 0.07473009
    }, {
      "x" : -0.93087375,
      "y" : 0.36534104,
      "z" : -0.07473009
    }, {
      "x" : -0.9555728,
      "y" : 0.29475516,
      "z" : 0.07473009
    }, {
      "x" : -0.9749279,
      "y" : 0.22252093,
      "z" : -0.07473009
    }, {
      "x" : -0.9888308,
      "y" : 0.14904226,
      "z" : 0.07473009
    }, {
      "x" : -0.9972038,
      "y" : 0.07473009,
      "z" : -0.07473009
    }, {
      "x" : -1.0,
      "y" : 0.0,
      "z" : 0.07473009
    }, {
      "x" : -0.9972038,
      "y" : -0.07473009,
      "z" : -0.07473009
    }, {
      "x" : -0.9888308,
      "y" : -0.14904226,
      "z" : 0.07473009
    }, {
      "x" : -0.9749279,
      "y" : -0.22252093,
      "z" : -0.07473009
    }, {
      "x" : -0.9555728,
      "y" : -0.29475516,
      "z" : 0.07473009
    }, {
      "x" : -0.93087375,
      "y" : -0.36534104,
      "z" : -0.07473009
    }, {
      "x" : -0.90096885,
      "y" : -0.43388373,
      "z" : 0.07473009
    }, {
      "x" : -0.8660254,
      "y" : -0.5,
      "z" : -0.07473009
    }, {
      "x" : -0.82623875,
      "y" : -0.56332004,
      "z" : 0.07473009
    }, {
      "x" : -0.7818315,
      "y" : -0.6234898,
      "z" : -0.07473009
    }, {
      "x" : -0.7330519,
      "y" : -0.68017274,
      "z" : 0.07473009
    }, {
      "x" : -0.68017274,
      "y" : -0.7330519,
      "z" : -0.07473009
    }, {
      "x" : -0.6234898,
      "y" : -0.7818315,
      "z" : 0.07473009
    }, {
      "x" : -0.56332004,
      "y" : -0.82623875,
      "z" : -0.07473009
    }, {
      "x" : -0.5,
      "y" : -0.8660254,
      "z" : 0.07473009
    }, {
      "x" : -0.43388373,
      "y" : -0.90096885,
      "z" : -0.07473009
    }, {
      "x" : -0.36534104,
      "y" : -0.93087375,
      "z" : 0.07473009
    }, {
      "x" : -0.29475516,
      "y" : -0.9555728,
      "z" : -0.07473009
    }, {
      "x" : -0.22252093,
      "y" : -0.9749279,
      "z" : 0.07473009
    }, {
      "x" : -0.14904226,
      "y" : -0.9888308,
      "z" : -0.07473009
    }, {
      "x" : -0.07473009,
      "y" : -0.9972038,
      "z" : 0.07473009
    }, {
      "x" : 0.0,
      "y" : -1.0,
      "z" : -0.07473009
    }, {
      "x" : 0.07473009,
      "y" : -0.9972038,
      "z" : 0.07473009
    }, {
      "x" : 0.14904226,
      "y" : -0.9888308,
      "z" : -0.07473009
    }, {
      "x" : 0.22252093,
      "y" : -0.9749279,
      "z" : 0.07473009
    }, {
      "x" : 0.29475516,
      "y" : -0.9555728,
      "z" : -0.07473009
    }, {
      "x" : 0.36534104,
      "y" : -0.93087375,
      "z" : 0.07473009
    }, {
      "x" : 0.43388373,
      "y" : -0.90096885,
      "z" : -0.07473009
    }, {
      "x" : 0.5,
      "y" : -0.8660254,
      "z" : 0.07473009
    }, {
      "x" : 0.56332004,
      "y" : -0.82623875,
      "z" : -0.07473009
    }, {
      "x" : 0.6234898,
      "y" : -0.7818315,
      "z" : 0.07473009
    }, {
      "x" : 0.68017274,
      "y" : -0.7330519,
      "z" : -0.07473009
    }, {
      "x" : 0.7330519,
      "y" : -0.68017274,
      "z" : 0.07473009
    }, {
      "x" : 0.7818315,
      "y" : -0.6234898,
      "z" : -0.07473009
    }, {
      "x" : 0.82623875,
      "y" : -0.56332004,
      "z" : 0.07473009
    }, {
      "x" : 0.8660254,
      "y" : -0.5,
      "z" : -0.07473009
    }, {
      "x" : 0.90096885,
      "y" : -0.43388373,
      "z" : 0.07473009
    }, {
      "x" : 0.93087375,
      "y" : -0.36534104,
      "z" : -0.07473009
    }, {
      "x" : 0.9555728,
      "y" : -0.29475516,
      "z" : 0.07473009
    }, {
      "x" : 0.9749279,
      "y" : -0.22252093,
      "z" : -0.07473009
    }, {
      "x" : 0.9888308,
      "y" : -0.14904226,
      "z" : 0.07473009
    }, {
      "x" : 0.9972038,
      "y" : -0.07473009,
      "z" : -0.07473009
    } ],
    "faces" : [ {
      "vertices" : [ 42, 43, 44 ]
    }, {
      "vertices" : [ 0, 1, 2 ]
    }, {
      "vertices" : [ 43, 45, 44 ]
    }, {
      "vertices" : [ 1, 3, 2 ]
    }, {
      "vertices" : [ 44, 45, 46 ]
    }, {
      "vertices" : [ 2, 3, 4 ]
    }, {
      "vertices" : [ 45, 47, 46 ]
    }, {
      "vertices" : [ 3, 5, 4 ]
    }, {
      "vertices" : [ 46, 47, 48 ]
    }, {
      "vertices" : [ 4, 5, 6 ]
    }, {
      "vertices" : [ 47, 49, 48 ]
    }, {
      "vertices" : [ 5, 7, 6 ]
    }, {
      "vertices" : [ 48, 49, 50 ]
    }, {
      "vertices" : [ 6, 7, 8 ]
    }, {
      "vertices" : [ 49, 51, 50 ]
    }, {
      "vertices" : [ 7, 9, 8 ]
    }, {
      "vertices" : [ 50, 51, 52 ]
    }, {
      "vertices" : [ 8, 9, 10 ]
    }, {
      "vertices" : [ 51, 53, 52 ]
    }, {
      "vertices" : [ 9, 11, 10 ]
    }, {
      "vertices" : [ 52, 53, 54 ]
    }, {
      "vertices" : [ 10, 11, 12 ]
    }, {
      "vertices" : [ 53, 55, 54 ]
    }, {
      "vertices" : [ 11, 13, 12 ]
    }, {
      "vertices" : [ 54, 55, 56 ]
    }, {
      "vertices" : [ 0, 82, 83 ]
    }, {
      "vertices" : [ 12, 13, 14 ]
    }, {
      "vertices" : [ 55, 57, 56 ]
    }, {
      "vertices" : [ 13, 15, 14 ]
    }, {
      "vertices" : [ 56, 57, 58 ]
    }, {
      "vertices" : [ 14, 15, 16 ]
    }, {
      "vertices" : [ 57, 59, 58 ]
    }, {
      "vertices" : [ 15, 17, 16 ]
    }, {
      "vertices" : [ 58, 59, 60 ]
    }, {
      "vertices" : [ 16, 17, 18 ]
    }, {
      "vertices" : [ 59, 61, 60 ]
    }, {
      "vertices" : [ 17, 19, 18 ]
    }, {
      "vertices" : [ 60, 61, 62 ]
    }, {
      "vertices" : [ 18, 19, 20 ]
    }, {
      "vertices" : [ 0, 2, 4 ]
    }, {
      "vertices" : [ 0, 4, 6 ]
    }, {
      "vertices" : [ 0, 6, 8 ]
    }, {
      "vertices" : [ 0, 8, 10 ]
    }, {
      "vertices" : [ 0, 10, 12 ]
    }, {
      "vertices" : [ 0, 12, 14 ]
    }, {
      "vertices" : [ 0, 14, 16 ]
    }, {
      "vertices" : [ 0, 16, 18 ]
    }, {
      "vertices" : [ 0, 18, 20 ]
    }, {
      "vertices" : [ 0, 20, 22 ]
    }, {
      "vertices" : [ 0, 22, 24 ]
    }, {
      "vertices" : [ 0, 24, 26 ]
    }, {
      "vertices" : [ 0, 26, 28 ]
    }, {
      "vertices" : [ 0, 28, 30 ]
    }, {
      "vertices" : [ 0, 30, 32 ]
    }, {
      "vertices" : [ 0, 32, 34 ]
    }, {
      "vertices" : [ 0, 34, 36 ]
    }, {
      "vertices" : [ 0, 36, 38 ]
    }, {
      "vertices" : [ 0, 38, 40 ]
    }, {
      "vertices" : [ 0, 40, 42 ]
    }, {
      "vertices" : [ 0, 42, 44 ]
    }, {
      "vertices" : [ 0, 44, 46 ]
    }, {
      "vertices" : [ 0, 46, 48 ]
    }, {
      "vertices" : [ 0, 48, 50 ]
    }, {
      "vertices" : [ 0, 50, 52 ]
    }, {
      "vertices" : [ 0, 52, 54 ]
    }, {
      "vertices" : [ 0, 54, 56 ]
    }, {
      "vertices" : [ 0, 56, 58 ]
    }, {
      "vertices" : [ 0, 58, 60 ]
    }, {
      "vertices" : [ 0, 60, 62 ]
    }, {
      "vertices" : [ 0, 62, 64 ]
    }, {
      "vertices" : [ 0, 64, 66 ]
    }, {
      "vertices" : [ 0, 66, 68 ]
    }, {
      "vertices" : [ 0, 68, 70 ]
    }, {
      "vertices" : [ 0, 70, 72 ]
    }, {
      "vertices" : [ 0, 72, 74 ]
    }, {
      "vertices" : [ 0, 74, 76 ]
    }, {
      "vertices" : [ 0, 76, 78 ]
    }, {
      "vertices" : [ 0, 78, 80 ]
    }, {
      "vertices" : [ 0, 80, 82 ]
    }, {
      "vertices" : [ 61, 63, 62 ]
    }, {
      "vertices" : [ 19, 21, 20 ]
    }, {
      "vertices" : [ 62, 63, 64 ]
    }, {
      "vertices" : [ 20, 21, 22 ]
    }, {
      "vertices" : [ 63, 65, 64 ]
    }, {
      "vertices" : [ 21, 23, 22 ]
    }, {
      "vertices" : [ 64, 65, 66 ]
    }, {
      "vertices" : [ 22, 23, 24 ]
    }, {
      "vertices" : [ 65, 67, 66 ]
    }, {
      "vertices" : [ 23, 25, 24 ]
    }, {
      "vertices" : [ 66, 67, 68 ]
    }, {
      "vertices" : [ 24, 25, 26 ]
    }, {
      "vertices" : [ 67, 69, 68 ]
    }, {
      "vertices" : [ 25, 27, 26 ]
    }, {
      "vertices" : [ 68, 69, 70 ]
    }, {
      "vertices" : [ 26, 27, 28 ]
    }, {
      "vertices" : [ 69, 71, 70 ]
    }, {
      "vertices" : [ 27, 29, 28 ]
    }, {
      "vertices" : [ 0, 83, 1 ]
    }, {
      "vertices" : [ 70, 71, 72 ]
    }, {
      "vertices" : [ 28, 29, 30 ]
    }, {
      "vertices" : [ 71, 73, 72 ]
    }, {
      "vertices" : [ 29, 31, 30 ]
    }, {
      "vertices" : [ 72, 73, 74 ]
    }, {
      "vertices" : [ 30, 31, 32 ]
    }, {
      "vertices" : [ 73, 75, 74 ]
    }, {
      "vertices" : [ 31, 33, 32 ]
    }, {
      "vertices" : [ 74, 75, 76 ]
    }, {
      "vertices" : [ 32, 33, 34 ]
    }, {
      "vertices" : [ 1, 83, 81 ]
    }, {
      "vertices" : [ 1, 81, 79 ]
    }, {
      "vertices" : [ 1, 79, 77 ]
    }, {
      "vertices" : [ 1, 77, 75 ]
    }, {
      "vertices" : [ 1, 75, 73 ]
    }, {
      "vertices" : [ 1, 73, 71 ]
    }, {
      "vertices" : [ 1, 71, 69 ]
    }, {
      "vertices" : [ 1, 69, 67 ]
    }, {
      "vertices" : [ 1, 67, 65 ]
    }, {
      "vertices" : [ 1, 65, 63 ]
    }, {
      "vertices" : [ 1, 63, 61 ]
    }, {
      "vertices" : [ 1, 61, 59 ]
    }, {
      "vertices" : [ 1, 59, 57 ]
    }, {
      "vertices" : [ 1, 57, 55 ]
    }, {
      "vertices" : [ 1, 55, 53 ]
    }, {
      "vertices" : [ 1, 53, 51 ]
    }, {
      "vertices" : [ 1, 51, 49 ]
    }, {
      "vertices" : [ 1, 49, 47 ]
    }, {
      "vertices" : [ 1, 47, 45 ]
    }, {
      "vertices" : [ 1, 45, 43 ]
    }, {
      "vertices" : [ 1, 43, 41 ]
    }, {
      "vertices" : [ 1, 41, 39 ]
    }, {
      "vertices" : [ 1, 39, 37 ]
    }, {
      "vertices" : [ 1, 37, 35 ]
    }, {
      "vertices" : [ 1, 35, 33 ]
    }, {
      "vertices" : [ 1, 33, 31 ]
    }, {
      "vertices" : [ 1, 31, 29 ]
    }, {
      "vertices" : [ 1, 29, 27 ]
    }, {
      "vertices" : [ 1, 27, 25 ]
    }, {
      "vertices" : [ 1, 25, 23 ]
    }, {
      "vertices" : [ 1, 23, 21 ]
    }, {
      "vertices" : [ 1, 21, 19 ]
    }, {
      "vertices" : [ 1, 19, 17 ]
    }, {
      "vertices" : [ 1, 17, 15 ]
    }, {
      "vertices" : [ 1, 15, 13 ]
    }, {
      "vertices" : [ 1, 13, 11 ]
    }, {
      "vertices" : [ 1, 11, 9 ]
    }, {
      "vertices" : [ 1, 9, 7 ]
    }, {
      "vertices" : [ 1, 7, 5 ]
    }, {
      "vertices" : [ 1, 5, 3 ]
    }, {
      "vertices" : [ 75, 77, 76 ]
    }, {
      "vertices" : [ 33, 35, 34 ]
    }, {
      "vertices" : [ 76, 77, 78 ]
    }, {
      "vertices" : [ 34, 35, 36 ]
    }, {
      "vertices" : [ 77, 79, 78 ]
    }, {
      "vertices" : [ 35, 37, 36 ]
    }, {
      "vertices" : [ 78, 79, 80 ]
    }, {
      "vertices" : [ 36, 37, 38 ]
    }, {
      "vertices" : [ 79, 81, 80 ]
    }, {
      "vertices" : [ 37, 39, 38 ]
    }, {
      "vertices" : [ 80, 81, 82 ]
    }, {
      "vertices" : [ 38, 39, 40 ]
    }, {
      "vertices" : [ 81, 83, 82 ]
    }, {
      "vertices" : [ 39, 41, 40 ]
    }, {
      "vertices" : [ 40, 41, 42 ]
    }, {
      "vertices" : [ 41, 43, 42 ]
    } ]
  }, {
    "id" : "25084248-a22e-46da-97f1-442fdfda17a9",
    "vertices" : [ {
      "x" : -9.173652,
      "y" : 8.906985,
      "z" : 0.13333334
    }, {
      "x" : -9.273652,
      "y" : 9.006985,
      "z" : -0.26666668
    }, {
      "x" : -0.43333334,
      "y" : 0.7,
      "z" : -0.13333334
    }, {
      "x" : -0.33333334,
      "y" : 0.6,
      "z" : 0.26666668
    }, {
      "x" : -9.0403185,
      "y" : 9.306985,
      "z" : -0.13333334
    }, {
      "x" : -8.940318,
      "y" : 9.206985,
      "z" : 0.26666668
    }, {
      "x" : -0.56666666,
      "y" : 0.3,
      "z" : 0.13333334
    }, {
      "x" : -0.6666667,
      "y" : 0.4,
      "z" : -0.26666668
    } ],
    "faces" : [ {
      "vertices" : [ 2, 3, 6 ]
    }, {
      "vertices" : [ 2, 6, 7 ]
    }, {
      "vertices" : [ 0, 5, 4 ]
    }, {
      "vertices" : [ 0, 4, 1 ]
    }, {
      "vertices" : [ 2, 4, 5 ]
    }, {
      "vertices" : [ 2, 5, 3 ]
    }, {
      "vertices" : [ 0, 6, 3 ]
    }, {
      "vertices" : [ 0, 3, 5 ]
    }, {
      "vertices" : [ 0, 1, 7 ]
    }, {
      "vertices" : [ 0, 7, 6 ]
    }, {
      "vertices" : [ 1, 4, 2 ]
    }, {
      "vertices" : [ 1, 2, 7 ]
    } ]
  }, {
    "id" : "e70c4aa9-74c9-4aef-bcb3-07415d1c75dc",
    "vertices" : [ {
      "x" : 30.165041,
      "y" : 2.1480672,
      "z" : -0.26666668
    }, {
      "x" : 30.06504,
      "y" : 2.0480673,
      "z" : 0.13333334
    }, {
      "x" : 0.5989101,
      "y" : 0.15737204,
      "z" : 0.26666668
    }, {
      "x" : 0.6989101,
      "y" : 0.25737205,
      "z" : -0.13333334
    }, {
      "x" : 29.831707,
      "y" : 2.3480673,
      "z" : 0.26666668
    }, {
      "x" : 29.931707,
      "y" : 2.4480674,
      "z" : -0.13333334
    }, {
      "x" : 0.93224347,
      "y" : -0.042627953,
      "z" : -0.26666668
    }, {
      "x" : 0.83224344,
      "y" : -0.14262795,
      "z" : 0.13333334
    } ],
    "faces" : [ {
      "vertices" : [ 2, 3, 6 ]
    }, {
      "vertices" : [ 2, 6, 7 ]
    }, {
      "vertices" : [ 0, 5, 4 ]
    }, {
      "vertices" : [ 0, 4, 1 ]
    }, {
      "vertices" : [ 2, 4, 5 ]
    }, {
      "vertices" : [ 2, 5, 3 ]
    }, {
      "vertices" : [ 0, 6, 3 ]
    }, {
      "vertices" : [ 0, 3, 5 ]
    }, {
      "vertices" : [ 0, 1, 7 ]
    }, {
      "vertices" : [ 0, 7, 6 ]
    }, {
      "vertices" : [ 1, 4, 2 ]
    }, {
      "vertices" : [ 1, 2, 7 ]
    } ]
  }, {
    "id" : "ba763227-d1d0-4f18-b933-217a90313577",
    "vertices" : [ {
      "x" : 10.135352,
      "y" : 0.6470497,
      "z" : -0.26666668
    }, {
      "x" : 10.035352,
      "y" : 0.5470497,
      "z" : 0.13333334
    }, {
      "x" : 0.5989101,
      "y" : 0.15737204,
      "z" : 0.26666668
    }, {
      "x" : 0.6989101,
      "y" : 0.25737205,
      "z" : -0.13333334
    }, {
      "x" : 9.802019,
      "y" : 0.8470497,
      "z" : 0.26666668
    }, {
      "x" : 9.902019,
      "y" : 0.9470497,
      "z" : -0.13333334
    }, {
      "x" : 0.93224347,
      "y" : -0.042627953,
      "z" : -0.26666668
    }, {
      "x" : 0.83224344,
      "y" : -0.14262795,
      "z" : 0.13333334
    } ],
    "faces" : [ {
      "vertices" : [ 2, 3, 6 ]
    }, {
      "vertices" : [ 2, 6, 7 ]
    }, {
      "vertices" : [ 0, 5, 4 ]
    }, {
      "vertices" : [ 0, 4, 1 ]
    }, {
      "vertices" : [ 2, 4, 5 ]
    }, {
      "vertices" : [ 2, 5, 3 ]
    }, {
      "vertices" : [ 0, 6, 3 ]
    }, {
      "vertices" : [ 0, 3, 5 ]
    }, {
      "vertices" : [ 0, 1, 7 ]
    }, {
      "vertices" : [ 0, 7, 6 ]
    }, {
      "vertices" : [ 1, 4, 2 ]
    }, {
      "vertices" : [ 1, 2, 7 ]
    } ]
  }, {
    "id" : "d274b0e7-f90b-4b76-bf19-7cb9668a57d3",
    "vertices" : [ {
      "x" : 15.821793,
      "y" : 0.0,
      "z" : 0.0
    }, {
      "x" : 9.864726,
      "y" : 12.369975,
      "z" : 0.0
    }, {
      "x" : -3.52068,
      "y" : 15.425107,
      "z" : 0.0
    }, {
      "x" : -14.254942,
      "y" : 6.8648186,
      "z" : 0.0
    }, {
      "x" : -14.254942,
      "y" : -6.8648186,
      "z" : 0.0
    }, {
      "x" : -3.52068,
      "y" : -15.425107,
      "z" : 0.0
    }, {
      "x" : 9.864726,
      "y" : -12.369975,
      "z" : 0.0
    } ],
    "faces" : [ {
      "vertices" : [ 0, 1, 2 ]
    }, {
      "vertices" : [ 0, 2, 3 ]
    }, {
      "vertices" : [ 0, 3, 4 ]
    }, {
      "vertices" : [ 0, 4, 5 ]
    }, {
      "vertices" : [ 0, 5, 6 ]
    }, {
      "vertices" : [ 0, 6, 5 ]
    }, {
      "vertices" : [ 0, 5, 4 ]
    }, {
      "vertices" : [ 0, 4, 3 ]
    }, {
      "vertices" : [ 0, 3, 2 ]
    }, {
      "vertices" : [ 0, 2, 1 ]
    } ]
  } ],
  "instances" : [ {
    "shape" : "bba27601-1187-4928-872f-25d95852fbfb",
    "color" : "#FF9900",
    "position" : {
      "x" : 6.214807,
      "y" : 9.606985,
      "z" : 0.0
    }
  }, {
    "shape" : "25084248-a22e-46da-97f1-442fdfda17a9",
    "color" : "#3366FF",
    "position" : {
      "x" : -12.714389,
      "y" : -5.3821807,
      "z" : 0.0
    },
    "orientation" : 21
  }, {
    "shape" : "bba27601-1187-4928-872f-25d95852fbfb",
    "color" : "#FF9900",
    "position" : {
      "x" : -3.1074035,
      "y" : 4.2248044,
      "z" : 0.0
    }
  }, {
    "shape" : "e70c4aa9-74c9-4aef-bcb3-07415d1c75dc",
    "color" : "#000000",
    "position" : {
      "x" : -3.52068,
      "y" : 15.425107,
      "z" : 0.0
    },
    "orientation" : 31
  }, {
    "shape" : "ba763227-d1d0-4f18-b933-217a90313577",
    "color" : "#99FF66",
    "position" : {
      "x" : -3.392178,
      "y" : 0.0,
      "z" : 0.0
    },
    "orientation" : 17
  }, {
    "shape" : "25084248-a22e-46da-97f1-442fdfda17a9",
    "color" : "#3366FF",
    "position" : {
      "x" : 6.499582,
      "y" : 5.3821807,
      "z" : 0.0
    },
    "orientation" : 0
  }, {
    "shape" : "ba763227-d1d0-4f18-b933-217a90313577",
    "color" : "#99FF66",
    "position" : {
      "x" : -3.1074035,
      "y" : -14.989166,
      "z" : 0.0
    },
    "orientation" : 3
  }, {
    "shape" : "25084248-a22e-46da-97f1-442fdfda17a9",
    "color" : "#3366FF",
    "position" : {
      "x" : 15.821793,
      "y" : 0.0,
      "z" : 0.0
    },
    "orientation" : 0
  }, {
    "shape" : "ba763227-d1d0-4f18-b933-217a90313577",
    "color" : "#99FF66",
    "position" : {
      "x" : -12.714389,
      "y" : 5.3821807,
      "z" : 0.0
    },
    "orientation" : 31
  }, {
    "shape" : "bba27601-1187-4928-872f-25d95852fbfb",
    "color" : "#288080",
    "position" : {
      "x" : -14.254942,
      "y" : -6.8648186,
      "z" : 0.0
    }
  }, {
    "shape" : "bba27601-1187-4928-872f-25d95852fbfb",
    "color" : "#FF9900",
    "position" : {
      "x" : -3.1074035,
      "y" : -4.2248044,
      "z" : 0.0
    }
  }, {
    "shape" : "ba763227-d1d0-4f18-b933-217a90313577",
    "color" : "#99FF66",
    "position" : {
      "x" : -3.1074035,
      "y" : -4.2248044,
      "z" : 0.0
    },
    "orientation" : 31
  }, {
    "shape" : "bba27601-1187-4928-872f-25d95852fbfb",
    "color" : "#FF9900",
    "position" : {
      "x" : -12.714389,
      "y" : -5.3821807,
      "z" : 0.0
    }
  }, {
    "shape" : "25084248-a22e-46da-97f1-442fdfda17a9",
    "color" : "#3366FF",
    "position" : {
      "x" : -3.1074035,
      "y" : 14.989166,
      "z" : 0.0
    },
    "orientation" : 42
  }, {
    "shape" : "bba27601-1187-4928-872f-25d95852fbfb",
    "color" : "#288080",
    "position" : {
      "x" : 9.864726,
      "y" : 12.369975,
      "z" : 0.0
    }
  }, {
    "shape" : "ba763227-d1d0-4f18-b933-217a90313577",
    "color" : "#99FF66",
    "position" : {
      "x" : 6.499582,
      "y" : 5.3821807,
      "z" : 0.0
    },
    "orientation" : 31
  }, {
    "shape" : "ba763227-d1d0-4f18-b933-217a90313577",
    "color" : "#99FF66",
    "position" : {
      "x" : -3.1074035,
      "y" : 4.2248044,
      "z" : 0.0
    },
    "orientation" : 3
  }, {
    "shape" : "e70c4aa9-74c9-4aef-bcb3-07415d1c75dc",
    "color" : "#000000",
    "position" : {
      "x" : -14.254942,
      "y" : -6.8648186,
      "z" : 0.0
    },
    "orientation" : 1
  }, {
    "shape" : "ba763227-d1d0-4f18-b933-217a90313577",
    "color" : "#99FF66",
    "position" : {
      "x" : 15.821793,
      "y" : 0.0,
      "z" : 0.0
    },
    "orientation" : 17
  }, {
    "shape" : "e70c4aa9-74c9-4aef-bcb3-07415d1c75dc",
    "color" : "#000000",
    "position" : {
      "x" : 9.864726,
      "y" : -12.369975,
      "z" : 0.0
    },
    "orientation" : 13
  }, {
    "shape" : "bba27601-1187-4928-872f-25d95852fbfb",
    "color" : "#FF9900",
    "position" : {
      "x" : 6.214807,
      "y" : -9.606985,
      "z" : 0.0
    }
  }, {
    "shape" : "25084248-a22e-46da-97f1-442fdfda17a9",
    "color" : "#3366FF",
    "position" : {
      "x" : -3.1074035,
      "y" : -4.2248044,
      "z" : 0.0
    },
    "orientation" : 63
  }, {
    "shape" : "25084248-a22e-46da-97f1-442fdfda17a9",
    "color" : "#3366FF",
    "position" : {
      "x" : 6.214807,
      "y" : -9.606985,
      "z" : 0.0
    },
    "orientation" : 63
  }, {
    "shape" : "bba27601-1187-4928-872f-25d95852fbfb",
    "color" : "#FF9900",
    "position" : {
      "x" : -3.1074035,
      "y" : 14.989166,
      "z" : 0.0
    }
  }, {
    "shape" : "bba27601-1187-4928-872f-25d95852fbfb",
    "color" : "#FF9900",
    "position" : {
      "x" : -3.392178,
      "y" : 0.0,
      "z" : 0.0
    }
  }, {
    "shape" : "bba27601-1187-4928-872f-25d95852fbfb",
    "color" : "#288080",
    "position" : {
      "x" : 9.864726,
      "y" : -12.369975,
      "z" : 0.0
    }
  }, {
    "shape" : "25084248-a22e-46da-97f1-442fdfda17a9",
    "color" : "#3366FF",
    "position" : {
      "x" : -3.392178,
      "y" : 0.0,
      "z" : 0.0
    },
    "orientation" : 21
  }, {
    "shape" : "25084248-a22e-46da-97f1-442fdfda17a9",
    "color" : "#3366FF",
    "position" : {
      "x" : -3.1074035,
      "y" : -14.989166,
      "z" : 0.0
    },
    "orientation" : 63
  }, {
    "shape" : "bba27601-1187-4928-872f-25d95852fbfb",
    "color" : "#288080",
    "position" : {
      "x" : -3.52068,
      "y" : 15.425107,
      "z" : 0.0
    }
  }, {
    "shape" : "e70c4aa9-74c9-4aef-bcb3-07415d1c75dc",
    "color" : "#000000",
    "position" : {
      "x" : -14.254942,
      "y" : 6.8648186,
      "z" : 0.0
    },
    "orientation" : 37
  }, {
    "shape" : "bba27601-1187-4928-872f-25d95852fbfb",
    "color" : "#288080",
    "position" : {
      "x" : 15.821793,
      "y" : 0.0,
      "z" : 0.0
    }
  }, {
    "shape" : "e70c4aa9-74c9-4aef-bcb3-07415d1c75dc",
    "color" : "#000000",
    "position" : {
      "x" : -3.52068,
      "y" : -15.425107,
      "z" : 0.0
    },
    "orientation" : 7
  }, {
    "shape" : "bba27601-1187-4928-872f-25d95852fbfb",
    "color" : "#288080",
    "position" : {
      "x" : -3.52068,
      "y" : -15.425107,
      "z" : 0.0
    }
  }, {
    "shape" : "ba763227-d1d0-4f18-b933-217a90313577",
    "color" : "#99FF66",
    "position" : {
      "x" : 6.214807,
      "y" : -9.606985,
      "z" : 0.0
    },
    "orientation" : 17
  }, {
    "shape" : "e70c4aa9-74c9-4aef-bcb3-07415d1c75dc",
    "color" : "#000000",
    "position" : {
      "x" : 15.821793,
      "y" : 0.0,
      "z" : 0.0
    },
    "orientation" : 19
  }, {
    "shape" : "bba27601-1187-4928-872f-25d95852fbfb",
    "color" : "#FF9900",
    "position" : {
      "x" : -3.1074035,
      "y" : -14.989166,
      "z" : 0.0
    }
  }, {
    "shape" : "bba27601-1187-4928-872f-25d95852fbfb",
    "color" : "#FF9900",
    "position" : {
      "x" : -12.714389,
      "y" : 5.3821807,
      "z" : 0.0
    }
  }, {
    "shape" : "ba763227-d1d0-4f18-b933-217a90313577",
    "color" : "#99FF66",
    "position" : {
      "x" : -3.1074035,
      "y" : 14.989166,
      "z" : 0.0
    },
    "orientation" : 31
  }, {
    "shape" : "25084248-a22e-46da-97f1-442fdfda17a9",
    "color" : "#3366FF",
    "position" : {
      "x" : 6.214807,
      "y" : 9.606985,
      "z" : 0.0
    },
    "orientation" : 42
  }, {
    "shape" : "bba27601-1187-4928-872f-25d95852fbfb",
    "color" : "#FF9900",
    "position" : {
      "x" : 6.499582,
      "y" : -5.3821807,
      "z" : 0.0
    }
  }, {
    "shape" : "bba27601-1187-4928-872f-25d95852fbfb",
    "color" : "#FF9900",
    "position" : {
      "x" : 6.499582,
      "y" : 5.3821807,
      "z" : 0.0
    }
  }, {
    "shape" : "bba27601-1187-4928-872f-25d95852fbfb",
    "color" : "#288080",
    "position" : {
      "x" : -14.254942,
      "y" : 6.8648186,
      "z" : 0.0
    }
  }, {
    "shape" : "25084248-a22e-46da-97f1-442fdfda17a9",
    "color" : "#3366FF",
    "position" : {
      "x" : -12.714389,
      "y" : 5.3821807,
      "z" : 0.0
    },
    "orientation" : 21
  }, {
    "shape" : "ba763227-d1d0-4f18-b933-217a90313577",
    "color" : "#99FF66",
    "position" : {
      "x" : 6.214807,
      "y" : 9.606985,
      "z" : 0.0
    },
    "orientation" : 17
  }, {
    "shape" : "ba763227-d1d0-4f18-b933-217a90313577",
    "color" : "#99FF66",
    "position" : {
      "x" : -12.714389,
      "y" : -5.3821807,
      "z" : 0.0
    },
    "orientation" : 3
  }, {
    "shape" : "25084248-a22e-46da-97f1-442fdfda17a9",
    "color" : "#3366FF",
    "position" : {
      "x" : -3.1074035,
      "y" : 4.2248044,
      "z" : 0.0
    },
    "orientation" : 42
  }, {
    "shape" : "e70c4aa9-74c9-4aef-bcb3-07415d1c75dc",
    "color" : "#000000",
    "position" : {
      "x" : 9.864726,
      "y" : 12.369975,
      "z" : 0.0
    },
    "orientation" : 25
  }, {
    "shape" : "ba763227-d1d0-4f18-b933-217a90313577",
    "color" : "#99FF66",
    "position" : {
      "x" : 6.499582,
      "y" : -5.3821807,
      "z" : 0.0
    },
    "orientation" : 3
  }, {
    "shape" : "25084248-a22e-46da-97f1-442fdfda17a9",
    "color" : "#3366FF",
    "position" : {
      "x" : 6.499582,
      "y" : -5.3821807,
      "z" : 0.0
    },
    "orientation" : 0
  }, {
    "shape" : "d274b0e7-f90b-4b76-bf19-7cb9668a57d3",
    "color" : "#D77F7F",
    "position" : {
      "x" : 0.0,
      "y" : 0.0,
      "z" : 0.0
    }
  } ]
}