{
  "field" : "golden",
  "symmetry" : "icosahedral",
  "orientations" : [ [ 1.0, 0.0, 0.0, 0.0, 0.0, 1.0, 0.0, 0.0, 0.0, 0.0, 1.0, 0.0, 0.0, 0.0, 0.0, 1.0 ], [ 0.0, 0.0, 1.0, 0.0, 1.0, 0.0, 0.0, 0.0, 0.0, 1.0, 0.0, 0.0, 0.0, 0.0, 0.0, 1.0 ], [ 0.0, 1.0, 0.0, 0.0, 0.0, 0.0, 1.0, 0.0, 1.0, 0.0, 0.0, 0.0, 0.0, 0.0, 0.0, 1.0 ], [ 0.809017, 0.309017, 0.5, 0.0, 0.309017, 0.5, -0.809017, 0.0, -0.5, 0.809017, 0.309017, 0.0, 0.0, 0.0, 0.0, 1.0 ], [ -0.5, 0.809017, 0.309017, 0.0, 0.809017, 0.309017, 0.5, 0.0, 0.309017, 0.5, -0.809017, 0.0, 0.0, 0.0, 0.0, 1.0 ], [ 0.309017, 0.5, -0.809017, 0.0, -0.5, 0.809017, 0.309017, 0.0, 0.809017, 0.309017, 0.5, 0.0, 0.0, 0.0, 0.0, 1.0 ], [ 0.5, 0.809017, 0.309017, 0.0, 0.809017, -0.309017, -0.5, 0.0, -0.309017, 0.5, -0.809017, 0.0, 0.0, 0.0, 0.0, 1.0 ], [ -0.309017, 0.5, -0.809017, 0.0, 0.5, 0.809017, 0.309017, 0.0, 0.809017, -0.309017, -0.5, 0.0, 0.0, 0.0, 0.0, 1.0 ], [ 0.809017, -0.309017, -0.5, 0.0, -0.309017, 0.5, -0.809017, 0.0, 0.5, 0.809017, 0.309017, 0.0, 0.0, 0.0, 0.0, 1.0 ], [ 0.5, 0.809017, -0.309017, 0.0, 0.809017, -0.309017, 0.5, 0.0, 0.309017, -0.5, -0.809017, 0.0, 0.0, 0.0, 0.0, 1.0 ], [ 0.309017, -0.5, -0.809017, 0.0, 0.5, 0.809017, -0.309017, 0.0, 0.809017, -0.309017, 0.5, 0.0, 0.0, 0.0, 0.0, 1.0 ], [ 0.809017, -0.309017, 0.5, 0.0, 0.309017, -0.5, -0.809017, 0.0, 0.5, 0.809017, -0.309017, 0.0, 0.0, 0.0, 0.0, 1.0 ], [ 0.809017, 0.309017, -0.5, 0.0, 0.309017, 0.5, 0.809017, 0.0, 0.5, -0.809017, 0.309017, 0.0, 0.0, 0.0, 0.0, 1.0 ], [ 0.5, -0.809017, 0.309017, 0.0, 0.809017, 0.309017, -0.5, 0.0, 0.309017, 0.5, 0.809017, 0.0, 0.0, 0.0, 0.0, 1.0 ], [ 0.309017, 0.5, 0.809017, 0.0, 0.5, -0.809017, 0.309017, 0.0, 0.809017, 0.309017, -0.5, 0.0, 0.0, 0.0, 0.0, 1.0 ], [ 1.0, 0.0, 0.0, 0.0, 0.0, -1.0, 0.0, 0.0, 0.0, 0.0, -1.0, 0.0, 0.0, 0.0, 0.0, 1.0 ], [ 0.0, 0.0, 1.0, 0.0, -1.0, 0.0, 0.0, 0.0, 0.0, -1.0, 0.0, 0.0, 0.0, 0.0, 0.0, 1.0 ], [ 0.0, 1.0, 0.0, 0.0, 0.0, 0.0, -1.0, 0.0, -1.0, 0.0, 0.0, 0.0, 0.0, 0.0, 0.0, 1.0 ], [ 0.809017, 0.309017, 0.5, 0.0, -0.309017, -0.5, 0.809017, 0.0, 0.5, -0.809017, -0.309017, 0.0, 0.0, 0.0, 0.0, 1.0 ], [ -0.5, 0.809017, 0.309017, 0.0, -0.809017, -0.309017, -0.5, 0.0, -0.309017, -0.5, 0.809017, 0.0, 0.0, 0.0, 0.0, 1.0 ], [ 0.309017, 0.5, -0.809017, 0.0, 0.5, -0.809017, -0.309017, 0.0, -0.809017, -0.309017, -0.5, 0.0, 0.0, 0.0, 0.0, 1.0 ], [ 0.5, 0.809017, 0.309017, 0.0, -0.809017, 0.309017, 0.5, 0.0, 0.309017, -0.5, 0.809017, 0.0, 0.0, 0.0, 0.0, 1.0 ], [ -0.309017, 0.5, -0.809017, 0.0, -0.5, -0.809017, -0.309017, 0.0, -0.809017, 0.309017, 0.5, 0.0, 0.0, 0.0, 0.0, 1.0 ], [ 0.809017, -0.309017, -0.5, 0.0, 0.309017, -0.5, 0.809017, 0.0, -0.5, -0.809017, -0.309017, 0.0, 0.0, 0.0, 0.0, 1.0 ], [ 0.5, 0.809017, -0.309017, 0.0, -0.809017, 0.309017, -0.5, 0.0, -0.309017, 0.5, 0.809017, 0.0, 0.0, 0.0, 0.0, 1.0 ], [ 0.309017, -0.5, -0.809017, 0.0, -0.5, -0.809017, 0.309017, 0.0, -0.809017, 0.309017, -0.5, 0.0, 0.0, 0.0, 0.0, 1.0 ], [ 0.809017, -0.309017, 0.5, 0.0, -0.309017, 0.5, 0.809017, 0.0, -0.5, -0.809017, 0.309017, 0.0, 0.0, 0.0, 0.0, 1.0 ], [ 0.809017, 0.309017, -0.5, 0.0, -0.309017, -0.5, -0.809017, 0.0, -0.5, 0.809017, -0.309017, 0.0, 0.0, 0.0, 0.0, 1.0 ], [ 0.5, -0.809017, 0.309017, 0.0, -0.809017, -0.309017, 0.5, 0.0, -0.309017, -0.5, -0.809017, 0.0, 0.0, 0.0, 0.0, 1.0 ], [ 0.309017, 0.5, 0.809017, 0.0, -0.5, 0.809017, -0.309017, 0.0, -0.809017, -0.309017, 0.5, 0.0, 0.0, 0.0, 0.0, 1.0 ], [ -1.0, 0.0, 0.0, 0.0, 0.0, -1.0, 0.0, 0.0, 0.0, 0.0, 1.0, 0.0, 0.0, 0.0, 0.0, 1.0 ], [ 0.0, 0.0, -1.0, 0.0, -1.0, 0.0, 0.0, 0.0, 0.0, 1.0, 0.0, 0.0, 0.0, 0.0, 0.0, 1.0 ], [ 0.0, -1.0, 0.0, 0.0, 0.0, 0.0, -1.0, 0.0, 1.0, 0.0, 0.0, 0.0, 0.0, 0.0, 0.0, 1.0 ], [ -0.809017, -0.309017, -0.5, 0.0, -0.309017, -0.5, 0.809017, 0.0, -0.5, 0.809017, 0.309017, 0.0, 0.0, 0.0, 0.0, 1.0 ], [ 0.5, -0.809017, -0.309017, 0.0, -0.809017, -0.309017, -0.5, 0.0, 0.309017, 0.5, -0.809017, 0.0, 0.0, 0.0, 0.0, 1.0 ], [ -0.309017, -0.5, 0.809017, 0.0, 0.5, -0.809017, -0.309017, 0.0, 0.809017, 0.309017, 0.5, 0.0, 0.0, 0.0, 0.0, 1.0 ], [ -0.5, -0.809017, -0.309017, 0.0, -0.809017, 0.309017, 0.5, 0.0, -0.309017, 0.5, -0.809017, 0.0, 0.0, 0.0, 0.0, 1.0 ], [ 0.309017, -0.5, 0.809017, 0.0, -0.5, -0.809017, -0.309017, 0.0, 0.809017, -0.309017, -0.5, 0.0, 0.0, 0.0, 0.0, 1.0 ], [ -0.809017, 0.309017, 0.5, 0.0, 0.309017, -0.5, 0.809017, 0.0, 0.5, 0.809017, 0.309017, 0.0, 0.0, 0.0, 0.0, 1.0 ], [ -0.5, -0.809017, 0.309017, 0.0, -0.809017, 0.309017, -0.5, 0.0, 0.309017, -0.5, -0.809017, 0.0, 0.0, 0.0, 0.0, 1.0 ], [ -0.309017, 0.5, 0.809017, 0.0, -0.5, -0.809017, 0.309017, 0.0, 0.809017, -0.309017, 0.5, 0.0, 0.0, 0.0, 0.0, 1.0 ], [ -0.809017, 0.309017, -0.5, 0.0, -0.309017, 0.5, 0.809017, 0.0, 0.5, 0.809017, -0.309017, 0.0, 0.0, 0.0, 0.0, 1.0 ], [ -0.809017, -0.309017, 0.5, 0.0, -0.309017, -0.5, -0.809017, 0.0, 0.5, -0.809017, 0.309017, 0.0, 0.0, 0.0, 0.0, 1.0 ], [ -0.5, 0.809017, -0.309017, 0.0, -0.809017, -0.309017, 0.5, 0.0, 0.309017, 0.5, 0.809017, 0.0, 0.0, 0.0, 0.0, 1.0 ], [ -0.309017, -0.5, -0.809017, 0.0, -0.5, 0.809017, -0.309017, 0.0, 0.809017, 0.309017, -0.5, 0.0, 0.0, 0.0, 0.0, 1.0 ], [ -1.0, 0.0, 0.0, 0.0, 0.0, 1.0, 0.0, 0.0, 0.0, 0.0, -1.0, 0.0, 0.0, 0.0, 0.0, 1.0 ], [ 0.0, 0.0, -1.0, 0.0, 1.0, 0.0, 0.0, 0.0, 0.0, -1.0, 0.0, 0.0, 0.0, 0.0, 0.0, 1.0 ], [ 0.0, -1.0, 0.0, 0.0, 0.0, 0.0, 1.0, 0.0, -1.0, 0.0, 0.0, 0.0, 0.0, 0.0, 0.0, 1.0 ], [ -0.809017, -0.309017, -0.5, 0.0, 0.309017, 0.5, -0.809017, 0.0, 0.5, -0.809017, -0.309017, 0.0, 0.0, 0.0, 0.0, 1.0 ], [ 0.5, -0.809017, -0.309017, 0.0, 0.809017, 0.309017, 0.5, 0.0, -0.309017, -0.5, 0.809017, 0.0, 0.0, 0.0, 0.0, 1.0 ], [ -0.309017, -0.5, 0.809017, 0.0, -0.5, 0.809017, 0.309017, 0.0, -0.809017, -0.309017, -0.5, 0.0, 0.0, 0.0, 0.0, 1.0 ], [ -0.5, -0.809017, -0.309017, 0.0, 0.809017, -0.309017, -0.5, 0.0, 0.309017, -0.5, 0.809017, 0.0, 0.0, 0.0, 0.0, 1.0 ], [ 0.309017, -0.5, 0.809017, 0.0, 0.5, 0.809017, 0.309017, 0.0, -0.809017, 0.309017, 0.5, 0.0, 0.0, 0.0, 0.0, 1.0 ], [ -0.809017, 0.309017, 0.5, 0.0, -0.309017, 0.5, -0.809017, 0.0, -0.5, -0.809017, -0.309017, 0.0, 0.0, 0.0, 0.0, 1.0 ], [ -0.5, -0.809017, 0.309017, 0.0, 0.809017, -0.309017, 0.5, 0.0, -0.309017, 0.5, 0.809017, 0.0, 0.0, 0.0, 0.0, 1.0 ], [ -0.309017, 0.5, 0.809017, 0.0, 0.5, 0.809017, -0.309017, 0.0, -0.809017, 0.309017, -0.5, 0.0, 0.0, 0.0, 0.0, 1.0 ], [ -0.809017, 0.309017, -0.5, 0.0, 0.309017, -0.5, -0.809017, 0.0, -0.5, -0.809017, 0.309017, 0.0, 0.0, 0.0, 0.0, 1.0 ], [ -0.809017, -0.309017, 0.5, 0.0, 0.309017, 0.5, 0.809017, 0.0, -0.5, 0.809017, -0.309017, 0.0, 0.0, 0.0, 0.0, 1.0 ], [ -0.5, 0.809017, -0.309017, 0.0, 0.809017, 0.309017, -0.5, 0.0, -0.309017, -0.5, -0.809017, 0.0, 0.0, 0.0, 0.0, 1.0 ], [ -0.309017, -0.5, -0.809017, 0.0, 0.5, -0.809017, 0.309017, 0.0, -0.809017, -0.309017, 0.5, 0.0, 0.0, 0.0, 0.0, 1.0 ] ],
  "lights" : {
    "directionalLights" : [ {
      "direction" : {
        "x" : 1.0,
        "y" : -1.0,
        "z" : -1.0
      },
      "color" : "#EBEBE4"
    }, {
      "direction" : {
        "x" : -1.0,
        "y" : 0.0,
        "z" : 0.0
      },
      "color" : "#E4E4EB"
    }, {
      "direction" : {
        "x" : 0.0,
        "y" : 0.0,
        "z" : -1.0
      },
      "color" : "#1E1E1E"
    } ],
    "backgroundColor" : "#AFC8DC",
    "ambientColor" : "#292929"
  },
  "camera" : {
    "position" : {
      "x" : 0.0,
      "y" : 0.0,
      "z" : 549.4289
    },
    "nearClipDistance" : 1.3735726,
    "width" : 247.24306,
    "fieldOfView" : 0.44262898,
    "viewDistance" : 549.4289,
    "lookAtPoint" : {
      "x" : 0.0,
      "y" : 0.0,
      "z" : 0.0
    },
    "farClipDistance" : 1098.8574,
    "perspective" : true,
    "lookDirection" : {
      "x" : 0.0,
      "y" : 0.0,
      "z" : -1.0
    },
    "upDirection" : {
      "x" : 0.0,
      "y" : 1.0,
      "z" : 0.0
    },
    "stereo" : false
  },
  "embedding" : [ 1.0, 0.0, 0.0, 0.0, 0.0, 1.0, 0.0, 0.0, 0.0, 0.0, 1.0, 0.0, 0.0, 0.0, 0.0, 1.0 ],
  "shapes" : [ {
    "id" : "24483506-24b5-41bd-918a-74c903e19ade",
    "vertices" : [ {
      "x" : -59.466347,
      "y" : 11.477663,
      "z" : -25.166693
    }, {
      "x" : -59.56635,
      "y" : 11.077662,
      "z" : -25.266691
    }, {
      "x" : -0.5336528,
      "y" : -0.018682517,
      "z" : -0.45636702
    }, {
      "x" : -0.4336528,
      "y" : 0.3813175,
      "z" : -0.35636702
    }, {
      "x" : -59.333015,
      "y" : 11.210997,
      "z" : -25.566692
    }, {
      "x" : -59.233013,
      "y" : 11.610996,
      "z" : -25.466692
    }, {
      "x" : -0.6669861,
      "y" : 0.24798416,
      "z" : -0.056367017
    }, {
      "x" : -0.76698613,
      "y" : -0.15201585,
      "z" : -0.15636702
    } ],
    "faces" : [ {
      "vertices" : [ 2, 3, 6 ]
    }, {
      "vertices" : [ 2, 6, 7 ]
    }, {
      "vertices" : [ 0, 5, 4 ]
    }, {
      "vertices" : [ 0, 4, 1 ]
    }, {
      "vertices" : [ 2, 4, 5 ]
    }, {
      "vertices" : [ 2, 5, 3 ]
    }, {
      "vertices" : [ 0, 6, 3 ]
    }, {
      "vertices" : [ 0, 3, 5 ]
    }, {
      "vertices" : [ 0, 1, 7 ]
    }, {
      "vertices" : [ 0, 7, 6 ]
    }, {
      "vertices" : [ 1, 4, 2 ]
    }, {
      "vertices" : [ 1, 2, 7 ]
    } ]
  }, {
    "id" : "b567fefa-9df7-4f4f-81a3-00b49cb0f30f",
    "vertices" : [ {
      "x" : 63.737324,
      "y" : 24.154509,
      "z" : -9.417184
    }, {
      "x" : 64.759865,
      "y" : 24.190983,
      "z" : -9.54915
    }, {
      "x" : 63.737324,
      "y" : 24.154509,
      "z" : -9.035218
    }, {
      "x" : 63.54634,
      "y" : 24.463526,
      "z" : -9.535218
    }, {
      "x" : 63.54634,
      "y" : 24.463526,
      "z" : -9.153253
    }, {
      "x" : 0.809017,
      "y" : 0.618034,
      "z" : 0.309017
    }, {
      "x" : 1.0,
      "y" : 0.309017,
      "z" : 0.19098301
    }, {
      "x" : 1.9045085,
      "y" : 0.5364745,
      "z" : -0.013932022
    }, {
      "x" : 64.45085,
      "y" : 24.690983,
      "z" : -9.740133
    }, {
      "x" : 64.64183,
      "y" : 24.381966,
      "z" : -9.858168
    }, {
      "x" : 64.64183,
      "y" : 24.381966,
      "z" : -9.240133
    }, {
      "x" : 64.45085,
      "y" : 24.690983,
      "z" : -9.358168
    }, {
      "x" : 1.7135255,
      "y" : 0.8454915,
      "z" : -0.13196601
    }, {
      "x" : 0.690983,
      "y" : 0.809017,
      "z" : 0.0
    }, {
      "x" : 1.9045085,
      "y" : 0.5364745,
      "z" : -0.39589804
    }, {
      "x" : 1.7135255,
      "y" : 0.8454915,
      "z" : -0.51393205
    }, {
      "x" : 0.809017,
      "y" : 0.618034,
      "z" : -0.309017
    }, {
      "x" : 1.0,
      "y" : 0.309017,
      "z" : -0.19098301
    }, {
      "x" : 65.45085,
      "y" : 25.0,
      "z" : -9.54915
    } ],
    "faces" : [ {
      "vertices" : [ 0, 14, 15 ]
    }, {
      "vertices" : [ 0, 15, 3 ]
    }, {
      "vertices" : [ 3, 15, 12 ]
    }, {
      "vertices" : [ 3, 12, 4 ]
    }, {
      "vertices" : [ 0, 1, 2 ]
    }, {
      "vertices" : [ 12, 15, 13 ]
    }, {
      "vertices" : [ 0, 9, 1 ]
    }, {
      "vertices" : [ 0, 3, 9 ]
    }, {
      "vertices" : [ 13, 15, 16 ]
    }, {
      "vertices" : [ 6, 17, 14 ]
    }, {
      "vertices" : [ 6, 14, 7 ]
    }, {
      "vertices" : [ 1, 10, 2 ]
    }, {
      "vertices" : [ 5, 6, 7 ]
    }, {
      "vertices" : [ 3, 8, 9 ]
    }, {
      "vertices" : [ 0, 2, 7 ]
    }, {
      "vertices" : [ 0, 7, 14 ]
    }, {
      "vertices" : [ 5, 7, 12 ]
    }, {
      "vertices" : [ 2, 4, 12 ]
    }, {
      "vertices" : [ 2, 12, 7 ]
    }, {
      "vertices" : [ 3, 4, 11 ]
    }, {
      "vertices" : [ 3, 11, 8 ]
    }, {
      "vertices" : [ 2, 10, 11 ]
    }, {
      "vertices" : [ 2, 11, 4 ]
    }, {
      "vertices" : [ 5, 12, 13 ]
    }, {
      "vertices" : [ 14, 17, 16 ]
    }, {
      "vertices" : [ 14, 16, 15 ]
    } ]
  }, {
    "id" : "62baa0de-83fa-4894-add4-09512463204b",
    "vertices" : [ {
      "x" : 76.82749,
      "y" : 29.154509,
      "z" : -11.327014
    }, {
      "x" : 77.85004,
      "y" : 29.190983,
      "z" : -11.458981
    }, {
      "x" : 76.82749,
      "y" : 29.154509,
      "z" : -10.945048
    }, {
      "x" : 76.63651,
      "y" : 29.463526,
      "z" : -11.445048
    }, {
      "x" : 76.63651,
      "y" : 29.463526,
      "z" : -11.063083
    }, {
      "x" : 0.809017,
      "y" : 0.618034,
      "z" : 0.309017
    }, {
      "x" : 1.0,
      "y" : 0.309017,
      "z" : 0.19098301
    }, {
      "x" : 1.9045085,
      "y" : 0.5364745,
      "z" : -0.013932022
    }, {
      "x" : 77.54102,
      "y" : 29.690983,
      "z" : -11.649963
    }, {
      "x" : 77.732,
      "y" : 29.381966,
      "z" : -11.767998
    }, {
      "x" : 77.732,
      "y" : 29.381966,
      "z" : -11.149963
    }, {
      "x" : 77.54102,
      "y" : 29.690983,
      "z" : -11.267998
    }, {
      "x" : 1.7135255,
      "y" : 0.8454915,
      "z" : -0.13196601
    }, {
      "x" : 0.690983,
      "y" : 0.809017,
      "z" : 0.0
    }, {
      "x" : 1.9045085,
      "y" : 0.5364745,
      "z" : -0.39589804
    }, {
      "x" : 1.7135255,
      "y" : 0.8454915,
      "z" : -0.51393205
    }, {
      "x" : 0.809017,
      "y" : 0.618034,
      "z" : -0.309017
    }, {
      "x" : 1.0,
      "y" : 0.309017,
      "z" : -0.19098301
    }, {
      "x" : 78.54102,
      "y" : 30.0,
      "z" : -11.458981
    } ],
    "faces" : [ {
      "vertices" : [ 0, 14, 15 ]
    }, {
      "vertices" : [ 0, 15, 3 ]
    }, {
      "vertices" : [ 3, 15, 12 ]
    }, {
      "vertices" : [ 3, 12, 4 ]
    }, {
      "vertices" : [ 0, 1, 2 ]
    }, {
      "vertices" : [ 12, 15, 13 ]
    }, {
      "vertices" : [ 0, 9, 1 ]
    }, {
      "vertices" : [ 0, 3, 9 ]
    }, {
      "vertices" : [ 13, 15, 16 ]
    }, {
      "vertices" : [ 6, 17, 14 ]
    }, {
      "vertices" : [ 6, 14, 7 ]
    }, {
      "vertices" : [ 1, 10, 2 ]
    }, {
      "vertices" : [ 5, 6, 7 ]
    }, {
      "vertices" : [ 3, 8, 9 ]
    }, {
      "vertices" : [ 0, 2, 7 ]
    }, {
      "vertices" : [ 0, 7, 14 ]
    }, {
      "vertices" : [ 5, 7, 12 ]
    }, {
      "vertices" : [ 2, 4, 12 ]
    }, {
      "vertices" : [ 2, 12, 7 ]
    }, {
      "vertices" : [ 3, 4, 11 ]
    }, {
      "vertices" : [ 3, 11, 8 ]
    }, {
      "vertices" : [ 2, 10, 11 ]
    }, {
      "vertices" : [ 2, 11, 4 ]
    }, {
      "vertices" : [ 5, 12, 13 ]
    }, {
      "vertices" : [ 14, 17, 16 ]
    }, {
      "vertices" : [ 14, 16, 15 ]
    } ]
  }, {
    "id" : "532299c8-d6b0-4fc2-9568-89511eb8adfb",
    "vertices" : [ {
      "x" : 70.18403,
      "y" : -59.490555,
      "z" : -26.38304
    }, {
      "x" : 70.08402,
      "y" : -59.390553,
      "z" : -26.78304
    }, {
      "x" : 0.3144218,
      "y" : -0.509446,
      "z" : -0.4497765
    }, {
      "x" : 0.4144218,
      "y" : -0.609446,
      "z" : -0.04977649
    }, {
      "x" : 69.85069,
      "y" : -59.690556,
      "z" : -26.916372
    }, {
      "x" : 69.95069,
      "y" : -59.790554,
      "z" : -26.516373
    }, {
      "x" : 0.64775515,
      "y" : -0.309446,
      "z" : 0.083556846
    }, {
      "x" : 0.5477551,
      "y" : -0.20944601,
      "z" : -0.31644315
    } ],
    "faces" : [ {
      "vertices" : [ 2, 3, 6 ]
    }, {
      "vertices" : [ 2, 6, 7 ]
    }, {
      "vertices" : [ 0, 5, 4 ]
    }, {
      "vertices" : [ 0, 4, 1 ]
    }, {
      "vertices" : [ 2, 4, 5 ]
    }, {
      "vertices" : [ 2, 5, 3 ]
    }, {
      "vertices" : [ 0, 6, 3 ]
    }, {
      "vertices" : [ 0, 3, 5 ]
    }, {
      "vertices" : [ 0, 1, 7 ]
    }, {
      "vertices" : [ 0, 7, 6 ]
    }, {
      "vertices" : [ 1, 4, 2 ]
    }, {
      "vertices" : [ 1, 2, 7 ]
    } ]
  }, {
    "id" : "cc7492c9-32e9-4367-b89e-fb3961230c7f",
    "vertices" : [ {
      "x" : -59.597267,
      "y" : -26.478172,
      "z" : 20.03725
    }, {
      "x" : -59.497265,
      "y" : -26.378172,
      "z" : 20.43725
    }, {
      "x" : -0.40273464,
      "y" : -0.354644,
      "z" : 0.46119738
    }, {
      "x" : -0.50273466,
      "y" : -0.454644,
      "z" : 0.061197378
    }, {
      "x" : -59.26393,
      "y" : -26.678171,
      "z" : 20.570583
    }, {
      "x" : -59.363934,
      "y" : -26.778172,
      "z" : 20.170584
    }, {
      "x" : -0.73606795,
      "y" : -0.15464401,
      "z" : -0.072135955
    }, {
      "x" : -0.636068,
      "y" : -0.054644007,
      "z" : 0.32786405
    } ],
    "faces" : [ {
      "vertices" : [ 2, 3, 6 ]
    }, {
      "vertices" : [ 2, 6, 7 ]
    }, {
      "vertices" : [ 0, 5, 4 ]
    }, {
      "vertices" : [ 0, 4, 1 ]
    }, {
      "vertices" : [ 2, 4, 5 ]
    }, {
      "vertices" : [ 2, 5, 3 ]
    }, {
      "vertices" : [ 0, 6, 3 ]
    }, {
      "vertices" : [ 0, 3, 5 ]
    }, {
      "vertices" : [ 0, 1, 7 ]
    }, {
      "vertices" : [ 0, 7, 6 ]
    }, {
      "vertices" : [ 1, 4, 2 ]
    }, {
      "vertices" : [ 1, 2, 7 ]
    } ]
  }, {
    "id" : "78441dc1-353f-456d-a412-21a5f3fec054",
    "vertices" : [ {
      "x" : -59.390553,
      "y" : 70.08402,
      "z" : -26.78304
    }, {
      "x" : -59.490555,
      "y" : 70.18403,
      "z" : -26.38304
    }, {
      "x" : -0.609446,
      "y" : 0.4144218,
      "z" : -0.04977649
    }, {
      "x" : -0.509446,
      "y" : 0.3144218,
      "z" : -0.4497765
    }, {
      "x" : -59.790554,
      "y" : 69.95069,
      "z" : -26.516373
    }, {
      "x" : -59.690556,
      "y" : 69.85069,
      "z" : -26.916372
    }, {
      "x" : -0.20944601,
      "y" : 0.5477551,
      "z" : -0.31644315
    }, {
      "x" : -0.309446,
      "y" : 0.64775515,
      "z" : 0.083556846
    } ],
    "faces" : [ {
      "vertices" : [ 2, 3, 6 ]
    }, {
      "vertices" : [ 2, 6, 7 ]
    }, {
      "vertices" : [ 0, 5, 4 ]
    }, {
      "vertices" : [ 0, 4, 1 ]
    }, {
      "vertices" : [ 2, 4, 5 ]
    }, {
      "vertices" : [ 2, 5, 3 ]
    }, {
      "vertices" : [ 0, 6, 3 ]
    }, {
      "vertices" : [ 0, 3, 5 ]
    }, {
      "vertices" : [ 0, 1, 7 ]
    }, {
      "vertices" : [ 0, 7, 6 ]
    }, {
      "vertices" : [ 1, 4, 2 ]
    }, {
      "vertices" : [ 1, 2, 7 ]
    } ]
  }, {
    "id" : "e4d8d26f-a115-4081-abdd-effae7d27381",
    "vertices" : [ {
      "x" : -0.26666668,
      "y" : -59.5,
      "z" : -19.677778
    }, {
      "x" : 0.13333334,
      "y" : -59.4,
      "z" : -19.577778
    }, {
      "x" : 0.26666668,
      "y" : -0.5,
      "z" : -0.32222223
    }, {
      "x" : -0.13333334,
      "y" : -0.6,
      "z" : -0.42222223
    }, {
      "x" : 0.26666668,
      "y" : -59.166668,
      "z" : -19.877777
    }, {
      "x" : -0.13333334,
      "y" : -59.266666,
      "z" : -19.977777
    }, {
      "x" : -0.26666668,
      "y" : -0.8333333,
      "z" : -0.12222222
    }, {
      "x" : 0.13333334,
      "y" : -0.73333335,
      "z" : -0.022222223
    } ],
    "faces" : [ {
      "vertices" : [ 2, 3, 6 ]
    }, {
      "vertices" : [ 2, 6, 7 ]
    }, {
      "vertices" : [ 0, 5, 4 ]
    }, {
      "vertices" : [ 0, 4, 1 ]
    }, {
      "vertices" : [ 2, 4, 5 ]
    }, {
      "vertices" : [ 2, 5, 3 ]
    }, {
      "vertices" : [ 0, 6, 3 ]
    }, {
      "vertices" : [ 0, 3, 5 ]
    }, {
      "vertices" : [ 0, 1, 7 ]
    }, {
      "vertices" : [ 0, 7, 6 ]
    }, {
      "vertices" : [ 1, 4, 2 ]
    }, {
      "vertices" : [ 1, 2, 7 ]
    } ]
  }, {
    "id" : "c0af20ba-2d41-4fde-a292-c8d869504666",
    "vertices" : [ {
      "x" : 50.647156,
      "y" : 19.154509,
      "z" : -7.5073543
    }, {
      "x" : 51.669697,
      "y" : 19.190983,
      "z" : -7.6393204
    }, {
      "x" : 50.647156,
      "y" : 19.154509,
      "z" : -7.125388
    }, {
      "x" : 50.456173,
      "y" : 19.463526,
      "z" : -7.625388
    }, {
      "x" : 50.456173,
      "y" : 19.463526,
      "z" : -7.243422
    }, {
      "x" : 0.809017,
      "y" : 0.618034,
      "z" : 0.309017
    }, {
      "x" : 1.0,
      "y" : 0.309017,
      "z" : 0.19098301
    }, {
      "x" : 1.9045085,
      "y" : 0.5364745,
      "z" : -0.013932022
    }, {
      "x" : 51.36068,
      "y" : 19.690983,
      "z" : -7.830303
    }, {
      "x" : 51.551662,
      "y" : 19.381966,
      "z" : -7.948337
    }, {
      "x" : 51.551662,
      "y" : 19.381966,
      "z" : -7.330303
    }, {
      "x" : 51.36068,
      "y" : 19.690983,
      "z" : -7.448337
    }, {
      "x" : 1.7135255,
      "y" : 0.8454915,
      "z" : -0.13196601
    }, {
      "x" : 0.690983,
      "y" : 0.809017,
      "z" : 0.0
    }, {
      "x" : 1.9045085,
      "y" : 0.5364745,
      "z" : -0.39589804
    }, {
      "x" : 1.7135255,
      "y" : 0.8454915,
      "z" : -0.51393205
    }, {
      "x" : 0.809017,
      "y" : 0.618034,
      "z" : -0.309017
    }, {
      "x" : 1.0,
      "y" : 0.309017,
      "z" : -0.19098301
    }, {
      "x" : 52.36068,
      "y" : 20.0,
      "z" : -7.6393204
    } ],
    "faces" : [ {
      "vertices" : [ 0, 14, 15 ]
    }, {
      "vertices" : [ 0, 15, 3 ]
    }, {
      "vertices" : [ 3, 15, 12 ]
    }, {
      "vertices" : [ 3, 12, 4 ]
    }, {
      "vertices" : [ 0, 1, 2 ]
    }, {
      "vertices" : [ 12, 15, 13 ]
    }, {
      "vertices" : [ 0, 9, 1 ]
    }, {
      "vertices" : [ 0, 3, 9 ]
    }, {
      "vertices" : [ 13, 15, 16 ]
    }, {
      "vertices" : [ 6, 17, 14 ]
    }, {
      "vertices" : [ 6, 14, 7 ]
    }, {
      "vertices" : [ 1, 10, 2 ]
    }, {
      "vertices" : [ 5, 6, 7 ]
    }, {
      "vertices" : [ 3, 8, 9 ]
    }, {
      "vertices" : [ 0, 2, 7 ]
    }, {
      "vertices" : [ 0, 7, 14 ]
    }, {
      "vertices" : [ 5, 7, 12 ]
    }, {
      "vertices" : [ 2, 4, 12 ]
    }, {
      "vertices" : [ 2, 12, 7 ]
    }, {
      "vertices" : [ 3, 4, 11 ]
    }, {
      "vertices" : [ 3, 11, 8 ]
    }, {
      "vertices" : [ 2, 10, 11 ]
    }, {
      "vertices" : [ 2, 11, 4 ]
    }, {
      "vertices" : [ 5, 12, 13 ]
    }, {
      "vertices" : [ 14, 17, 16 ]
    }, {
      "vertices" : [ 14, 16, 15 ]
    } ]
  }, {
    "id" : "57fb6040-4a12-4ad6-ae0b-2df5f2428ef2",
    "vertices" : [ {
      "x" : -26.378172,
      "y" : -59.497265,
      "z" : 20.43725
    }, {
      "x" : -26.478172,
      "y" : -59.597267,
      "z" : 20.03725
    }, {
      "x" : -0.454644,
      "y" : -0.50273466,
      "z" : 0.061197378
    }, {
      "x" : -0.354644,
      "y" : -0.40273464,
      "z" : 0.46119738
    }, {
      "x" : -26.778172,
      "y" : -59.363934,
      "z" : 20.170584
    }, {
      "x" : -26.678171,
      "y" : -59.26393,
      "z" : 20.570583
    }, {
      "x" : -0.054644007,
      "y" : -0.636068,
      "z" : 0.32786405
    }, {
      "x" : -0.15464401,
      "y" : -0.73606795,
      "z" : -0.072135955
    } ],
    "faces" : [ {
      "vertices" : [ 2, 3, 6 ]
    }, {
      "vertices" : [ 2, 6, 7 ]
    }, {
      "vertices" : [ 0, 5, 4 ]
    }, {
      "vertices" : [ 0, 4, 1 ]
    }, {
      "vertices" : [ 2, 4, 5 ]
    }, {
      "vertices" : [ 2, 5, 3 ]
    }, {
      "vertices" : [ 0, 6, 3 ]
    }, {
      "vertices" : [ 0, 3, 5 ]
    }, {
      "vertices" : [ 0, 1, 7 ]
    }, {
      "vertices" : [ 0, 7, 6 ]
    }, {
      "vertices" : [ 1, 4, 2 ]
    }, {
      "vertices" : [ 1, 2, 7 ]
    } ]
  }, {
    "id" : "1361d235-e447-4ec1-bb1d-a24e6b9eab2f",
    "vertices" : [ {
      "x" : -59.56635,
      "y" : -25.266691,
      "z" : 11.077662
    }, {
      "x" : -59.466347,
      "y" : -25.166693,
      "z" : 11.477663
    }, {
      "x" : -0.4336528,
      "y" : -0.35636702,
      "z" : 0.3813175
    }, {
      "x" : -0.5336528,
      "y" : -0.45636702,
      "z" : -0.018682517
    }, {
      "x" : -59.233013,
      "y" : -25.466692,
      "z" : 11.610996
    }, {
      "x" : -59.333015,
      "y" : -25.566692,
      "z" : 11.210997
    }, {
      "x" : -0.76698613,
      "y" : -0.15636702,
      "z" : -0.15201585
    }, {
      "x" : -0.6669861,
      "y" : -0.056367017,
      "z" : 0.24798416
    } ],
    "faces" : [ {
      "vertices" : [ 2, 3, 6 ]
    }, {
      "vertices" : [ 2, 6, 7 ]
    }, {
      "vertices" : [ 0, 5, 4 ]
    }, {
      "vertices" : [ 0, 4, 1 ]
    }, {
      "vertices" : [ 2, 4, 5 ]
    }, {
      "vertices" : [ 2, 5, 3 ]
    }, {
      "vertices" : [ 0, 6, 3 ]
    }, {
      "vertices" : [ 0, 3, 5 ]
    }, {
      "vertices" : [ 0, 1, 7 ]
    }, {
      "vertices" : [ 0, 7, 6 ]
    }, {
      "vertices" : [ 1, 4, 2 ]
    }, {
      "vertices" : [ 1, 2, 7 ]
    } ]
  }, {
    "id" : "f6e4b19b-ce46-4219-9b7b-d201912acbf8",
    "vertices" : [ {
      "x" : 0.13333334,
      "y" : -19.577778,
      "z" : -59.4
    }, {
      "x" : -0.26666668,
      "y" : -19.677778,
      "z" : -59.5
    }, {
      "x" : -0.13333334,
      "y" : -0.42222223,
      "z" : -0.6
    }, {
      "x" : 0.26666668,
      "y" : -0.32222223,
      "z" : -0.5
    }, {
      "x" : -0.13333334,
      "y" : -19.977777,
      "z" : -59.266666
    }, {
      "x" : 0.26666668,
      "y" : -19.877777,
      "z" : -59.166668
    }, {
      "x" : 0.13333334,
      "y" : -0.022222223,
      "z" : -0.73333335
    }, {
      "x" : -0.26666668,
      "y" : -0.12222222,
      "z" : -0.8333333
    } ],
    "faces" : [ {
      "vertices" : [ 2, 3, 6 ]
    }, {
      "vertices" : [ 2, 6, 7 ]
    }, {
      "vertices" : [ 0, 5, 4 ]
    }, {
      "vertices" : [ 0, 4, 1 ]
    }, {
      "vertices" : [ 2, 4, 5 ]
    }, {
      "vertices" : [ 2, 5, 3 ]
    }, {
      "vertices" : [ 0, 6, 3 ]
    }, {
      "vertices" : [ 0, 3, 5 ]
    }, {
      "vertices" : [ 0, 1, 7 ]
    }, {
      "vertices" : [ 0, 7, 6 ]
    }, {
      "vertices" : [ 1, 4, 2 ]
    }, {
      "vertices" : [ 1, 2, 7 ]
    } ]
  } ],
  "instances" : [ {
    "shape" : "24483506-24b5-41bd-918a-74c903e19ade",
    "color" : "#FFFFFF",
    "position" : {
      "x" : 7.3606796,
      "y" : 9.721359,
      "z" : 30.0
    },
    "orientation" : 2
  }, {
    "shape" : "24483506-24b5-41bd-918a-74c903e19ade",
    "color" : "#FFFFFF",
    "position" : {
      "x" : 30.0,
      "y" : 7.3606796,
      "z" : 9.721359
    },
    "orientation" : 0
  }, {
    "shape" : "b567fefa-9df7-4f4f-81a3-00b49cb0f30f",
    "color" : "#008D36",
    "position" : {
      "x" : 30.0,
      "y" : -20.0,
      "z" : 0.0
    },
    "orientation" : 51
  }, {
    "shape" : "62baa0de-83fa-4894-add4-09512463204b",
    "color" : "#008D36",
    "position" : {
      "x" : -10.0,
      "y" : 30.0,
      "z" : -30.0
    },
    "orientation" : 37
  }, {
    "shape" : "532299c8-d6b0-4fc2-9568-89511eb8adfb",
    "color" : "#FFFFFF",
    "position" : {
      "x" : 11.708204,
      "y" : -7.4852915,
      "z" : 30.0
    },
    "orientation" : 1
  }, {
    "shape" : "532299c8-d6b0-4fc2-9568-89511eb8adfb",
    "color" : "#FFFFFF",
    "position" : {
      "x" : -7.4852915,
      "y" : 30.0,
      "z" : 11.708204
    },
    "orientation" : 0
  }, {
    "shape" : "cc7492c9-32e9-4367-b89e-fb3961230c7f",
    "color" : "#FFFFFF",
    "position" : {
      "x" : 30.0,
      "y" : 11.708204,
      "z" : -7.4852915
    },
    "orientation" : 0
  }, {
    "shape" : "24483506-24b5-41bd-918a-74c903e19ade",
    "color" : "#FFFFFF",
    "position" : {
      "x" : 9.721359,
      "y" : 30.0,
      "z" : 7.3606796
    },
    "orientation" : 1
  }, {
    "shape" : "78441dc1-353f-456d-a412-21a5f3fec054",
    "color" : "#FFFFFF",
    "position" : {
      "x" : 30.0,
      "y" : -7.4852915,
      "z" : 11.708204
    },
    "orientation" : 0
  }, {
    "shape" : "e4d8d26f-a115-4081-abdd-effae7d27381",
    "color" : "#FFFFFF",
    "position" : {
      "x" : 0.0,
      "y" : 30.0,
      "z" : 13.333333
    },
    "orientation" : 0
  }, {
    "shape" : "c0af20ba-2d41-4fde-a292-c8d869504666",
    "color" : "#008D36",
    "position" : {
      "x" : 30.0,
      "y" : -10.0,
      "z" : 10.0
    },
    "orientation" : 51
  }, {
    "shape" : "57fb6040-4a12-4ad6-ae0b-2df5f2428ef2",
    "color" : "#FFFFFF",
    "position" : {
      "x" : 11.708204,
      "y" : 30.0,
      "z" : -7.4852915
    },
    "orientation" : 0
  }, {
    "shape" : "1361d235-e447-4ec1-bb1d-a24e6b9eab2f",
    "color" : "#FFFFFF",
    "position" : {
      "x" : 30.0,
      "y" : 9.721359,
      "z" : 7.3606796
    },
    "orientation" : 0
  }, {
    "shape" : "f6e4b19b-ce46-4219-9b7b-d201912acbf8",
    "color" : "#FFFFFF",
    "position" : {
      "x" : 30.0,
      "y" : 0.0,
      "z" : 13.333333
    },
    "orientation" : 1
  }, {
    "shape" : "c0af20ba-2d41-4fde-a292-c8d869504666",
    "color" : "#008D36",
    "position" : {
      "x" : -10.0,
      "y" : 10.0,
      "z" : 30.0
    },
    "orientation" : 23
  }, {
    "shape" : "e4d8d26f-a115-4081-abdd-effae7d27381",
    "color" : "#FFFFFF",
    "position" : {
      "x" : 30.0,
      "y" : 13.333333,
      "z" : 0.0
    },
    "orientation" : 2
  }, {
    "shape" : "1361d235-e447-4ec1-bb1d-a24e6b9eab2f",
    "color" : "#FFFFFF",
    "position" : {
      "x" : 9.721359,
      "y" : 7.3606796,
      "z" : 30.0
    },
    "orientation" : 2
  }, {
    "shape" : "e4d8d26f-a115-4081-abdd-effae7d27381",
    "color" : "#FFFFFF",
    "position" : {
      "x" : 13.333333,
      "y" : 0.0,
      "z" : 30.0
    },
    "orientation" : 1
  }, {
    "shape" : "f6e4b19b-ce46-4219-9b7b-d201912acbf8",
    "color" : "#FFFFFF",
    "position" : {
      "x" : 13.333333,
      "y" : 30.0,
      "z" : 0.0
    },
    "orientation" : 2
  }, {
    "shape" : "b567fefa-9df7-4f4f-81a3-00b49cb0f30f",
    "color" : "#008D36",
    "position" : {
      "x" : -20.0,
      "y" : 0.0,
      "z" : 30.0
    },
    "orientation" : 23
  }, {
    "shape" : "62baa0de-83fa-4894-add4-09512463204b",
    "color" : "#008D36",
    "position" : {
      "x" : 30.0,
      "y" : -30.0,
      "z" : -10.0
    },
    "orientation" : 51
  }, {
    "shape" : "62baa0de-83fa-4894-add4-09512463204b",
    "color" : "#008D36",
    "position" : {
      "x" : -30.0,
      "y" : -10.0,
      "z" : 30.0
    },
    "orientation" : 23
  }, {
    "shape" : "c0af20ba-2d41-4fde-a292-c8d869504666",
    "color" : "#008D36",
    "position" : {
      "x" : 10.0,
      "y" : 30.0,
      "z" : -10.0
    },
    "orientation" : 37
  }, {
    "shape" : "78441dc1-353f-456d-a412-21a5f3fec054",
    "color" : "#FFFFFF",
    "position" : {
      "x" : -7.4852915,
      "y" : 11.708204,
      "z" : 30.0
    },
    "orientation" : 2
  }, {
    "shape" : "b567fefa-9df7-4f4f-81a3-00b49cb0f30f",
    "color" : "#008D36",
    "position" : {
      "x" : 0.0,
      "y" : 30.0,
      "z" : -20.0
    },
    "orientation" : 37
  }, {
    "shape" : "f6e4b19b-ce46-4219-9b7b-d201912acbf8",
    "color" : "#FFFFFF",
    "position" : {
      "x" : 0.0,
      "y" : 13.333333,
      "z" : 30.0
    },
    "orientation" : 0
  }, {
    "shape" : "1361d235-e447-4ec1-bb1d-a24e6b9eab2f",
    "color" : "#FFFFFF",
    "position" : {
      "x" : 7.3606796,
      "y" : 30.0,
      "z" : 9.721359
    },
    "orientation" : 1
  } ],
  "scenes" : [ ],
  "snapshots" : [ ]
}