{
  "field" : "golden",
  "symmetry" : "icosahedral",
  "orientations" : [ [ 1.0, 0.0, 0.0, 0.0, 0.0, 1.0, 0.0, 0.0, 0.0, 0.0, 1.0, 0.0, 0.0, 0.0, 0.0, 1.0 ], [ 0.0, 0.0, 1.0, 0.0, 1.0, 0.0, 0.0, 0.0, 0.0, 1.0, 0.0, 0.0, 0.0, 0.0, 0.0, 1.0 ], [ 0.0, 1.0, 0.0, 0.0, 0.0, 0.0, 1.0, 0.0, 1.0, 0.0, 0.0, 0.0, 0.0, 0.0, 0.0, 1.0 ], [ 0.809017, 0.309017, 0.5, 0.0, 0.309017, 0.5, -0.809017, 0.0, -0.5, 0.809017, 0.309017, 0.0, 0.0, 0.0, 0.0, 1.0 ], [ -0.5, 0.809017, 0.309017, 0.0, 0.809017, 0.309017, 0.5, 0.0, 0.309017, 0.5, -0.809017, 0.0, 0.0, 0.0, 0.0, 1.0 ], [ 0.309017, 0.5, -0.809017, 0.0, -0.5, 0.809017, 0.309017, 0.0, 0.809017, 0.309017, 0.5, 0.0, 0.0, 0.0, 0.0, 1.0 ], [ 0.5, 0.809017, 0.309017, 0.0, 0.809017, -0.309017, -0.5, 0.0, -0.309017, 0.5, -0.809017, 0.0, 0.0, 0.0, 0.0, 1.0 ], [ -0.309017, 0.5, -0.809017, 0.0, 0.5, 0.809017, 0.309017, 0.0, 0.809017, -0.309017, -0.5, 0.0, 0.0, 0.0, 0.0, 1.0 ], [ 0.809017, -0.309017, -0.5, 0.0, -0.309017, 0.5, -0.809017, 0.0, 0.5, 0.809017, 0.309017, 0.0, 0.0, 0.0, 0.0, 1.0 ], [ 0.5, 0.809017, -0.309017, 0.0, 0.809017, -0.309017, 0.5, 0.0, 0.309017, -0.5, -0.809017, 0.0, 0.0, 0.0, 0.0, 1.0 ], [ 0.309017, -0.5, -0.809017, 0.0, 0.5, 0.809017, -0.309017, 0.0, 0.809017, -0.309017, 0.5, 0.0, 0.0, 0.0, 0.0, 1.0 ], [ 0.809017, -0.309017, 0.5, 0.0, 0.309017, -0.5, -0.809017, 0.0, 0.5, 0.809017, -0.309017, 0.0, 0.0, 0.0, 0.0, 1.0 ], [ 0.809017, 0.309017, -0.5, 0.0, 0.309017, 0.5, 0.809017, 0.0, 0.5, -0.809017, 0.309017, 0.0, 0.0, 0.0, 0.0, 1.0 ], [ 0.5, -0.809017, 0.309017, 0.0, 0.809017, 0.309017, -0.5, 0.0, 0.309017, 0.5, 0.809017, 0.0, 0.0, 0.0, 0.0, 1.0 ], [ 0.309017, 0.5, 0.809017, 0.0, 0.5, -0.809017, 0.309017, 0.0, 0.809017, 0.309017, -0.5, 0.0, 0.0, 0.0, 0.0, 1.0 ], [ 1.0, 0.0, 0.0, 0.0, 0.0, -1.0, 0.0, 0.0, 0.0, 0.0, -1.0, 0.0, 0.0, 0.0, 0.0, 1.0 ], [ 0.0, 0.0, 1.0, 0.0, -1.0, 0.0, 0.0, 0.0, 0.0, -1.0, 0.0, 0.0, 0.0, 0.0, 0.0, 1.0 ], [ 0.0, 1.0, 0.0, 0.0, 0.0, 0.0, -1.0, 0.0, -1.0, 0.0, 0.0, 0.0, 0.0, 0.0, 0.0, 1.0 ], [ 0.809017, 0.309017, 0.5, 0.0, -0.309017, -0.5, 0.809017, 0.0, 0.5, -0.809017, -0.309017, 0.0, 0.0, 0.0, 0.0, 1.0 ], [ -0.5, 0.809017, 0.309017, 0.0, -0.809017, -0.309017, -0.5, 0.0, -0.309017, -0.5, 0.809017, 0.0, 0.0, 0.0, 0.0, 1.0 ], [ 0.309017, 0.5, -0.809017, 0.0, 0.5, -0.809017, -0.309017, 0.0, -0.809017, -0.309017, -0.5, 0.0, 0.0, 0.0, 0.0, 1.0 ], [ 0.5, 0.809017, 0.309017, 0.0, -0.809017, 0.309017, 0.5, 0.0, 0.309017, -0.5, 0.809017, 0.0, 0.0, 0.0, 0.0, 1.0 ], [ -0.309017, 0.5, -0.809017, 0.0, -0.5, -0.809017, -0.309017, 0.0, -0.809017, 0.309017, 0.5, 0.0, 0.0, 0.0, 0.0, 1.0 ], [ 0.809017, -0.309017, -0.5, 0.0, 0.309017, -0.5, 0.809017, 0.0, -0.5, -0.809017, -0.309017, 0.0, 0.0, 0.0, 0.0, 1.0 ], [ 0.5, 0.809017, -0.309017, 0.0, -0.809017, 0.309017, -0.5, 0.0, -0.309017, 0.5, 0.809017, 0.0, 0.0, 0.0, 0.0, 1.0 ], [ 0.309017, -0.5, -0.809017, 0.0, -0.5, -0.809017, 0.309017, 0.0, -0.809017, 0.309017, -0.5, 0.0, 0.0, 0.0, 0.0, 1.0 ], [ 0.809017, -0.309017, 0.5, 0.0, -0.309017, 0.5, 0.809017, 0.0, -0.5, -0.809017, 0.309017, 0.0, 0.0, 0.0, 0.0, 1.0 ], [ 0.809017, 0.309017, -0.5, 0.0, -0.309017, -0.5, -0.809017, 0.0, -0.5, 0.809017, -0.309017, 0.0, 0.0, 0.0, 0.0, 1.0 ], [ 0.5, -0.809017, 0.309017, 0.0, -0.809017, -0.309017, 0.5, 0.0, -0.309017, -0.5, -0.809017, 0.0, 0.0, 0.0, 0.0, 1.0 ], [ 0.309017, 0.5, 0.809017, 0.0, -0.5, 0.809017, -0.309017, 0.0, -0.809017, -0.309017, 0.5, 0.0, 0.0, 0.0, 0.0, 1.0 ], [ -1.0, 0.0, 0.0, 0.0, 0.0, -1.0, 0.0, 0.0, 0.0, 0.0, 1.0, 0.0, 0.0, 0.0, 0.0, 1.0 ], [ 0.0, 0.0, -1.0, 0.0, -1.0, 0.0, 0.0, 0.0, 0.0, 1.0, 0.0, 0.0, 0.0, 0.0, 0.0, 1.0 ], [ 0.0, -1.0, 0.0, 0.0, 0.0, 0.0, -1.0, 0.0, 1.0, 0.0, 0.0, 0.0, 0.0, 0.0, 0.0, 1.0 ], [ -0.809017, -0.309017, -0.5, 0.0, -0.309017, -0.5, 0.809017, 0.0, -0.5, 0.809017, 0.309017, 0.0, 0.0, 0.0, 0.0, 1.0 ], [ 0.5, -0.809017, -0.309017, 0.0, -0.809017, -0.309017, -0.5, 0.0, 0.309017, 0.5, -0.809017, 0.0, 0.0, 0.0, 0.0, 1.0 ], [ -0.309017, -0.5, 0.809017, 0.0, 0.5, -0.809017, -0.309017, 0.0, 0.809017, 0.309017, 0.5, 0.0, 0.0, 0.0, 0.0, 1.0 ], [ -0.5, -0.809017, -0.309017, 0.0, -0.809017, 0.309017, 0.5, 0.0, -0.309017, 0.5, -0.809017, 0.0, 0.0, 0.0, 0.0, 1.0 ], [ 0.309017, -0.5, 0.809017, 0.0, -0.5, -0.809017, -0.309017, 0.0, 0.809017, -0.309017, -0.5, 0.0, 0.0, 0.0, 0.0, 1.0 ], [ -0.809017, 0.309017, 0.5, 0.0, 0.309017, -0.5, 0.809017, 0.0, 0.5, 0.809017, 0.309017, 0.0, 0.0, 0.0, 0.0, 1.0 ], [ -0.5, -0.809017, 0.309017, 0.0, -0.809017, 0.309017, -0.5, 0.0, 0.309017, -0.5, -0.809017, 0.0, 0.0, 0.0, 0.0, 1.0 ], [ -0.309017, 0.5, 0.809017, 0.0, -0.5, -0.809017, 0.309017, 0.0, 0.809017, -0.309017, 0.5, 0.0, 0.0, 0.0, 0.0, 1.0 ], [ -0.809017, 0.309017, -0.5, 0.0, -0.309017, 0.5, 0.809017, 0.0, 0.5, 0.809017, -0.309017, 0.0, 0.0, 0.0, 0.0, 1.0 ], [ -0.809017, -0.309017, 0.5, 0.0, -0.309017, -0.5, -0.809017, 0.0, 0.5, -0.809017, 0.309017, 0.0, 0.0, 0.0, 0.0, 1.0 ], [ -0.5, 0.809017, -0.309017, 0.0, -0.809017, -0.309017, 0.5, 0.0, 0.309017, 0.5, 0.809017, 0.0, 0.0, 0.0, 0.0, 1.0 ], [ -0.309017, -0.5, -0.809017, 0.0, -0.5, 0.809017, -0.309017, 0.0, 0.809017, 0.309017, -0.5, 0.0, 0.0, 0.0, 0.0, 1.0 ], [ -1.0, 0.0, 0.0, 0.0, 0.0, 1.0, 0.0, 0.0, 0.0, 0.0, -1.0, 0.0, 0.0, 0.0, 0.0, 1.0 ], [ 0.0, 0.0, -1.0, 0.0, 1.0, 0.0, 0.0, 0.0, 0.0, -1.0, 0.0, 0.0, 0.0, 0.0, 0.0, 1.0 ], [ 0.0, -1.0, 0.0, 0.0, 0.0, 0.0, 1.0, 0.0, -1.0, 0.0, 0.0, 0.0, 0.0, 0.0, 0.0, 1.0 ], [ -0.809017, -0.309017, -0.5, 0.0, 0.309017, 0.5, -0.809017, 0.0, 0.5, -0.809017, -0.309017, 0.0, 0.0, 0.0, 0.0, 1.0 ], [ 0.5, -0.809017, -0.309017, 0.0, 0.809017, 0.309017, 0.5, 0.0, -0.309017, -0.5, 0.809017, 0.0, 0.0, 0.0, 0.0, 1.0 ], [ -0.309017, -0.5, 0.809017, 0.0, -0.5, 0.809017, 0.309017, 0.0, -0.809017, -0.309017, -0.5, 0.0, 0.0, 0.0, 0.0, 1.0 ], [ -0.5, -0.809017, -0.309017, 0.0, 0.809017, -0.309017, -0.5, 0.0, 0.309017, -0.5, 0.809017, 0.0, 0.0, 0.0, 0.0, 1.0 ], [ 0.309017, -0.5, 0.809017, 0.0, 0.5, 0.809017, 0.309017, 0.0, -0.809017, 0.309017, 0.5, 0.0, 0.0, 0.0, 0.0, 1.0 ], [ -0.809017, 0.309017, 0.5, 0.0, -0.309017, 0.5, -0.809017, 0.0, -0.5, -0.809017, -0.309017, 0.0, 0.0, 0.0, 0.0, 1.0 ], [ -0.5, -0.809017, 0.309017, 0.0, 0.809017, -0.309017, 0.5, 0.0, -0.309017, 0.5, 0.809017, 0.0, 0.0, 0.0, 0.0, 1.0 ], [ -0.309017, 0.5, 0.809017, 0.0, 0.5, 0.809017, -0.309017, 0.0, -0.809017, 0.309017, -0.5, 0.0, 0.0, 0.0, 0.0, 1.0 ], [ -0.809017, 0.309017, -0.5, 0.0, 0.309017, -0.5, -0.809017, 0.0, -0.5, -0.809017, 0.309017, 0.0, 0.0, 0.0, 0.0, 1.0 ], [ -0.809017, -0.309017, 0.5, 0.0, 0.309017, 0.5, 0.809017, 0.0, -0.5, 0.809017, -0.309017, 0.0, 0.0, 0.0, 0.0, 1.0 ], [ -0.5, 0.809017, -0.309017, 0.0, 0.809017, 0.309017, -0.5, 0.0, -0.309017, -0.5, -0.809017, 0.0, 0.0, 0.0, 0.0, 1.0 ], [ -0.309017, -0.5, -0.809017, 0.0, 0.5, -0.809017, 0.309017, 0.0, -0.809017, -0.309017, 0.5, 0.0, 0.0, 0.0, 0.0, 1.0 ] ],
  "lights" : {
    "directionalLights" : [ {
      "direction" : [ 1.0, -1.0, -1.0 ],
      "color" : "#EBEBE4"
    }, {
      "direction" : [ -1.0, 0.0, 0.0 ],
      "color" : "#E4E4EB"
    }, {
      "direction" : [ 0.0, 0.0, -1.0 ],
      "color" : "#1E1E1E"
    } ],
    "backgroundColor" : "#AFC8DC",
    "ambientColor" : "#292929"
  },
  "camera" : {
    "position" : {
      "x" : -14.683658,
      "y" : -100.64328,
      "z" : 38.44231
    },
    "width" : 48.92907,
    "nearClipDistance" : 0.27182817,
    "farClipDistance" : 217.46254,
    "lookAtPoint" : {
      "x" : 0.0,
      "y" : 0.0,
      "z" : 0.0
    },
    "viewDistance" : 108.73127,
    "fieldOfView" : 0.44262886,
    "perspective" : true,
    "lookDirection" : {
      "x" : 0.1350454,
      "y" : 0.92561483,
      "z" : -0.3535534
    },
    "stereo" : false,
    "upDirection" : {
      "x" : -0.5720614,
      "y" : -0.218508,
      "z" : -0.7905694
    }
  },
  "embedding" : [ 1.0, 0.0, 0.0, 0.0, 0.0, 1.0, 0.0, 0.0, 0.0, 0.0, 1.0, 0.0, 0.0, 0.0, 0.0, 1.0 ],
  "shapes" : [ {
    "id" : "dcef3d2f-6424-4429-b087-3ba499fa9cf0",
    "vertices" : [ {
      "x" : -3.427051,
      "y" : -5.545085,
      "z" : -2.118034
    }, {
      "x" : 3.427051,
      "y" : -8.163119,
      "z" : 2.118034
    }, {
      "x" : -3.427051,
      "y" : -5.545085,
      "z" : 6.354102
    } ],
    "faces" : [ {
      "vertices" : [ 0, 1, 2 ]
    }, {
      "vertices" : [ 0, 2, 1 ]
    } ]
  }, {
    "id" : "aa160d8d-0b35-4d05-b839-41ecf6ac3c41",
    "vertices" : [ {
      "x" : -3.427051,
      "y" : -5.545085,
      "z" : -2.118034
    }, {
      "x" : -3.427051,
      "y" : -5.545085,
      "z" : 6.354102
    }, {
      "x" : -7.663119,
      "y" : 1.309017,
      "z" : 8.972136
    }, {
      "x" : -10.281153,
      "y" : 5.545085,
      "z" : 2.118034
    }, {
      "x" : -7.663119,
      "y" : 1.309017,
      "z" : -4.736068
    } ],
    "faces" : [ {
      "vertices" : [ 0, 1, 2 ]
    }, {
      "vertices" : [ 0, 2, 3 ]
    }, {
      "vertices" : [ 0, 3, 4 ]
    }, {
      "vertices" : [ 0, 4, 3 ]
    }, {
      "vertices" : [ 0, 3, 2 ]
    }, {
      "vertices" : [ 0, 2, 1 ]
    } ]
  }, {
    "id" : "d4e31121-53e6-41a2-9323-23e2110db13b",
    "vertices" : [ {
      "x" : 3.427051,
      "y" : 5.545085,
      "z" : 2.118034
    }, {
      "x" : 3.427051,
      "y" : 5.545085,
      "z" : -6.354102
    }, {
      "x" : -3.427051,
      "y" : 8.163119,
      "z" : -2.118034
    } ],
    "faces" : [ {
      "vertices" : [ 0, 1, 2 ]
    }, {
      "vertices" : [ 0, 2, 1 ]
    } ]
  }, {
    "id" : "e31a59c4-d481-4fa6-bf76-58fda85659cb",
    "vertices" : [ {
      "x" : -3.427051,
      "y" : -5.545085,
      "z" : -2.118034
    }, {
      "x" : -0.809017,
      "y" : -1.309017,
      "z" : -8.972136
    }, {
      "x" : 7.663119,
      "y" : -1.309017,
      "z" : -8.972136
    }, {
      "x" : 10.281153,
      "y" : -5.545085,
      "z" : -2.118034
    }, {
      "x" : 3.427051,
      "y" : -8.163119,
      "z" : 2.118034
    } ],
    "faces" : [ {
      "vertices" : [ 0, 1, 2 ]
    }, {
      "vertices" : [ 0, 2, 3 ]
    }, {
      "vertices" : [ 0, 3, 4 ]
    }, {
      "vertices" : [ 0, 4, 3 ]
    }, {
      "vertices" : [ 0, 3, 2 ]
    }, {
      "vertices" : [ 0, 2, 1 ]
    } ]
  }, {
    "id" : "066c5d32-bd06-4d9b-8714-876e1766101e",
    "vertices" : [ {
      "x" : 3.427051,
      "y" : 5.545085,
      "z" : 2.118034
    }, {
      "x" : -3.427051,
      "y" : 8.163119,
      "z" : -2.118034
    }, {
      "x" : -10.281153,
      "y" : 5.545085,
      "z" : 2.118034
    }, {
      "x" : -7.663119,
      "y" : 1.309017,
      "z" : 8.972136
    }, {
      "x" : 0.809017,
      "y" : 1.309017,
      "z" : 8.972136
    } ],
    "faces" : [ {
      "vertices" : [ 0, 1, 2 ]
    }, {
      "vertices" : [ 0, 2, 3 ]
    }, {
      "vertices" : [ 0, 3, 4 ]
    }, {
      "vertices" : [ 0, 4, 3 ]
    }, {
      "vertices" : [ 0, 3, 2 ]
    }, {
      "vertices" : [ 0, 2, 1 ]
    } ]
  }, {
    "id" : "1368add7-2c7f-4892-a22a-f830a6d99789",
    "vertices" : [ {
      "x" : 7.663119,
      "y" : -1.309017,
      "z" : 4.736068
    }, {
      "x" : 3.427051,
      "y" : -8.163119,
      "z" : 2.118034
    }, {
      "x" : 10.281153,
      "y" : -5.545085,
      "z" : -2.118034
    } ],
    "faces" : [ {
      "vertices" : [ 0, 1, 2 ]
    }, {
      "vertices" : [ 0, 2, 1 ]
    } ]
  }, {
    "id" : "69b6a23e-8c49-4ef5-a57c-a721b9f856e3",
    "vertices" : [ {
      "x" : -7.663119,
      "y" : 1.309017,
      "z" : 8.972136
    }, {
      "x" : -3.427051,
      "y" : -5.545085,
      "z" : 6.354102
    }, {
      "x" : 0.809017,
      "y" : 1.309017,
      "z" : 8.972136
    } ],
    "faces" : [ {
      "vertices" : [ 0, 1, 2 ]
    }, {
      "vertices" : [ 0, 2, 1 ]
    } ]
  }, {
    "id" : "fc5dec56-bf23-4c17-b054-ca1f122af4a9",
    "vertices" : [ {
      "x" : 3.427051,
      "y" : 5.545085,
      "z" : 2.118034
    }, {
      "x" : 0.809017,
      "y" : 1.309017,
      "z" : 8.972136
    }, {
      "x" : 7.663119,
      "y" : -1.309017,
      "z" : 4.736068
    } ],
    "faces" : [ {
      "vertices" : [ 0, 1, 2 ]
    }, {
      "vertices" : [ 0, 2, 1 ]
    } ]
  }, {
    "id" : "457bf2fa-b097-408e-b556-1bf75246932a",
    "vertices" : [ {
      "x" : 7.663119,
      "y" : -1.309017,
      "z" : -8.972136
    }, {
      "x" : -0.809017,
      "y" : -1.309017,
      "z" : -8.972136
    }, {
      "x" : 3.427051,
      "y" : 5.545085,
      "z" : -6.354102
    } ],
    "faces" : [ {
      "vertices" : [ 0, 1, 2 ]
    }, {
      "vertices" : [ 0, 2, 1 ]
    } ]
  }, {
    "id" : "db50b14c-1190-4813-a405-5a25b6236edc",
    "vertices" : [ {
      "x" : -3.427051,
      "y" : -5.545085,
      "z" : -2.118034
    }, {
      "x" : -7.663119,
      "y" : 1.309017,
      "z" : -4.736068
    }, {
      "x" : -0.809017,
      "y" : -1.309017,
      "z" : -8.972136
    } ],
    "faces" : [ {
      "vertices" : [ 0, 1, 2 ]
    }, {
      "vertices" : [ 0, 2, 1 ]
    } ]
  }, {
    "id" : "6839aa5c-44cf-42e4-b137-2245098b9377",
    "vertices" : [ {
      "x" : 7.663119,
      "y" : -1.309017,
      "z" : 4.736068
    }, {
      "x" : 0.809017,
      "y" : 1.309017,
      "z" : 8.972136
    }, {
      "x" : -3.427051,
      "y" : -5.545085,
      "z" : 6.354102
    }, {
      "x" : 3.427051,
      "y" : -8.163119,
      "z" : 2.118034
    } ],
    "faces" : [ {
      "vertices" : [ 0, 1, 2 ]
    }, {
      "vertices" : [ 0, 2, 3 ]
    }, {
      "vertices" : [ 0, 3, 2 ]
    }, {
      "vertices" : [ 0, 2, 1 ]
    } ]
  }, {
    "id" : "8110a112-e5c6-460d-b043-2779a9286ba8",
    "vertices" : [ {
      "x" : -7.663119,
      "y" : 1.309017,
      "z" : -4.736068
    }, {
      "x" : -3.427051,
      "y" : 8.163119,
      "z" : -2.118034
    }, {
      "x" : 3.427051,
      "y" : 5.545085,
      "z" : -6.354102
    }, {
      "x" : -0.809017,
      "y" : -1.309017,
      "z" : -8.972136
    } ],
    "faces" : [ {
      "vertices" : [ 0, 1, 2 ]
    }, {
      "vertices" : [ 0, 2, 3 ]
    }, {
      "vertices" : [ 0, 3, 2 ]
    }, {
      "vertices" : [ 0, 2, 1 ]
    } ]
  }, {
    "id" : "8b3f0365-66f8-41e7-97fb-a25b98b87a46",
    "vertices" : [ {
      "x" : -7.663119,
      "y" : 1.309017,
      "z" : -4.736068
    }, {
      "x" : -10.281153,
      "y" : 5.545085,
      "z" : 2.118034
    }, {
      "x" : -3.427051,
      "y" : 8.163119,
      "z" : -2.118034
    } ],
    "faces" : [ {
      "vertices" : [ 0, 1, 2 ]
    }, {
      "vertices" : [ 0, 2, 1 ]
    } ]
  }, {
    "id" : "c90f555b-da6a-4739-bfa4-1a9c34566197",
    "vertices" : [ {
      "x" : 7.663119,
      "y" : -1.309017,
      "z" : -8.972136
    }, {
      "x" : 3.427051,
      "y" : 5.545085,
      "z" : -6.354102
    }, {
      "x" : 3.427051,
      "y" : 5.545085,
      "z" : 2.118034
    }, {
      "x" : 7.663119,
      "y" : -1.309017,
      "z" : 4.736068
    }, {
      "x" : 10.281153,
      "y" : -5.545085,
      "z" : -2.118034
    } ],
    "faces" : [ {
      "vertices" : [ 0, 1, 2 ]
    }, {
      "vertices" : [ 0, 2, 3 ]
    }, {
      "vertices" : [ 0, 3, 4 ]
    }, {
      "vertices" : [ 0, 4, 3 ]
    }, {
      "vertices" : [ 0, 3, 2 ]
    }, {
      "vertices" : [ 0, 2, 1 ]
    } ]
  }, {
    "id" : "11a945dd-a662-4211-8916-9f3b9cf99eab",
    "vertices" : [ {
      "x" : 0.309017,
      "y" : -0.809017,
      "z" : 0.618034
    }, {
      "x" : 0.809017,
      "y" : -0.618034,
      "z" : 0.309017
    }, {
      "x" : 0.618034,
      "y" : -0.309017,
      "z" : 0.809017
    }, {
      "x" : 1.0,
      "y" : 0.309017,
      "z" : 0.19098301
    }, {
      "x" : 0.809017,
      "y" : 0.618034,
      "z" : 0.309017
    }, {
      "x" : 0.618034,
      "y" : 0.309017,
      "z" : 0.809017
    }, {
      "x" : 0.809017,
      "y" : 0.0,
      "z" : 0.690983
    }, {
      "x" : 0.19098301,
      "y" : -1.0,
      "z" : 0.309017
    }, {
      "x" : -0.19098301,
      "y" : -1.0,
      "z" : 0.309017
    }, {
      "x" : -0.19098301,
      "y" : -1.0,
      "z" : -0.309017
    }, {
      "x" : 0.19098301,
      "y" : -1.0,
      "z" : -0.309017
    }, {
      "x" : 1.0,
      "y" : -0.309017,
      "z" : -0.19098301
    }, {
      "x" : 0.809017,
      "y" : -0.618034,
      "z" : -0.309017
    }, {
      "x" : 0.618034,
      "y" : -0.309017,
      "z" : -0.809017
    }, {
      "x" : 0.809017,
      "y" : 0.0,
      "z" : -0.690983
    }, {
      "x" : 0.0,
      "y" : 0.690983,
      "z" : -0.809017
    }, {
      "x" : 0.309017,
      "y" : 0.809017,
      "z" : -0.618034
    }, {
      "x" : 0.618034,
      "y" : 0.309017,
      "z" : -0.809017
    }, {
      "x" : 0.309017,
      "y" : 0.19098301,
      "z" : -1.0
    }, {
      "x" : 1.0,
      "y" : 0.309017,
      "z" : -0.19098301
    }, {
      "x" : -0.309017,
      "y" : -0.809017,
      "z" : 0.618034
    }, {
      "x" : 0.0,
      "y" : -0.690983,
      "z" : 0.809017
    }, {
      "x" : 0.809017,
      "y" : 0.618034,
      "z" : -0.309017
    }, {
      "x" : 0.690983,
      "y" : 0.809017,
      "z" : 0.0
    }, {
      "x" : -0.690983,
      "y" : 0.809017,
      "z" : 0.0
    }, {
      "x" : -0.809017,
      "y" : 0.618034,
      "z" : 0.309017
    }, {
      "x" : -0.309017,
      "y" : 0.809017,
      "z" : 0.618034
    }, {
      "x" : -0.19098301,
      "y" : 1.0,
      "z" : 0.309017
    }, {
      "x" : 0.309017,
      "y" : -0.19098301,
      "z" : -1.0
    }, {
      "x" : 0.19098301,
      "y" : 1.0,
      "z" : 0.309017
    }, {
      "x" : 0.309017,
      "y" : 0.809017,
      "z" : 0.618034
    }, {
      "x" : -0.809017,
      "y" : -0.618034,
      "z" : 0.309017
    }, {
      "x" : -0.690983,
      "y" : -0.809017,
      "z" : 0.0
    }, {
      "x" : 0.0,
      "y" : 0.690983,
      "z" : 0.809017
    }, {
      "x" : 0.309017,
      "y" : -0.809017,
      "z" : -0.618034
    }, {
      "x" : 0.0,
      "y" : -0.690983,
      "z" : -0.809017
    }, {
      "x" : -1.0,
      "y" : 0.309017,
      "z" : 0.19098301
    }, {
      "x" : -0.809017,
      "y" : 0.0,
      "z" : 0.690983
    }, {
      "x" : -0.618034,
      "y" : 0.309017,
      "z" : 0.809017
    }, {
      "x" : 1.0,
      "y" : -0.309017,
      "z" : 0.19098301
    }, {
      "x" : -0.309017,
      "y" : -0.809017,
      "z" : -0.618034
    }, {
      "x" : -1.0,
      "y" : 0.309017,
      "z" : -0.19098301
    }, {
      "x" : -1.0,
      "y" : -0.309017,
      "z" : -0.19098301
    }, {
      "x" : -1.0,
      "y" : -0.309017,
      "z" : 0.19098301
    }, {
      "x" : 0.19098301,
      "y" : 1.0,
      "z" : -0.309017
    }, {
      "x" : -0.809017,
      "y" : 0.618034,
      "z" : -0.309017
    }, {
      "x" : -0.19098301,
      "y" : 1.0,
      "z" : -0.309017
    }, {
      "x" : -0.309017,
      "y" : 0.809017,
      "z" : -0.618034
    }, {
      "x" : -0.618034,
      "y" : -0.309017,
      "z" : 0.809017
    }, {
      "x" : 0.309017,
      "y" : 0.19098301,
      "z" : 1.0
    }, {
      "x" : -0.309017,
      "y" : 0.19098301,
      "z" : -1.0
    }, {
      "x" : -0.309017,
      "y" : 0.19098301,
      "z" : 1.0
    }, {
      "x" : -0.309017,
      "y" : -0.19098301,
      "z" : 1.0
    }, {
      "x" : 0.309017,
      "y" : -0.19098301,
      "z" : 1.0
    }, {
      "x" : 0.690983,
      "y" : -0.809017,
      "z" : 0.0
    }, {
      "x" : -0.809017,
      "y" : 0.0,
      "z" : -0.690983
    }, {
      "x" : -0.618034,
      "y" : -0.309017,
      "z" : -0.809017
    }, {
      "x" : -0.309017,
      "y" : -0.19098301,
      "z" : -1.0
    }, {
      "x" : -0.618034,
      "y" : 0.309017,
      "z" : -0.809017
    }, {
      "x" : -0.809017,
      "y" : -0.618034,
      "z" : -0.309017
    } ],
    "faces" : [ {
      "vertices" : [ 9, 40, 35 ]
    }, {
      "vertices" : [ 9, 35, 34 ]
    }, {
      "vertices" : [ 9, 34, 10 ]
    }, {
      "vertices" : [ 0, 1, 2 ]
    }, {
      "vertices" : [ 33, 51, 49 ]
    }, {
      "vertices" : [ 25, 36, 37 ]
    }, {
      "vertices" : [ 25, 37, 38 ]
    }, {
      "vertices" : [ 41, 55, 42 ]
    }, {
      "vertices" : [ 9, 32, 59 ]
    }, {
      "vertices" : [ 9, 59, 40 ]
    }, {
      "vertices" : [ 20, 21, 52 ]
    }, {
      "vertices" : [ 20, 52, 48 ]
    }, {
      "vertices" : [ 26, 33, 30 ]
    }, {
      "vertices" : [ 26, 30, 29 ]
    }, {
      "vertices" : [ 26, 29, 27 ]
    }, {
      "vertices" : [ 3, 4, 5 ]
    }, {
      "vertices" : [ 3, 5, 6 ]
    }, {
      "vertices" : [ 27, 29, 44 ]
    }, {
      "vertices" : [ 27, 44, 46 ]
    }, {
      "vertices" : [ 50, 57, 56 ]
    }, {
      "vertices" : [ 50, 56, 55 ]
    }, {
      "vertices" : [ 50, 55, 58 ]
    }, {
      "vertices" : [ 26, 38, 51 ]
    }, {
      "vertices" : [ 26, 51, 33 ]
    }, {
      "vertices" : [ 45, 47, 58 ]
    }, {
      "vertices" : [ 18, 28, 57 ]
    }, {
      "vertices" : [ 18, 57, 50 ]
    }, {
      "vertices" : [ 40, 59, 56 ]
    }, {
      "vertices" : [ 31, 48, 37 ]
    }, {
      "vertices" : [ 31, 37, 43 ]
    }, {
      "vertices" : [ 7, 8, 9 ]
    }, {
      "vertices" : [ 7, 9, 10 ]
    }, {
      "vertices" : [ 36, 41, 42 ]
    }, {
      "vertices" : [ 36, 42, 43 ]
    }, {
      "vertices" : [ 24, 46, 47 ]
    }, {
      "vertices" : [ 24, 47, 45 ]
    }, {
      "vertices" : [ 4, 30, 5 ]
    }, {
      "vertices" : [ 15, 47, 46 ]
    }, {
      "vertices" : [ 15, 46, 44 ]
    }, {
      "vertices" : [ 15, 44, 16 ]
    }, {
      "vertices" : [ 15, 50, 58 ]
    }, {
      "vertices" : [ 15, 58, 47 ]
    }, {
      "vertices" : [ 24, 45, 41 ]
    }, {
      "vertices" : [ 24, 41, 36 ]
    }, {
      "vertices" : [ 24, 36, 25 ]
    }, {
      "vertices" : [ 11, 14, 19 ]
    }, {
      "vertices" : [ 3, 6, 39 ]
    }, {
      "vertices" : [ 1, 39, 6 ]
    }, {
      "vertices" : [ 1, 6, 2 ]
    }, {
      "vertices" : [ 8, 32, 9 ]
    }, {
      "vertices" : [ 11, 12, 13 ]
    }, {
      "vertices" : [ 11, 13, 14 ]
    }, {
      "vertices" : [ 16, 22, 17 ]
    }, {
      "vertices" : [ 0, 21, 20 ]
    }, {
      "vertices" : [ 0, 20, 8 ]
    }, {
      "vertices" : [ 0, 8, 7 ]
    }, {
      "vertices" : [ 12, 34, 13 ]
    }, {
      "vertices" : [ 35, 40, 56 ]
    }, {
      "vertices" : [ 35, 56, 57 ]
    }, {
      "vertices" : [ 0, 7, 54 ]
    }, {
      "vertices" : [ 0, 54, 1 ]
    }, {
      "vertices" : [ 15, 16, 17 ]
    }, {
      "vertices" : [ 15, 17, 18 ]
    }, {
      "vertices" : [ 3, 19, 22 ]
    }, {
      "vertices" : [ 3, 22, 23 ]
    }, {
      "vertices" : [ 3, 23, 4 ]
    }, {
      "vertices" : [ 7, 10, 54 ]
    }, {
      "vertices" : [ 41, 45, 58 ]
    }, {
      "vertices" : [ 41, 58, 55 ]
    }, {
      "vertices" : [ 3, 39, 11 ]
    }, {
      "vertices" : [ 3, 11, 19 ]
    }, {
      "vertices" : [ 14, 17, 22 ]
    }, {
      "vertices" : [ 14, 22, 19 ]
    }, {
      "vertices" : [ 0, 2, 53 ]
    }, {
      "vertices" : [ 0, 53, 21 ]
    }, {
      "vertices" : [ 49, 51, 52 ]
    }, {
      "vertices" : [ 49, 52, 53 ]
    }, {
      "vertices" : [ 31, 43, 42 ]
    }, {
      "vertices" : [ 31, 42, 59 ]
    }, {
      "vertices" : [ 31, 59, 32 ]
    }, {
      "vertices" : [ 15, 18, 50 ]
    }, {
      "vertices" : [ 42, 55, 56 ]
    }, {
      "vertices" : [ 42, 56, 59 ]
    }, {
      "vertices" : [ 4, 23, 29 ]
    }, {
      "vertices" : [ 4, 29, 30 ]
    }, {
      "vertices" : [ 25, 38, 26 ]
    }, {
      "vertices" : [ 13, 28, 18 ]
    }, {
      "vertices" : [ 13, 18, 17 ]
    }, {
      "vertices" : [ 13, 17, 14 ]
    }, {
      "vertices" : [ 8, 20, 31 ]
    }, {
      "vertices" : [ 8, 31, 32 ]
    }, {
      "vertices" : [ 23, 44, 29 ]
    }, {
      "vertices" : [ 24, 27, 46 ]
    }, {
      "vertices" : [ 37, 48, 52 ]
    }, {
      "vertices" : [ 37, 52, 51 ]
    }, {
      "vertices" : [ 37, 51, 38 ]
    }, {
      "vertices" : [ 20, 48, 31 ]
    }, {
      "vertices" : [ 24, 25, 26 ]
    }, {
      "vertices" : [ 24, 26, 27 ]
    }, {
      "vertices" : [ 16, 44, 23 ]
    }, {
      "vertices" : [ 16, 23, 22 ]
    }, {
      "vertices" : [ 13, 34, 35 ]
    }, {
      "vertices" : [ 13, 35, 28 ]
    }, {
      "vertices" : [ 10, 34, 12 ]
    }, {
      "vertices" : [ 10, 12, 54 ]
    }, {
      "vertices" : [ 2, 6, 5 ]
    }, {
      "vertices" : [ 2, 5, 49 ]
    }, {
      "vertices" : [ 2, 49, 53 ]
    }, {
      "vertices" : [ 36, 43, 37 ]
    }, {
      "vertices" : [ 5, 30, 33 ]
    }, {
      "vertices" : [ 5, 33, 49 ]
    }, {
      "vertices" : [ 1, 54, 12 ]
    }, {
      "vertices" : [ 1, 12, 11 ]
    }, {
      "vertices" : [ 1, 11, 39 ]
    }, {
      "vertices" : [ 28, 35, 57 ]
    }, {
      "vertices" : [ 21, 53, 52 ]
    } ]
  }, {
    "id" : "bfb106df-caa1-4c85-aeb6-c25a6c9c8c42",
    "vertices" : [ {
      "x" : 7.472136,
      "y" : 0.309017,
      "z" : 0.19098301
    }, {
      "x" : 7.472136,
      "y" : 0.309017,
      "z" : -0.19098301
    }, {
      "x" : 1.0,
      "y" : 0.309017,
      "z" : -0.19098301
    }, {
      "x" : 1.0,
      "y" : 0.309017,
      "z" : 0.19098301
    }, {
      "x" : 7.472136,
      "y" : -0.309017,
      "z" : 0.19098301
    }, {
      "x" : 1.0,
      "y" : -0.309017,
      "z" : 0.19098301
    }, {
      "x" : 1.0,
      "y" : -0.309017,
      "z" : -0.19098301
    }, {
      "x" : 7.472136,
      "y" : -0.309017,
      "z" : -0.19098301
    }, {
      "x" : 8.472136,
      "y" : 0.0,
      "z" : 0.0
    } ],
    "faces" : [ {
      "vertices" : [ 1, 7, 6 ]
    }, {
      "vertices" : [ 1, 6, 2 ]
    }, {
      "vertices" : [ 0, 1, 2 ]
    }, {
      "vertices" : [ 0, 2, 3 ]
    }, {
      "vertices" : [ 4, 5, 6 ]
    }, {
      "vertices" : [ 4, 6, 7 ]
    }, {
      "vertices" : [ 0, 3, 5 ]
    }, {
      "vertices" : [ 0, 5, 4 ]
    } ]
  } ],
  "instances" : [ {
    "shape" : "dcef3d2f-6424-4429-b087-3ba499fa9cf0",
    "color" : "#F7CF7F",
    "position" : {
      "x" : 0.0,
      "y" : 0.0,
      "z" : 0.0
    }
  }, {
    "shape" : "aa160d8d-0b35-4d05-b839-41ecf6ac3c41",
    "color" : "#D77F7F",
    "position" : {
      "x" : 0.0,
      "y" : 0.0,
      "z" : 0.0
    }
  }, {
    "shape" : "d4e31121-53e6-41a2-9323-23e2110db13b",
    "color" : "#F7CF7F",
    "position" : {
      "x" : 0.0,
      "y" : 0.0,
      "z" : 0.0
    }
  }, {
    "shape" : "e31a59c4-d481-4fa6-bf76-58fda85659cb",
    "color" : "#D77F7F",
    "position" : {
      "x" : 0.0,
      "y" : 0.0,
      "z" : 0.0
    }
  }, {
    "shape" : "066c5d32-bd06-4d9b-8714-876e1766101e",
    "color" : "#D77F7F",
    "position" : {
      "x" : 0.0,
      "y" : 0.0,
      "z" : 0.0
    }
  }, {
    "shape" : "1368add7-2c7f-4892-a22a-f830a6d99789",
    "color" : "#F7CF7F",
    "position" : {
      "x" : 0.0,
      "y" : 0.0,
      "z" : 0.0
    }
  }, {
    "shape" : "69b6a23e-8c49-4ef5-a57c-a721b9f856e3",
    "color" : "#F7CF7F",
    "position" : {
      "x" : 0.0,
      "y" : 0.0,
      "z" : 0.0
    }
  }, {
    "shape" : "fc5dec56-bf23-4c17-b054-ca1f122af4a9",
    "color" : "#F7CF7F",
    "position" : {
      "x" : 0.0,
      "y" : 0.0,
      "z" : 0.0
    }
  }, {
    "shape" : "457bf2fa-b097-408e-b556-1bf75246932a",
    "color" : "#F7CF7F",
    "position" : {
      "x" : 0.0,
      "y" : 0.0,
      "z" : 0.0
    }
  }, {
    "shape" : "db50b14c-1190-4813-a405-5a25b6236edc",
    "color" : "#F7CF7F",
    "position" : {
      "x" : 0.0,
      "y" : 0.0,
      "z" : 0.0
    }
  }, {
    "shape" : "6839aa5c-44cf-42e4-b137-2245098b9377",
    "color" : "#7FBACA",
    "position" : {
      "x" : 0.0,
      "y" : 0.0,
      "z" : 0.0
    }
  }, {
    "shape" : "8110a112-e5c6-460d-b043-2779a9286ba8",
    "color" : "#7FBACA",
    "position" : {
      "x" : 0.0,
      "y" : 0.0,
      "z" : 0.0
    }
  }, {
    "shape" : "8b3f0365-66f8-41e7-97fb-a25b98b87a46",
    "color" : "#F7CF7F",
    "position" : {
      "x" : 0.0,
      "y" : 0.0,
      "z" : 0.0
    }
  }, {
    "shape" : "c90f555b-da6a-4739-bfa4-1a9c34566197",
    "color" : "#D77F7F",
    "position" : {
      "x" : 0.0,
      "y" : 0.0,
      "z" : 0.0
    }
  } ],
  "scenes" : [ {
    "title" : "Edges",
    "content" : "",
    "view" : {
      "position" : {
        "x" : -14.683658,
        "y" : -100.64328,
        "z" : 38.44231
      },
      "width" : 48.92907,
      "nearClipDistance" : 0.27182817,
      "farClipDistance" : 217.46254,
      "lookAtPoint" : {
        "x" : 0.0,
        "y" : 0.0,
        "z" : 0.0
      },
      "viewDistance" : 108.73127,
      "fieldOfView" : 0.44262886,
      "perspective" : true,
      "lookDirection" : {
        "x" : 0.1350454,
        "y" : 0.92561483,
        "z" : -0.3535534
      },
      "stereo" : false,
      "upDirection" : {
        "x" : -0.5720614,
        "y" : -0.218508,
        "z" : -0.7905694
      }
    },
    "snapshot" : 0
  }, {
    "title" : "Faces",
    "content" : "",
    "view" : {
      "position" : {
        "x" : -14.683658,
        "y" : -100.64328,
        "z" : 38.44231
      },
      "width" : 48.92907,
      "nearClipDistance" : 0.27182817,
      "farClipDistance" : 217.46254,
      "lookAtPoint" : {
        "x" : 0.0,
        "y" : 0.0,
        "z" : 0.0
      },
      "viewDistance" : 108.73127,
      "fieldOfView" : 0.44262886,
      "perspective" : true,
      "lookDirection" : {
        "x" : 0.1350454,
        "y" : 0.92561483,
        "z" : -0.3535534
      },
      "stereo" : false,
      "upDirection" : {
        "x" : -0.5720614,
        "y" : -0.218508,
        "z" : -0.7905694
      }
    },
    "snapshot" : 1
  } ],
  "snapshots" : [ [ {
    "shape" : "11a945dd-a662-4211-8916-9f3b9cf99eab",
    "color" : "#FFFFFF",
    "position" : {
      "x" : -3.427051,
      "y" : 8.163119,
      "z" : -2.118034
    },
    "orientation" : 0
  }, {
    "shape" : "bfb106df-caa1-4c85-aeb6-c25a6c9c8c42",
    "color" : "#007695",
    "position" : {
      "x" : -3.427051,
      "y" : 8.163119,
      "z" : -2.118034
    },
    "orientation" : 36
  }, {
    "shape" : "11a945dd-a662-4211-8916-9f3b9cf99eab",
    "color" : "#FFFFFF",
    "position" : {
      "x" : -3.427051,
      "y" : -5.545085,
      "z" : 6.354102
    },
    "orientation" : 0
  }, {
    "shape" : "11a945dd-a662-4211-8916-9f3b9cf99eab",
    "color" : "#FFFFFF",
    "position" : {
      "x" : 0.809017,
      "y" : 1.309017,
      "z" : 8.972136
    },
    "orientation" : 0
  }, {
    "shape" : "bfb106df-caa1-4c85-aeb6-c25a6c9c8c42",
    "color" : "#007695",
    "position" : {
      "x" : 3.427051,
      "y" : 5.545085,
      "z" : -6.354102
    },
    "orientation" : 36
  }, {
    "shape" : "bfb106df-caa1-4c85-aeb6-c25a6c9c8c42",
    "color" : "#007695",
    "position" : {
      "x" : 7.663119,
      "y" : -1.309017,
      "z" : -8.972136
    },
    "orientation" : 45
  }, {
    "shape" : "bfb106df-caa1-4c85-aeb6-c25a6c9c8c42",
    "color" : "#007695",
    "position" : {
      "x" : 0.809017,
      "y" : 1.309017,
      "z" : 8.972136
    },
    "orientation" : 45
  }, {
    "shape" : "bfb106df-caa1-4c85-aeb6-c25a6c9c8c42",
    "color" : "#007695",
    "position" : {
      "x" : 7.663119,
      "y" : -1.309017,
      "z" : 4.736068
    },
    "orientation" : 25
  }, {
    "shape" : "11a945dd-a662-4211-8916-9f3b9cf99eab",
    "color" : "#FFFFFF",
    "position" : {
      "x" : 3.427051,
      "y" : -8.163119,
      "z" : 2.118034
    },
    "orientation" : 0
  }, {
    "shape" : "bfb106df-caa1-4c85-aeb6-c25a6c9c8c42",
    "color" : "#007695",
    "position" : {
      "x" : -0.809017,
      "y" : -1.309017,
      "z" : -8.972136
    },
    "orientation" : 40
  }, {
    "shape" : "bfb106df-caa1-4c85-aeb6-c25a6c9c8c42",
    "color" : "#007695",
    "position" : {
      "x" : -10.281153,
      "y" : 5.545085,
      "z" : 2.118034
    },
    "orientation" : 25
  }, {
    "shape" : "bfb106df-caa1-4c85-aeb6-c25a6c9c8c42",
    "color" : "#007695",
    "position" : {
      "x" : 3.427051,
      "y" : -8.163119,
      "z" : 2.118034
    },
    "orientation" : 23
  }, {
    "shape" : "bfb106df-caa1-4c85-aeb6-c25a6c9c8c42",
    "color" : "#007695",
    "position" : {
      "x" : 0.809017,
      "y" : 1.309017,
      "z" : 8.972136
    },
    "orientation" : 36
  }, {
    "shape" : "11a945dd-a662-4211-8916-9f3b9cf99eab",
    "color" : "#FFFFFF",
    "position" : {
      "x" : 3.427051,
      "y" : 5.545085,
      "z" : 2.118034
    },
    "orientation" : 0
  }, {
    "shape" : "bfb106df-caa1-4c85-aeb6-c25a6c9c8c42",
    "color" : "#007695",
    "position" : {
      "x" : -3.427051,
      "y" : 8.163119,
      "z" : -2.118034
    },
    "orientation" : 41
  }, {
    "shape" : "bfb106df-caa1-4c85-aeb6-c25a6c9c8c42",
    "color" : "#007695",
    "position" : {
      "x" : 3.427051,
      "y" : 5.545085,
      "z" : 2.118034
    },
    "orientation" : 21
  }, {
    "shape" : "bfb106df-caa1-4c85-aeb6-c25a6c9c8c42",
    "color" : "#007695",
    "position" : {
      "x" : 3.427051,
      "y" : 5.545085,
      "z" : -6.354102
    },
    "orientation" : 24
  }, {
    "shape" : "bfb106df-caa1-4c85-aeb6-c25a6c9c8c42",
    "color" : "#007695",
    "position" : {
      "x" : -10.281153,
      "y" : 5.545085,
      "z" : 2.118034
    },
    "orientation" : 37
  }, {
    "shape" : "11a945dd-a662-4211-8916-9f3b9cf99eab",
    "color" : "#FFFFFF",
    "position" : {
      "x" : 10.281153,
      "y" : -5.545085,
      "z" : -2.118034
    },
    "orientation" : 0
  }, {
    "shape" : "bfb106df-caa1-4c85-aeb6-c25a6c9c8c42",
    "color" : "#007695",
    "position" : {
      "x" : 7.663119,
      "y" : -1.309017,
      "z" : -8.972136
    },
    "orientation" : 37
  }, {
    "shape" : "bfb106df-caa1-4c85-aeb6-c25a6c9c8c42",
    "color" : "#007695",
    "position" : {
      "x" : -3.427051,
      "y" : -5.545085,
      "z" : 6.354102
    },
    "orientation" : 51
  }, {
    "shape" : "11a945dd-a662-4211-8916-9f3b9cf99eab",
    "color" : "#FFFFFF",
    "position" : {
      "x" : -7.663119,
      "y" : 1.309017,
      "z" : -4.736068
    },
    "orientation" : 0
  }, {
    "shape" : "bfb106df-caa1-4c85-aeb6-c25a6c9c8c42",
    "color" : "#007695",
    "position" : {
      "x" : 7.663119,
      "y" : -1.309017,
      "z" : 4.736068
    },
    "orientation" : 36
  }, {
    "shape" : "bfb106df-caa1-4c85-aeb6-c25a6c9c8c42",
    "color" : "#007695",
    "position" : {
      "x" : -7.663119,
      "y" : 1.309017,
      "z" : -4.736068
    },
    "orientation" : 21
  }, {
    "shape" : "bfb106df-caa1-4c85-aeb6-c25a6c9c8c42",
    "color" : "#007695",
    "position" : {
      "x" : -3.427051,
      "y" : 8.163119,
      "z" : -2.118034
    },
    "orientation" : 8
  }, {
    "shape" : "11a945dd-a662-4211-8916-9f3b9cf99eab",
    "color" : "#FFFFFF",
    "position" : {
      "x" : -10.281153,
      "y" : 5.545085,
      "z" : 2.118034
    },
    "orientation" : 0
  }, {
    "shape" : "bfb106df-caa1-4c85-aeb6-c25a6c9c8c42",
    "color" : "#007695",
    "position" : {
      "x" : -3.427051,
      "y" : -5.545085,
      "z" : -2.118034
    },
    "orientation" : 8
  }, {
    "shape" : "11a945dd-a662-4211-8916-9f3b9cf99eab",
    "color" : "#FFFFFF",
    "position" : {
      "x" : 3.427051,
      "y" : 5.545085,
      "z" : -6.354102
    },
    "orientation" : 0
  }, {
    "shape" : "11a945dd-a662-4211-8916-9f3b9cf99eab",
    "color" : "#FFFFFF",
    "position" : {
      "x" : -3.427051,
      "y" : -5.545085,
      "z" : -2.118034
    },
    "orientation" : 0
  }, {
    "shape" : "bfb106df-caa1-4c85-aeb6-c25a6c9c8c42",
    "color" : "#007695",
    "position" : {
      "x" : -3.427051,
      "y" : 8.163119,
      "z" : -2.118034
    },
    "orientation" : 26
  }, {
    "shape" : "bfb106df-caa1-4c85-aeb6-c25a6c9c8c42",
    "color" : "#007695",
    "position" : {
      "x" : 7.663119,
      "y" : -1.309017,
      "z" : 4.736068
    },
    "orientation" : 38
  }, {
    "shape" : "11a945dd-a662-4211-8916-9f3b9cf99eab",
    "color" : "#FFFFFF",
    "position" : {
      "x" : -7.663119,
      "y" : 1.309017,
      "z" : 8.972136
    },
    "orientation" : 0
  }, {
    "shape" : "11a945dd-a662-4211-8916-9f3b9cf99eab",
    "color" : "#FFFFFF",
    "position" : {
      "x" : -0.809017,
      "y" : -1.309017,
      "z" : -8.972136
    },
    "orientation" : 0
  }, {
    "shape" : "11a945dd-a662-4211-8916-9f3b9cf99eab",
    "color" : "#FFFFFF",
    "position" : {
      "x" : 7.663119,
      "y" : -1.309017,
      "z" : -8.972136
    },
    "orientation" : 0
  }, {
    "shape" : "11a945dd-a662-4211-8916-9f3b9cf99eab",
    "color" : "#FFFFFF",
    "position" : {
      "x" : 7.663119,
      "y" : -1.309017,
      "z" : 4.736068
    },
    "orientation" : 0
  }, {
    "shape" : "bfb106df-caa1-4c85-aeb6-c25a6c9c8c42",
    "color" : "#007695",
    "position" : {
      "x" : -0.809017,
      "y" : -1.309017,
      "z" : -8.972136
    },
    "orientation" : 38
  }, {
    "shape" : "bfb106df-caa1-4c85-aeb6-c25a6c9c8c42",
    "color" : "#007695",
    "position" : {
      "x" : -3.427051,
      "y" : -5.545085,
      "z" : 6.354102
    },
    "orientation" : 47
  }, {
    "shape" : "bfb106df-caa1-4c85-aeb6-c25a6c9c8c42",
    "color" : "#007695",
    "position" : {
      "x" : 3.427051,
      "y" : 5.545085,
      "z" : 2.118034
    },
    "orientation" : 40
  }, {
    "shape" : "bfb106df-caa1-4c85-aeb6-c25a6c9c8c42",
    "color" : "#007695",
    "position" : {
      "x" : 3.427051,
      "y" : 5.545085,
      "z" : -6.354102
    },
    "orientation" : 2
  }, {
    "shape" : "bfb106df-caa1-4c85-aeb6-c25a6c9c8c42",
    "color" : "#007695",
    "position" : {
      "x" : 3.427051,
      "y" : -8.163119,
      "z" : 2.118034
    },
    "orientation" : 38
  } ], [ {
    "shape" : "066c5d32-bd06-4d9b-8714-876e1766101e",
    "color" : "#D77F7F",
    "position" : {
      "x" : 0.0,
      "y" : 0.0,
      "z" : 0.0
    },
    "orientation" : 0
  }, {
    "shape" : "69b6a23e-8c49-4ef5-a57c-a721b9f856e3",
    "color" : "#F7CF7F",
    "position" : {
      "x" : 0.0,
      "y" : 0.0,
      "z" : 0.0
    },
    "orientation" : 0
  }, {
    "shape" : "6839aa5c-44cf-42e4-b137-2245098b9377",
    "color" : "#7FBACA",
    "position" : {
      "x" : 0.0,
      "y" : 0.0,
      "z" : 0.0
    },
    "orientation" : 0
  }, {
    "shape" : "dcef3d2f-6424-4429-b087-3ba499fa9cf0",
    "color" : "#F7CF7F",
    "position" : {
      "x" : 0.0,
      "y" : 0.0,
      "z" : 0.0
    },
    "orientation" : 0
  }, {
    "shape" : "aa160d8d-0b35-4d05-b839-41ecf6ac3c41",
    "color" : "#D77F7F",
    "position" : {
      "x" : 0.0,
      "y" : 0.0,
      "z" : 0.0
    },
    "orientation" : 0
  }, {
    "shape" : "8b3f0365-66f8-41e7-97fb-a25b98b87a46",
    "color" : "#F7CF7F",
    "position" : {
      "x" : 0.0,
      "y" : 0.0,
      "z" : 0.0
    },
    "orientation" : 0
  }, {
