{
  "field" : "golden",
  "symmetry" : "icosahedral",
  "orientations" : [ [ 1.0, 0.0, 0.0, 0.0, 0.0, 1.0, 0.0, 0.0, 0.0, 0.0, 1.0, 0.0, 0.0, 0.0, 0.0, 1.0 ], [ 0.0, 0.0, 1.0, 0.0, 1.0, 0.0, 0.0, 0.0, 0.0, 1.0, 0.0, 0.0, 0.0, 0.0, 0.0, 1.0 ], [ 0.0, 1.0, 0.0, 0.0, 0.0, 0.0, 1.0, 0.0, 1.0, 0.0, 0.0, 0.0, 0.0, 0.0, 0.0, 1.0 ], [ 0.809017, 0.309017, 0.5, 0.0, 0.309017, 0.5, -0.809017, 0.0, -0.5, 0.809017, 0.309017, 0.0, 0.0, 0.0, 0.0, 1.0 ], [ -0.5, 0.809017, 0.309017, 0.0, 0.809017, 0.309017, 0.5, 0.0, 0.309017, 0.5, -0.809017, 0.0, 0.0, 0.0, 0.0, 1.0 ], [ 0.309017, 0.5, -0.809017, 0.0, -0.5, 0.809017, 0.309017, 0.0, 0.809017, 0.309017, 0.5, 0.0, 0.0, 0.0, 0.0, 1.0 ], [ 0.5, 0.809017, 0.309017, 0.0, 0.809017, -0.309017, -0.5, 0.0, -0.309017, 0.5, -0.809017, 0.0, 0.0, 0.0, 0.0, 1.0 ], [ -0.309017, 0.5, -0.809017, 0.0, 0.5, 0.809017, 0.309017, 0.0, 0.809017, -0.309017, -0.5, 0.0, 0.0, 0.0, 0.0, 1.0 ], [ 0.809017, -0.309017, -0.5, 0.0, -0.309017, 0.5, -0.809017, 0.0, 0.5, 0.809017, 0.309017, 0.0, 0.0, 0.0, 0.0, 1.0 ], [ 0.5, 0.809017, -0.309017, 0.0, 0.809017, -0.309017, 0.5, 0.0, 0.309017, -0.5, -0.809017, 0.0, 0.0, 0.0, 0.0, 1.0 ], [ 0.309017, -0.5, -0.809017, 0.0, 0.5, 0.809017, -0.309017, 0.0, 0.809017, -0.309017, 0.5, 0.0, 0.0, 0.0, 0.0, 1.0 ], [ 0.809017, -0.309017, 0.5, 0.0, 0.309017, -0.5, -0.809017, 0.0, 0.5, 0.809017, -0.309017, 0.0, 0.0, 0.0, 0.0, 1.0 ], [ 0.809017, 0.309017, -0.5, 0.0, 0.309017, 0.5, 0.809017, 0.0, 0.5, -0.809017, 0.309017, 0.0, 0.0, 0.0, 0.0, 1.0 ], [ 0.5, -0.809017, 0.309017, 0.0, 0.809017, 0.309017, -0.5, 0.0, 0.309017, 0.5, 0.809017, 0.0, 0.0, 0.0, 0.0, 1.0 ], [ 0.309017, 0.5, 0.809017, 0.0, 0.5, -0.809017, 0.309017, 0.0, 0.809017, 0.309017, -0.5, 0.0, 0.0, 0.0, 0.0, 1.0 ], [ 1.0, 0.0, 0.0, 0.0, 0.0, -1.0, 0.0, 0.0, 0.0, 0.0, -1.0, 0.0, 0.0, 0.0, 0.0, 1.0 ], [ 0.0, 0.0, 1.0, 0.0, -1.0, 0.0, 0.0, 0.0, 0.0, -1.0, 0.0, 0.0, 0.0, 0.0, 0.0, 1.0 ], [ 0.0, 1.0, 0.0, 0.0, 0.0, 0.0, -1.0, 0.0, -1.0, 0.0, 0.0, 0.0, 0.0, 0.0, 0.0, 1.0 ], [ 0.809017, 0.309017, 0.5, 0.0, -0.309017, -0.5, 0.809017, 0.0, 0.5, -0.809017, -0.309017, 0.0, 0.0, 0.0, 0.0, 1.0 ], [ -0.5, 0.809017, 0.309017, 0.0, -0.809017, -0.309017, -0.5, 0.0, -0.309017, -0.5, 0.809017, 0.0, 0.0, 0.0, 0.0, 1.0 ], [ 0.309017, 0.5, -0.809017, 0.0, 0.5, -0.809017, -0.309017, 0.0, -0.809017, -0.309017, -0.5, 0.0, 0.0, 0.0, 0.0, 1.0 ], [ 0.5, 0.809017, 0.309017, 0.0, -0.809017, 0.309017, 0.5, 0.0, 0.309017, -0.5, 0.809017, 0.0, 0.0, 0.0, 0.0, 1.0 ], [ -0.309017, 0.5, -0.809017, 0.0, -0.5, -0.809017, -0.309017, 0.0, -0.809017, 0.309017, 0.5, 0.0, 0.0, 0.0, 0.0, 1.0 ], [ 0.809017, -0.309017, -0.5, 0.0, 0.309017, -0.5, 0.809017, 0.0, -0.5, -0.809017, -0.309017, 0.0, 0.0, 0.0, 0.0, 1.0 ], [ 0.5, 0.809017, -0.309017, 0.0, -0.809017, 0.309017, -0.5, 0.0, -0.309017, 0.5, 0.809017, 0.0, 0.0, 0.0, 0.0, 1.0 ], [ 0.309017, -0.5, -0.809017, 0.0, -0.5, -0.809017, 0.309017, 0.0, -0.809017, 0.309017, -0.5, 0.0, 0.0, 0.0, 0.0, 1.0 ], [ 0.809017, -0.309017, 0.5, 0.0, -0.309017, 0.5, 0.809017, 0.0, -0.5, -0.809017, 0.309017, 0.0, 0.0, 0.0, 0.0, 1.0 ], [ 0.809017, 0.309017, -0.5, 0.0, -0.309017, -0.5, -0.809017, 0.0, -0.5, 0.809017, -0.309017, 0.0, 0.0, 0.0, 0.0, 1.0 ], [ 0.5, -0.809017, 0.309017, 0.0, -0.809017, -0.309017, 0.5, 0.0, -0.309017, -0.5, -0.809017, 0.0, 0.0, 0.0, 0.0, 1.0 ], [ 0.309017, 0.5, 0.809017, 0.0, -0.5, 0.809017, -0.309017, 0.0, -0.809017, -0.309017, 0.5, 0.0, 0.0, 0.0, 0.0, 1.0 ], [ -1.0, 0.0, 0.0, 0.0, 0.0, -1.0, 0.0, 0.0, 0.0, 0.0, 1.0, 0.0, 0.0, 0.0, 0.0, 1.0 ], [ 0.0, 0.0, -1.0, 0.0, -1.0, 0.0, 0.0, 0.0, 0.0, 1.0, 0.0, 0.0, 0.0, 0.0, 0.0, 1.0 ], [ 0.0, -1.0, 0.0, 0.0, 0.0, 0.0, -1.0, 0.0, 1.0, 0.0, 0.0, 0.0, 0.0, 0.0, 0.0, 1.0 ], [ -0.809017, -0.309017, -0.5, 0.0, -0.309017, -0.5, 0.809017, 0.0, -0.5, 0.809017, 0.309017, 0.0, 0.0, 0.0, 0.0, 1.0 ], [ 0.5, -0.809017, -0.309017, 0.0, -0.809017, -0.309017, -0.5, 0.0, 0.309017, 0.5, -0.809017, 0.0, 0.0, 0.0, 0.0, 1.0 ], [ -0.309017, -0.5, 0.809017, 0.0, 0.5, -0.809017, -0.309017, 0.0, 0.809017, 0.309017, 0.5, 0.0, 0.0, 0.0, 0.0, 1.0 ], [ -0.5, -0.809017, -0.309017, 0.0, -0.809017, 0.309017, 0.5, 0.0, -0.309017, 0.5, -0.809017, 0.0, 0.0, 0.0, 0.0, 1.0 ], [ 0.309017, -0.5, 0.809017, 0.0, -0.5, -0.809017, -0.309017, 0.0, 0.809017, -0.309017, -0.5, 0.0, 0.0, 0.0, 0.0, 1.0 ], [ -0.809017, 0.309017, 0.5, 0.0, 0.309017, -0.5, 0.809017, 0.0, 0.5, 0.809017, 0.309017, 0.0, 0.0, 0.0, 0.0, 1.0 ], [ -0.5, -0.809017, 0.309017, 0.0, -0.809017, 0.309017, -0.5, 0.0, 0.309017, -0.5, -0.809017, 0.0, 0.0, 0.0, 0.0, 1.0 ], [ -0.309017, 0.5, 0.809017, 0.0, -0.5, -0.809017, 0.309017, 0.0, 0.809017, -0.309017, 0.5, 0.0, 0.0, 0.0, 0.0, 1.0 ], [ -0.809017, 0.309017, -0.5, 0.0, -0.309017, 0.5, 0.809017, 0.0, 0.5, 0.809017, -0.309017, 0.0, 0.0, 0.0, 0.0, 1.0 ], [ -0.809017, -0.309017, 0.5, 0.0, -0.309017, -0.5, -0.809017, 0.0, 0.5, -0.809017, 0.309017, 0.0, 0.0, 0.0, 0.0, 1.0 ], [ -0.5, 0.809017, -0.309017, 0.0, -0.809017, -0.309017, 0.5, 0.0, 0.309017, 0.5, 0.809017, 0.0, 0.0, 0.0, 0.0, 1.0 ], [ -0.309017, -0.5, -0.809017, 0.0, -0.5, 0.809017, -0.309017, 0.0, 0.809017, 0.309017, -0.5, 0.0, 0.0, 0.0, 0.0, 1.0 ], [ -1.0, 0.0, 0.0, 0.0, 0.0, 1.0, 0.0, 0.0, 0.0, 0.0, -1.0, 0.0, 0.0, 0.0, 0.0, 1.0 ], [ 0.0, 0.0, -1.0, 0.0, 1.0, 0.0, 0.0, 0.0, 0.0, -1.0, 0.0, 0.0, 0.0, 0.0, 0.0, 1.0 ], [ 0.0, -1.0, 0.0, 0.0, 0.0, 0.0, 1.0, 0.0, -1.0, 0.0, 0.0, 0.0, 0.0, 0.0, 0.0, 1.0 ], [ -0.809017, -0.309017, -0.5, 0.0, 0.309017, 0.5, -0.809017, 0.0, 0.5, -0.809017, -0.309017, 0.0, 0.0, 0.0, 0.0, 1.0 ], [ 0.5, -0.809017, -0.309017, 0.0, 0.809017, 0.309017, 0.5, 0.0, -0.309017, -0.5, 0.809017, 0.0, 0.0, 0.0, 0.0, 1.0 ], [ -0.309017, -0.5, 0.809017, 0.0, -0.5, 0.809017, 0.309017, 0.0, -0.809017, -0.309017, -0.5, 0.0, 0.0, 0.0, 0.0, 1.0 ], [ -0.5, -0.809017, -0.309017, 0.0, 0.809017, -0.309017, -0.5, 0.0, 0.309017, -0.5, 0.809017, 0.0, 0.0, 0.0, 0.0, 1.0 ], [ 0.309017, -0.5, 0.809017, 0.0, 0.5, 0.809017, 0.309017, 0.0, -0.809017, 0.309017, 0.5, 0.0, 0.0, 0.0, 0.0, 1.0 ], [ -0.809017, 0.309017, 0.5, 0.0, -0.309017, 0.5, -0.809017, 0.0, -0.5, -0.809017, -0.309017, 0.0, 0.0, 0.0, 0.0, 1.0 ], [ -0.5, -0.809017, 0.309017, 0.0, 0.809017, -0.309017, 0.5, 0.0, -0.309017, 0.5, 0.809017, 0.0, 0.0, 0.0, 0.0, 1.0 ], [ -0.309017, 0.5, 0.809017, 0.0, 0.5, 0.809017, -0.309017, 0.0, -0.809017, 0.309017, -0.5, 0.0, 0.0, 0.0, 0.0, 1.0 ], [ -0.809017, 0.309017, -0.5, 0.0, 0.309017, -0.5, -0.809017, 0.0, -0.5, -0.809017, 0.309017, 0.0, 0.0, 0.0, 0.0, 1.0 ], [ -0.809017, -0.309017, 0.5, 0.0, 0.309017, 0.5, 0.809017, 0.0, -0.5, 0.809017, -0.309017, 0.0, 0.0, 0.0, 0.0, 1.0 ], [ -0.5, 0.809017, -0.309017, 0.0, 0.809017, 0.309017, -0.5, 0.0, -0.309017, -0.5, -0.809017, 0.0, 0.0, 0.0, 0.0, 1.0 ], [ -0.309017, -0.5, -0.809017, 0.0, 0.5, -0.809017, 0.309017, 0.0, -0.809017, -0.309017, 0.5, 0.0, 0.0, 0.0, 0.0, 1.0 ] ],
  "lights" : {
    "directionalLights" : [ {
      "direction" : {
        "x" : 1.0,
        "y" : -1.0,
        "z" : -1.0
      },
      "color" : "#EBEBE4"
    }, {
      "direction" : {
        "x" : -1.0,
        "y" : 0.0,
        "z" : 0.0
      },
      "color" : "#E4E4EB"
    }, {
      "direction" : {
        "x" : 0.0,
        "y" : 0.0,
        "z" : -1.0
      },
      "color" : "#1E1E1E"
    } ],
    "backgroundColor" : "#AFC8DC",
    "ambientColor" : "#292929"
  },
  "camera" : {
    "position" : {
      "x" : 991.8514,
      "y" : 991.8514,
      "z" : 991.8514
    },
    "width" : 773.0718,
    "farClipDistance" : 3435.8745,
    "nearClipDistance" : 4.294843,
    "lookDirection" : {
      "x" : -0.57735026,
      "y" : -0.57735026,
      "z" : -0.57735026
    },
    "upDirection" : {
      "x" : 0.0,
      "y" : 0.7071068,
      "z" : -0.7071068
    },
    "lookAtPoint" : {
      "x" : 0.0,
      "y" : 0.0,
      "z" : 0.0
    },
    "stereo" : false,
    "viewDistance" : 1717.937,
    "fieldOfView" : 0.44262895,
    "perspective" : true
  },
  "embedding" : [ 1.0, 0.0, 0.0, 0.0, 0.0, 1.0, 0.0, 0.0, 0.0, 0.0, 1.0, 0.0, 0.0, 0.0, 0.0, 1.0 ],
  "shapes" : [ {
    "id" : "d83f3897-183a-4d9d-8bd1-965c01aaf5a5",
    "vertices" : [ {
      "x" : -119.0,
      "y" : 119.0,
      "z" : 119.0
    }, {
      "x" : -77.0,
      "y" : 14.0,
      "z" : -7.0
    }, {
      "x" : -25.0,
      "y" : -25.0,
      "z" : 19.0
    }, {
      "x" : -28.0,
      "y" : -21.0,
      "z" : 21.0
    }, {
      "x" : 21.0,
      "y" : -21.0,
      "z" : 119.0
    }, {
      "x" : -21.0,
      "y" : 21.0,
      "z" : 119.0
    }, {
      "x" : -14.0,
      "y" : -7.0,
      "z" : 77.0
    } ],
    "faces" : [ {
      "vertices" : [ 0, 1, 2 ]
    }, {
      "vertices" : [ 0, 2, 3 ]
    }, {
      "vertices" : [ 0, 3, 4 ]
    }, {
      "vertices" : [ 0, 4, 5 ]
    }, {
      "vertices" : [ 0, 5, 6 ]
    }, {
      "vertices" : [ 0, 6, 5 ]
    }, {
      "vertices" : [ 0, 5, 4 ]
    }, {
      "vertices" : [ 0, 4, 3 ]
    }, {
      "vertices" : [ 0, 3, 2 ]
    }, {
      "vertices" : [ 0, 2, 1 ]
    } ]
  }, {
    "id" : "9235f1f6-c08c-482b-96fe-92b728539a6d",
    "vertices" : [ {
      "x" : -119.0,
      "y" : -119.0,
      "z" : -119.0
    }, {
      "x" : -77.0,
      "y" : -14.0,
      "z" : 7.0
    }, {
      "x" : -25.0,
      "y" : 25.0,
      "z" : -19.0
    }, {
      "x" : -28.0,
      "y" : 21.0,
      "z" : -21.0
    }, {
      "x" : 21.0,
      "y" : 21.0,
      "z" : -119.0
    }, {
      "x" : -21.0,
      "y" : -21.0,
      "z" : -119.0
    }, {
      "x" : -14.0,
      "y" : 7.0,
      "z" : -77.0
    } ],
    "faces" : [ {
      "vertices" : [ 0, 1, 2 ]
    }, {
      "vertices" : [ 0, 2, 3 ]
    }, {
      "vertices" : [ 0, 3, 4 ]
    }, {
      "vertices" : [ 0, 4, 5 ]
    }, {
      "vertices" : [ 0, 5, 6 ]
    }, {
      "vertices" : [ 0, 6, 5 ]
    }, {
      "vertices" : [ 0, 5, 4 ]
    }, {
      "vertices" : [ 0, 4, 3 ]
    }, {
      "vertices" : [ 0, 3, 2 ]
    }, {
      "vertices" : [ 0, 2, 1 ]
    } ]
  }, {
    "id" : "865f49ae-1810-44a0-862f-79ea38a63402",
    "vertices" : [ {
      "x" : 14.0,
      "y" : -14.0,
      "z" : 14.0
    }, {
      "x" : 25.0,
      "y" : 19.0,
      "z" : 25.0
    }, {
      "x" : -14.0,
      "y" : -7.0,
      "z" : 77.0
    }, {
      "x" : -21.0,
      "y" : 21.0,
      "z" : 119.0
    }, {
      "x" : 28.0,
      "y" : 21.0,
      "z" : 21.0
    }, {
      "x" : 28.0,
      "y" : -21.0,
      "z" : -21.0
    }, {
      "x" : 25.0,
      "y" : -25.0,
      "z" : -19.0
    } ],
    "faces" : [ {
      "vertices" : [ 0, 1, 2 ]
    }, {
      "vertices" : [ 0, 2, 3 ]
    }, {
      "vertices" : [ 0, 3, 4 ]
    }, {
      "vertices" : [ 0, 4, 5 ]
    }, {
      "vertices" : [ 0, 5, 6 ]
    }, {
      "vertices" : [ 0, 6, 5 ]
    }, {
      "vertices" : [ 0, 5, 4 ]
    }, {
      "vertices" : [ 0, 4, 3 ]
    }, {
      "vertices" : [ 0, 3, 2 ]
    }, {
      "vertices" : [ 0, 2, 1 ]
    } ]
  }, {
    "id" : "4ed6f469-fc76-4662-9ecc-d49afdb3b33a",
    "vertices" : [ {
      "x" : 119.0,
      "y" : -119.0,
      "z" : 119.0
    }, {
      "x" : 77.0,
      "y" : -14.0,
      "z" : -7.0
    }, {
      "x" : 25.0,
      "y" : 25.0,
      "z" : 19.0
    }, {
      "x" : 28.0,
      "y" : 21.0,
      "z" : 21.0
    }, {
      "x" : -21.0,
      "y" : 21.0,
      "z" : 119.0
    }, {
      "x" : 21.0,
      "y" : -21.0,
      "z" : 119.0
    }, {
      "x" : 14.0,
      "y" : 7.0,
      "z" : 77.0
    } ],
    "faces" : [ {
      "vertices" : [ 0, 1, 2 ]
    }, {
      "vertices" : [ 0, 2, 3 ]
    }, {
      "vertices" : [ 0, 3, 4 ]
    }, {
      "vertices" : [ 0, 4, 5 ]
    }, {
      "vertices" : [ 0, 5, 6 ]
    }, {
      "vertices" : [ 0, 6, 5 ]
    }, {
      "vertices" : [ 0, 5, 4 ]
    }, {
      "vertices" : [ 0, 4, 3 ]
    }, {
      "vertices" : [ 0, 3, 2 ]
    }, {
      "vertices" : [ 0, 2, 1 ]
    } ]
  }, {
    "id" : "3bc08bb5-2653-4ebb-ac7d-4b7b49c39043",
    "vertices" : [ {
      "x" : 119.0,
      "y" : 119.0,
      "z" : -119.0
    }, {
      "x" : -7.0,
      "y" : 77.0,
      "z" : -14.0
    }, {
      "x" : 19.0,
      "y" : 25.0,
      "z" : 25.0
    }, {
      "x" : 21.0,
      "y" : 28.0,
      "z" : 21.0
    }, {
      "x" : 119.0,
      "y" : -21.0,
      "z" : 21.0
    }, {
      "x" : 119.0,
      "y" : 21.0,
      "z" : -21.0
    }, {
      "x" : 77.0,
      "y" : 14.0,
      "z" : 7.0
    } ],
    "faces" : [ {
      "vertices" : [ 0, 1, 2 ]
    }, {
      "vertices" : [ 0, 2, 3 ]
    }, {
      "vertices" : [ 0, 3, 4 ]
    }, {
      "vertices" : [ 0, 4, 5 ]
    }, {
      "vertices" : [ 0, 5, 6 ]
    }, {
      "vertices" : [ 0, 6, 5 ]
    }, {
      "vertices" : [ 0, 5, 4 ]
    }, {
      "vertices" : [ 0, 4, 3 ]
    }, {
      "vertices" : [ 0, 3, 2 ]
    }, {
      "vertices" : [ 0, 2, 1 ]
    } ]
  }, {
    "id" : "4880ada4-ffbe-4c7e-9c00-e02c2a192097",
    "vertices" : [ {
      "x" : -119.0,
      "y" : -119.0,
      "z" : -119.0
    }, {
      "x" : -14.0,
      "y" : 7.0,
      "z" : -77.0
    }, {
      "x" : 25.0,
      "y" : -19.0,
      "z" : -25.0
    }, {
      "x" : 21.0,
      "y" : -21.0,
      "z" : -28.0
    }, {
      "x" : 21.0,
      "y" : -119.0,
      "z" : 21.0
    }, {
      "x" : -21.0,
      "y" : -119.0,
      "z" : -21.0
    }, {
      "x" : 7.0,
      "y" : -77.0,
      "z" : -14.0
    } ],
    "faces" : [ {
      "vertices" : [ 0, 1, 2 ]
    }, {
      "vertices" : [ 0, 2, 3 ]
    }, {
      "vertices" : [ 0, 3, 4 ]
    }, {
      "vertices" : [ 0, 4, 5 ]
    }, {
      "vertices" : [ 0, 5, 6 ]
    }, {
      "vertices" : [ 0, 6, 5 ]
    }, {
      "vertices" : [ 0, 5, 4 ]
    }, {
      "vertices" : [ 0, 4, 3 ]
    }, {
      "vertices" : [ 0, 3, 2 ]
    }, {
      "vertices" : [ 0, 2, 1 ]
    } ]
  }, {
    "id" : "8a52bfa0-0bac-4d97-aa16-bc65caf1de99",
    "vertices" : [ {
      "x" : -119.0,
      "y" : -119.0,
      "z" : -119.0
    }, {
      "x" : 7.0,
      "y" : -77.0,
      "z" : -14.0
    }, {
      "x" : -19.0,
      "y" : -25.0,
      "z" : 25.0
    }, {
      "x" : -21.0,
      "y" : -28.0,
      "z" : 21.0
    }, {
      "x" : -119.0,
      "y" : 21.0,
      "z" : 21.0
    }, {
      "x" : -119.0,
      "y" : -21.0,
      "z" : -21.0
    }, {
      "x" : -77.0,
      "y" : -14.0,
      "z" : 7.0
    } ],
    "faces" : [ {
      "vertices" : [ 0, 1, 2 ]
    }, {
      "vertices" : [ 0, 2, 3 ]
    }, {
      "vertices" : [ 0, 3, 4 ]
    }, {
      "vertices" : [ 0, 4, 5 ]
    }, {
      "vertices" : [ 0, 5, 6 ]
    }, {
      "vertices" : [ 0, 6, 5 ]
    }, {
      "vertices" : [ 0, 5, 4 ]
    }, {
      "vertices" : [ 0, 4, 3 ]
    }, {
      "vertices" : [ 0, 3, 2 ]
    }, {
      "vertices" : [ 0, 2, 1 ]
    } ]
  }, {
    "id" : "bc634276-f5b5-4df4-9e31-3c5a414db5be",
    "vertices" : [ {
      "x" : -14.0,
      "y" : -14.0,
      "z" : -14.0
    }, {
      "x" : -25.0,
      "y" : 19.0,
      "z" : -25.0
    }, {
      "x" : 14.0,
      "y" : -7.0,
      "z" : -77.0
    }, {
      "x" : 21.0,
      "y" : 21.0,
      "z" : -119.0
    }, {
      "x" : -28.0,
      "y" : 21.0,
      "z" : -21.0
    }, {
      "x" : -28.0,
      "y" : -21.0,
      "z" : 21.0
    }, {
      "x" : -25.0,
      "y" : -25.0,
      "z" : 19.0
    } ],
    "faces" : [ {
      "vertices" : [ 0, 1, 2 ]
    }, {
      "vertices" : [ 0, 2, 3 ]
    }, {
      "vertices" : [ 0, 3, 4 ]
    }, {
      "vertices" : [ 0, 4, 5 ]
    }, {
      "vertices" : [ 0, 5, 6 ]
    }, {
      "vertices" : [ 0, 6, 5 ]
    }, {
      "vertices" : [ 0, 5, 4 ]
    }, {
      "vertices" : [ 0, 4, 3 ]
    }, {
      "vertices" : [ 0, 3, 2 ]
    }, {
      "vertices" : [ 0, 2, 1 ]
    } ]
  }, {
    "id" : "f1f9cb58-5961-491f-b4a4-a626ae069f89",
    "vertices" : [ {
      "x" : 14.0,
      "y" : 14.0,
      "z" : -14.0
    }, {
      "x" : 25.0,
      "y" : 25.0,
      "z" : 19.0
    }, {
      "x" : 77.0,
      "y" : -14.0,
      "z" : -7.0
    }, {
      "x" : 119.0,
      "y" : -21.0,
      "z" : 21.0
    }, {
      "x" : 21.0,
      "y" : 28.0,
      "z" : 21.0
    }, {
      "x" : -21.0,
      "y" : 28.0,
      "z" : -21.0
    }, {
      "x" : -19.0,
      "y" : 25.0,
      "z" : -25.0
    } ],
    "faces" : [ {
      "vertices" : [ 0, 1, 2 ]
    }, {
      "vertices" : [ 0, 2, 3 ]
    }, {
      "vertices" : [ 0, 3, 4 ]
    }, {
      "vertices" : [ 0, 4, 5 ]
    }, {
      "vertices" : [ 0, 5, 6 ]
    }, {
      "vertices" : [ 0, 6, 5 ]
    }, {
      "vertices" : [ 0, 5, 4 ]
    }, {
      "vertices" : [ 0, 4, 3 ]
    }, {
      "vertices" : [ 0, 3, 2 ]
    }, {
      "vertices" : [ 0, 2, 1 ]
    } ]
  }, {
    "id" : "dbe15e14-9390-4b4a-8434-f2396866b049",
    "vertices" : [ {
      "x" : 14.0,
      "y" : 14.0,
      "z" : -14.0
    }, {
      "x" : -19.0,
      "y" : 25.0,
      "z" : -25.0
    }, {
      "x" : 7.0,
      "y" : 77.0,
      "z" : 14.0
    }, {
      "x" : -21.0,
      "y" : 119.0,
      "z" : 21.0
    }, {
      "x" : -21.0,
      "y" : 21.0,
      "z" : -28.0
    }, {
      "x" : 21.0,
      "y" : -21.0,
      "z" : -28.0
    }, {
      "x" : 25.0,
      "y" : -19.0,
      "z" : -25.0
    } ],
    "faces" : [ {
      "vertices" : [ 0, 1, 2 ]
    }, {
      "vertices" : [ 0, 2, 3 ]
    }, {
      "vertices" : [ 0, 3, 4 ]
    }, {
      "vertices" : [ 0, 4, 5 ]
    }, {
      "vertices" : [ 0, 5, 6 ]
    }, {
      "vertices" : [ 0, 6, 5 ]
    }, {
      "vertices" : [ 0, 5, 4 ]
    }, {
      "vertices" : [ 0, 4, 3 ]
    }, {
      "vertices" : [ 0, 3, 2 ]
    }, {
      "vertices" : [ 0, 2, 1 ]
    } ]
  }, {
    "id" : "8d41a09b-bc02-45c7-97b5-2c6a87026b04",
    "vertices" : [ {
      "x" : 119.0,
      "y" : -119.0,
      "z" : 119.0
    }, {
      "x" : 14.0,
      "y" : 7.0,
      "z" : 77.0
    }, {
      "x" : -25.0,
      "y" : -19.0,
      "z" : 25.0
    }, {
      "x" : -21.0,
      "y" : -21.0,
      "z" : 28.0
    }, {
      "x" : -21.0,
      "y" : -119.0,
      "z" : -21.0
    }, {
      "x" : 21.0,
      "y" : -119.0,
      "z" : 21.0
    }, {
      "x" : -7.0,
      "y" : -77.0,
      "z" : 14.0
    } ],
    "faces" : [ {
      "vertices" : [ 0, 1, 2 ]
    }, {
      "vertices" : [ 0, 2, 3 ]
    }, {
      "vertices" : [ 0, 3, 4 ]
    }, {
      "vertices" : [ 0, 4, 5 ]
    }, {
      "vertices" : [ 0, 5, 6 ]
    }, {
      "vertices" : [ 0, 6, 5 ]
    }, {
      "vertices" : [ 0, 5, 4 ]
    }, {
      "vertices" : [ 0, 4, 3 ]
    }, {
      "vertices" : [ 0, 3, 2 ]
    }, {
      "vertices" : [ 0, 2, 1 ]
    } ]
  }, {
    "id" : "49162406-4c7d-44ed-bacd-799c87a4ee31",
    "vertices" : [ {
      "x" : 14.0,
      "y" : 14.0,
      "z" : -14.0
    }, {
      "x" : 25.0,
      "y" : -19.0,
      "z" : -25.0
    }, {
      "x" : -14.0,
      "y" : 7.0,
      "z" : -77.0
    }, {
      "x" : -21.0,
      "y" : -21.0,
      "z" : -119.0
    }, {
      "x" : 28.0,
      "y" : -21.0,
      "z" : -21.0
    }, {
      "x" : 28.0,
      "y" : 21.0,
      "z" : 21.0
    }, {
      "x" : 25.0,
      "y" : 25.0,
      "z" : 19.0
    } ],
    "faces" : [ {
      "vertices" : [ 0, 1, 2 ]
    }, {
      "vertices" : [ 0, 2, 3 ]
    }, {
      "vertices" : [ 0, 3, 4 ]
    }, {
      "vertices" : [ 0, 4, 5 ]
    }, {
      "vertices" : [ 0, 5, 6 ]
    }, {
      "vertices" : [ 0, 6, 5 ]
    }, {
      "vertices" : [ 0, 5, 4 ]
    }, {
      "vertices" : [ 0, 4, 3 ]
    }, {
      "vertices" : [ 0, 3, 2 ]
    }, {
      "vertices" : [ 0, 2, 1 ]
    } ]
  }, {
    "id" : "53332fb7-1f15-4d80-b8ba-8fd7967173ae",
    "vertices" : [ {
      "x" : 14.0,
      "y" : -14.0,
      "z" : 14.0
    }, {
      "x" : 25.0,
      "y" : -25.0,
      "z" : -19.0
    }, {
      "x" : 77.0,
      "y" : 14.0,
      "z" : 7.0
    }, {
      "x" : 119.0,
      "y" : 21.0,
      "z" : -21.0
    }, {
      "x" : 21.0,
      "y" : -28.0,
      "z" : -21.0
    }, {
      "x" : -21.0,
      "y" : -28.0,
      "z" : 21.0
    }, {
      "x" : -19.0,
      "y" : -25.0,
      "z" : 25.0
    } ],
    "faces" : [ {
      "vertices" : [ 0, 1, 2 ]
    }, {
      "vertices" : [ 0, 2, 3 ]
    }, {
      "vertices" : [ 0, 3, 4 ]
    }, {
      "vertices" : [ 0, 4, 5 ]
    }, {
      "vertices" : [ 0, 5, 6 ]
    }, {
      "vertices" : [ 0, 6, 5 ]
    }, {
      "vertices" : [ 0, 5, 4 ]
    }, {
      "vertices" : [ 0, 4, 3 ]
    }, {
      "vertices" : [ 0, 3, 2 ]
    }, {
      "vertices" : [ 0, 2, 1 ]
    } ]
  }, {
    "id" : "ac356d30-e5e6-440f-840a-bf1fe4528080",
    "vertices" : [ {
      "x" : -14.0,
      "y" : -14.0,
      "z" : -14.0
    }, {
      "x" : -25.0,
      "y" : -25.0,
      "z" : 19.0
    }, {
      "x" : -77.0,
      "y" : 14.0,
      "z" : -7.0
    }, {
      "x" : -119.0,
      "y" : 21.0,
      "z" : 21.0
    }, {
      "x" : -21.0,
      "y" : -28.0,
      "z" : 21.0
    }, {
      "x" : 21.0,
      "y" : -28.0,
      "z" : -21.0
    }, {
      "x" : 19.0,
      "y" : -25.0,
      "z" : -25.0
    } ],
    "faces" : [ {
      "vertices" : [ 0, 1, 2 ]
    }, {
      "vertices" : [ 0, 2, 3 ]
    }, {
      "vertices" : [ 0, 3, 4 ]
    }, {
      "vertices" : [ 0, 4, 5 ]
    }, {
      "vertices" : [ 0, 5, 6 ]
    }, {
      "vertices" : [ 0, 6, 5 ]
    }, {
      "vertices" : [ 0, 5, 4 ]
    }, {
      "vertices" : [ 0, 4, 3 ]
    }, {
      "vertices" : [ 0, 3, 2 ]
    }, {
      "vertices" : [ 0, 2, 1 ]
    } ]
  }, {
    "id" : "ca904fa3-6b90-4e6f-97a7-e6862cac74a0",
    "vertices" : [ {
      "x" : 119.0,
      "y" : 119.0,
      "z" : -119.0
    }, {
      "x" : 14.0,
      "y" : -7.0,
      "z" : -77.0
    }, {
      "x" : -25.0,
      "y" : 19.0,
      "z" : -25.0
    }, {
      "x" : -21.0,
      "y" : 21.0,
      "z" : -28.0
    }, {
      "x" : -21.0,
      "y" : 119.0,
      "z" : 21.0
    }, {
      "x" : 21.0,
      "y" : 119.0,
      "z" : -21.0
    }, {
      "x" : -7.0,
      "y" : 77.0,
      "z" : -14.0
    } ],
    "faces" : [ {
      "vertices" : [ 0, 1, 2 ]
    }, {
      "vertices" : [ 0, 2, 3 ]
    }, {
      "vertices" : [ 0, 3, 4 ]
    }, {
      "vertices" : [ 0, 4, 5 ]
    }, {
      "vertices" : [ 0, 5, 6 ]
    }, {
      "vertices" : [ 0, 6, 5 ]
    }, {
      "vertices" : [ 0, 5, 4 ]
    }, {
      "vertices" : [ 0, 4, 3 ]
    }, {
      "vertices" : [ 0, 3, 2 ]
    }, {
      "vertices" : [ 0, 2, 1 ]
    } ]
  }, {
    "id" : "12e95842-ff78-4ce5-bc20-7e73946924fe",
    "vertices" : [ {
      "x" : -14.0,
      "y" : 14.0,
      "z" : 14.0
    }, {
      "x" : 19.0,
      "y" : 25.0,
      "z" : 25.0
    }, {
      "x" : -7.0,
      "y" : 77.0,
      "z" : -14.0
    }, {
      "x" : 21.0,
      "y" : 119.0,
      "z" : -21.0
    }, {
      "x" : 21.0,
      "y" : 21.0,
      "z" : 28.0
    }, {
      "x" : -21.0,
      "y" : -21.0,
      "z" : 28.0
    }, {
      "x" : -25.0,
      "y" : -19.0,
      "z" : 25.0
    } ],
    "faces" : [ {
      "vertices" : [ 0, 1, 2 ]
    }, {
      "vertices" : [ 0, 2, 3 ]
    }, {
      "vertices" : [ 0, 3, 4 ]
    }, {
      "vertices" : [ 0, 4, 5 ]
    }, {
      "vertices" : [ 0, 5, 6 ]
    }, {
      "vertices" : [ 0, 6, 5 ]
    }, {
      "vertices" : [ 0, 5, 4 ]
    }, {
      "vertices" : [ 0, 4, 3 ]
    }, {
      "vertices" : [ 0, 3, 2 ]
    }, {
      "vertices" : [ 0, 2, 1 ]
    } ]
  }, {
    "id" : "34dfee32-bef2-409d-937c-edf8edb767ea",
    "vertices" : [ {
      "x" : -119.0,
      "y" : 119.0,
      "z" : 119.0
    }, {
      "x" : 7.0,
      "y" : 77.0,
      "z" : 14.0
    }, {
      "x" : -19.0,
      "y" : 25.0,
      "z" : -25.0
    }, {
      "x" : -21.0,
      "y" : 28.0,
      "z" : -21.0
    }, {
      "x" : -119.0,
      "y" : -21.0,
      "z" : -21.0
    }, {
      "x" : -119.0,
      "y" : 21.0,
      "z" : 21.0
    }, {
      "x" : -77.0,
      "y" : 14.0,
      "z" : -7.0
    } ],
    "faces" : [ {
      "vertices" : [ 0, 1, 2 ]
    }, {
      "vertices" : [ 0, 2, 3 ]
    }, {
      "vertices" : [ 0, 3, 4 ]
    }, {
      "vertices" : [ 0, 4, 5 ]
    }, {
      "vertices" : [ 0, 5, 6 ]
    }, {
      "vertices" : [ 0, 6, 5 ]
    }, {
      "vertices" : [ 0, 5, 4 ]
    }, {
      "vertices" : [ 0, 4, 3 ]
    }, {
      "vertices" : [ 0, 3, 2 ]
    }, {
      "vertices" : [ 0, 2, 1 ]
    } ]
  }, {
    "id" : "dcd23711-36c6-42eb-864b-a44339bf2295",
    "vertices" : [ {
      "x" : 14.0,
      "y" : -14.0,
      "z" : 14.0
    }, {
      "x" : -19.0,
      "y" : -25.0,
      "z" : 25.0
    }, {
      "x" : 7.0,
      "y" : -77.0,
      "z" : -14.0
    }, {
      "x" : -21.0,
      "y" : -119.0,
      "z" : -21.0
    }, {
      "x" : -21.0,
      "y" : -21.0,
      "z" : 28.0
    }, {
      "x" : 21.0,
      "y" : 21.0,
      "z" : 28.0
    }, {
      "x" : 25.0,
      "y" : 19.0,
      "z" : 25.0
    } ],
    "faces" : [ {
      "vertices" : [ 0, 1, 2 ]
    }, {
      "vertices" : [ 0, 2, 3 ]
    }, {
      "vertices" : [ 0, 3, 4 ]
    }, {
      "vertices" : [ 0, 4, 5 ]
    }, {
      "vertices" : [ 0, 5, 6 ]
    }, {
      "vertices" : [ 0, 6, 5 ]
    }, {
      "vertices" : [ 0, 5, 4 ]
    }, {
      "vertices" : [ 0, 4, 3 ]
    }, {
      "vertices" : [ 0, 3, 2 ]
    }, {
      "vertices" : [ 0, 2, 1 ]
    } ]
  }, {
    "id" : "739dba9a-97f7-4278-8b76-2d906ae9346e",
    "vertices" : [ {
      "x" : -14.0,
      "y" : -14.0,
      "z" : -14.0
    }, {
      "x" : 19.0,
      "y" : -25.0,
      "z" : -25.0
    }, {
      "x" : -7.0,
      "y" : -77.0,
      "z" : 14.0
    }, {
      "x" : 21.0,
      "y" : -119.0,
      "z" : 21.0
    }, {
      "x" : 21.0,
      "y" : -21.0,
      "z" : -28.0
    }, {
      "x" : -21.0,
      "y" : 21.0,
      "z" : -28.0
    }, {
      "x" : -25.0,
      "y" : 19.0,
      "z" : -25.0
    } ],
    "faces" : [ {
      "vertices" : [ 0, 1, 2 ]
    }, {
      "vertices" : [ 0, 2, 3 ]
    }, {
      "vertices" : [ 0, 3, 4 ]
    }, {
      "vertices" : [ 0, 4, 5 ]
    }, {
      "vertices" : [ 0, 5, 6 ]
    }, {
      "vertices" : [ 0, 6, 5 ]
    }, {
      "vertices" : [ 0, 5, 4 ]
    }, {
      "vertices" : [ 0, 4, 3 ]
    }, {
      "vertices" : [ 0, 3, 2 ]
    }, {
      "vertices" : [ 0, 2, 1 ]
    } ]
  }, {
    "id" : "303b10f5-1a86-4651-8321-5e1e4d7b793a",
    "vertices" : [ {
      "x" : -14.0,
      "y" : 14.0,
      "z" : 14.0
    }, {
      "x" : -25.0,
      "y" : 25.0,
      "z" : -19.0
    }, {
      "x" : -77.0,
      "y" : -14.0,
      "z" : 7.0
    }, {
      "x" : -119.0,
      "y" : -21.0,
      "z" : -21.0
    }, {
      "x" : -21.0,
      "y" : 28.0,
      "z" : -21.0
    }, {
      "x" : 21.0,
      "y" : 28.0,
      "z" : 21.0
    }, {
      "x" : 19.0,
      "y" : 25.0,
      "z" : 25.0
    } ],
    "faces" : [ {
      "vertices" : [ 0, 1, 2 ]
    }, {
      "vertices" : [ 0, 2, 3 ]
    }, {
      "vertices" : [ 0, 3, 4 ]
    }, {
      "vertices" : [ 0, 4, 5 ]
    }, {
      "vertices" : [ 0, 5, 6 ]
    }, {
      "vertices" : [ 0, 6, 5 ]
    }, {
      "vertices" : [ 0, 5, 4 ]
    }, {
      "vertices" : [ 0, 4, 3 ]
    }, {
      "vertices" : [ 0, 3, 2 ]
    }, {
      "vertices" : [ 0, 2, 1 ]
    } ]
  }, {
    "id" : "e4c2fcd2-42aa-4ea5-979c-2d8b9f207264",
    "vertices" : [ {
      "x" : -14.0,
      "y" : 14.0,
      "z" : 14.0
    }, {
      "x" : -25.0,
      "y" : -19.0,
      "z" : 25.0
    }, {
      "x" : 14.0,
      "y" : 7.0,
      "z" : 77.0
    }, {
      "x" : 21.0,
      "y" : -21.0,
      "z" : 119.0
    }, {
      "x" : -28.0,
      "y" : -21.0,
      "z" : 21.0
    }, {
      "x" : -28.0,
      "y" : 21.0,
      "z" : -21.0
    }, {
      "x" : -25.0,
      "y" : 25.0,
      "z" : -19.0
    } ],
    "faces" : [ {
      "vertices" : [ 0, 1, 2 ]
    }, {
      "vertices" : [ 0, 2, 3 ]
    }, {
      "vertices" : [ 0, 3, 4 ]
    }, {
      "vertices" : [ 0, 4, 5 ]
    }, {
      "vertices" : [ 0, 5, 6 ]
    }, {
      "vertices" : [ 0, 6, 5 ]
    }, {
      "vertices" : [ 0, 5, 4 ]
    }, {
      "vertices" : [ 0, 4, 3 ]
    }, {
      "vertices" : [ 0, 3, 2 ]
    }, {
      "vertices" : [ 0, 2, 1 ]
    } ]
  }, {
    "id" : "c00ed3c3-fee0-4659-9dd8-7d267b3c2a7f",
    "vertices" : [ {
      "x" : 119.0,
      "y" : 119.0,
      "z" : -119.0
    }, {
      "x" : 77.0,
      "y" : 14.0,
      "z" : 7.0
    }, {
      "x" : 25.0,
      "y" : -25.0,
      "z" : -19.0
    }, {
      "x" : 28.0,
      "y" : -21.0,
      "z" : -21.0
    }, {
      "x" : -21.0,
      "y" : -21.0,
      "z" : -119.0
    }, {
      "x" : 21.0,
      "y" : 21.0,
      "z" : -119.0
    }, {
      "x" : 14.0,
      "y" : -7.0,
      "z" : -77.0
    } ],
    "faces" : [ {
      "vertices" : [ 0, 1, 2 ]
    }, {
      "vertices" : [ 0, 2, 3 ]
    }, {
      "vertices" : [ 0, 3, 4 ]
    }, {
      "vertices" : [ 0, 4, 5 ]
    }, {
      "vertices" : [ 0, 5, 6 ]
    }, {
      "vertices" : [ 0, 6, 5 ]
    }, {
      "vertices" : [ 0, 5, 4 ]
    }, {
      "vertices" : [ 0, 4, 3 ]
    }, {
      "vertices" : [ 0, 3, 2 ]
    }, {
      "vertices" : [ 0, 2, 1 ]
    } ]
  }, {
    "id" : "e3203085-81c8-4592-9bbd-0285ec346edc",
    "vertices" : [ {
      "x" : -119.0,
      "y" : 119.0,
      "z" : 119.0
    }, {
      "x" : -14.0,
      "y" : -7.0,
      "z" : 77.0
    }, {
      "x" : 25.0,
      "y" : 19.0,
      "z" : 25.0
    }, {
      "x" : 21.0,
      "y" : 21.0,
      "z" : 28.0
    }, {
      "x" : 21.0,
      "y" : 119.0,
      "z" : -21.0
    }, {
      "x" : -21.0,
      "y" : 119.0,
      "z" : 21.0
    }, {
      "x" : 7.0,
      "y" : 77.0,
      "z" : 14.0
    } ],
    "faces" : [ {
      "vertices" : [ 0, 1, 2 ]
    }, {
      "vertices" : [ 0, 2, 3 ]
    }, {
      "vertices" : [ 0, 3, 4 ]
    }, {
      "vertices" : [ 0, 4, 5 ]
    }, {
      "vertices" : [ 0, 5, 6 ]
    }, {
      "vertices" : [ 0, 6, 5 ]
    }, {
      "vertices" : [ 0, 5, 4 ]
    }, {
      "vertices" : [ 0, 4, 3 ]
    }, {
      "vertices" : [ 0, 3, 2 ]
    }, {
      "vertices" : [ 0, 2, 1 ]
    } ]
  }, {
    "id" : "e11557fa-7419-4d01-8812-a5d63bd66206",
    "vertices" : [ {
      "x" : 119.0,
      "y" : -119.0,
      "z" : 119.0
    }, {
      "x" : -7.0,
      "y" : -77.0,
      "z" : 14.0
    }, {
      "x" : 19.0,
      "y" : -25.0,
      "z" : -25.0
    }, {
      "x" : 21.0,
      "y" : -28.0,
      "z" : -21.0
    }, {
      "x" : 119.0,
      "y" : 21.0,
      "z" : -21.0
    }, {
      "x" : 119.0,
      "y" : -21.0,
      "z" : 21.0
    }, {
      "x" : 77.0,
      "y" : -14.0,
      "z" : -7.0
    } ],
    "faces" : [ {
      "vertices" : [ 0, 1, 2 ]
    }, {
      "vertices" : [ 0, 2, 3 ]
    }, {
      "vertices" : [ 0, 3, 4 ]
    }, {
      "vertices" : [ 0, 4, 5 ]
    }, {
      "vertices" : [ 0, 5, 6 ]
    }, {
      "vertices" : [ 0, 6, 5 ]
    }, {
      "vertices" : [ 0, 5, 4 ]
    }, {
      "vertices" : [ 0, 4, 3 ]
    }, {
      "vertices" : [ 0, 3, 2 ]
    }, {
      "vertices" : [ 0, 2, 1 ]
    } ]
  } ],
  "instances" : [ {
    "shape" : "d83f3897-183a-4d9d-8bd1-965c01aaf5a5",
    "color" : "#568BC8",
    "position" : {
      "x" : 0.0,
      "y" : 0.0,
      "z" : 0.0
    }
  }, {
    "shape" : "9235f1f6-c08c-482b-96fe-92b728539a6d",
    "color" : "#567336",
    "position" : {
      "x" : 0.0,
      "y" : 0.0,
      "z" : 0.0
    }
  }, {
    "shape" : "865f49ae-1810-44a0-862f-79ea38a63402",
    "color" : "#A27DD8",
    "position" : {
      "x" : 0.0,
      "y" : 0.0,
      "z" : 0.0
    }
  }, {
    "shape" : "4ed6f469-fc76-4662-9ecc-d49afdb3b33a",
    "color" : "#A873C8",
    "position" : {
      "x" : 0.0,
      "y" : 0.0,
      "z" : 0.0
    }
  }, {
    "shape" : "3bc08bb5-2653-4ebb-ac7d-4b7b49c39043",
    "color" : "#C8A873",
    "position" : {
      "x" : 0.0,
      "y" : 0.0,
      "z" : 0.0
    }
  }, {
    "shape" : "4880ada4-ffbe-4c7e-9c00-e02c2a192097",
    "color" : "#733656",
    "position" : {
      "x" : 0.0,
      "y" : 0.0,
      "z" : 0.0
    }
  }, {
    "shape" : "8a52bfa0-0bac-4d97-aa16-bc65caf1de99",
    "color" : "#365673",
    "position" : {
      "x" : 0.0,
      "y" : 0.0,
      "z" : 0.0
    }
  }, {
    "shape" : "bc634276-f5b5-4df4-9e31-3c5a414db5be",
    "color" : "#5C7D26",
    "position" : {
      "x" : 0.0,
      "y" : 0.0,
      "z" : 0.0
    }
  }, {
    "shape" : "f1f9cb58-5961-491f-b4a4-a626ae069f89",
    "color" : "#D8A27D",
    "position" : {
      "x" : 0.0,
      "y" : 0.0,
      "z" : 0.0
    }
  }, {
    "shape" : "dbe15e14-9390-4b4a-8434-f2396866b049",
    "color" : "#81D85C",
    "position" : {
      "x" : 0.0,
      "y" : 0.0,
      "z" : 0.0
    }
  }, {
    "shape" : "8d41a09b-bc02-45c7-97b5-2c6a87026b04",
    "color" : "#8B36A8",
    "position" : {
      "x" : 0.0,
      "y" : 0.0,
      "z" : 0.0
    }
  }, {
    "shape" : "49162406-4c7d-44ed-bacd-799c87a4ee31",
    "color" : "#A28126",
    "position" : {
      "x" : 0.0,
      "y" : 0.0,
      "z" : 0.0
    }
  }, {
    "shape" : "53332fb7-1f15-4d80-b8ba-8fd7967173ae",
    "color" : "#D85C81",
    "position" : {
      "x" : 0.0,
      "y" : 0.0,
      "z" : 0.0
    }
  }, {
    "shape" : "ac356d30-e5e6-440f-840a-bf1fe4528080",
    "color" : "#265C7D",
    "position" : {
      "x" : 0.0,
      "y" : 0.0,
      "z" : 0.0
    }
  }, {
    "shape" : "ca904fa3-6b90-4e6f-97a7-e6862cac74a0",
    "color" : "#8BC856",
    "position" : {
      "x" : 0.0,
      "y" : 0.0,
      "z" : 0.0
    }
  }, {
    "shape" : "12e95842-ff78-4ce5-bc20-7e73946924fe",
    "color" : "#7DD8A2",
    "position" : {
      "x" : 0.0,
      "y" : 0.0,
      "z" : 0.0
    }
  }, {
    "shape" : "34dfee32-bef2-409d-937c-edf8edb767ea",
    "color" : "#36A88B",
    "position" : {
      "x" : 0.0,
      "y" : 0.0,
      "z" : 0.0
    }
  }, {
    "shape" : "dcd23711-36c6-42eb-864b-a44339bf2295",
    "color" : "#8126A2",
    "position" : {
      "x" : 0.0,
      "y" : 0.0,
      "z" : 0.0
    }
  }, {
    "shape" : "739dba9a-97f7-4278-8b76-2d906ae9346e",
    "color" : "#7D265C",
    "position" : {
      "x" : 0.0,
      "y" : 0.0,
      "z" : 0.0
    }
  }, {
    "shape" : "303b10f5-1a86-4651-8321-5e1e4d7b793a",
    "color" : "#26A281",
    "position" : {
      "x" : 0.0,
      "y" : 0.0,
      "z" : 0.0
    }
  }, {
    "shape" : "e4c2fcd2-42aa-4ea5-979c-2d8b9f207264",
    "color" : "#5C81D8",
    "position" : {
      "x" : 0.0,
      "y" : 0.0,
      "z" : 0.0
    }
  }, {
    "shape" : "c00ed3c3-fee0-4659-9dd8-7d267b3c2a7f",
    "color" : "#A88B36",
    "position" : {
      "x" : 0.0,
      "y" : 0.0,
      "z" : 0.0
    }
  }, {
    "shape" : "e3203085-81c8-4592-9bbd-0285ec346edc",
    "color" : "#73C8A8",
    "position" : {
      "x" : 0.0,
      "y" : 0.0,
      "z" : 0.0
    }
  }, {
    "shape" : "e11557fa-7419-4d01-8812-a5d63bd66206",
    "color" : "#C8568B",
    "position" : {
      "x" : 0.0,
      "y" : 0.0,
      "z" : 0.0
    }
  } ]
}