{
  "field" : "golden",
  "symmetry" : "icosahedral",
  "orientations" : [ [ 1.0, 0.0, 0.0, 0.0, 0.0, 1.0, 0.0, 0.0, 0.0, 0.0, 1.0, 0.0, 0.0, 0.0, 0.0, 1.0 ], [ 0.0, 0.0, 1.0, 0.0, 1.0, 0.0, 0.0, 0.0, 0.0, 1.0, 0.0, 0.0, 0.0, 0.0, 0.0, 1.0 ], [ 0.0, 1.0, 0.0, 0.0, 0.0, 0.0, 1.0, 0.0, 1.0, 0.0, 0.0, 0.0, 0.0, 0.0, 0.0, 1.0 ], [ 0.809017, 0.309017, 0.5, 0.0, 0.309017, 0.5, -0.809017, 0.0, -0.5, 0.809017, 0.309017, 0.0, 0.0, 0.0, 0.0, 1.0 ], [ -0.5, 0.809017, 0.309017, 0.0, 0.809017, 0.309017, 0.5, 0.0, 0.309017, 0.5, -0.809017, 0.0, 0.0, 0.0, 0.0, 1.0 ], [ 0.309017, 0.5, -0.809017, 0.0, -0.5, 0.809017, 0.309017, 0.0, 0.809017, 0.309017, 0.5, 0.0, 0.0, 0.0, 0.0, 1.0 ], [ 0.5, 0.809017, 0.309017, 0.0, 0.809017, -0.309017, -0.5, 0.0, -0.309017, 0.5, -0.809017, 0.0, 0.0, 0.0, 0.0, 1.0 ], [ -0.309017, 0.5, -0.809017, 0.0, 0.5, 0.809017, 0.309017, 0.0, 0.809017, -0.309017, -0.5, 0.0, 0.0, 0.0, 0.0, 1.0 ], [ 0.809017, -0.309017, -0.5, 0.0, -0.309017, 0.5, -0.809017, 0.0, 0.5, 0.809017, 0.309017, 0.0, 0.0, 0.0, 0.0, 1.0 ], [ 0.5, 0.809017, -0.309017, 0.0, 0.809017, -0.309017, 0.5, 0.0, 0.309017, -0.5, -0.809017, 0.0, 0.0, 0.0, 0.0, 1.0 ], [ 0.309017, -0.5, -0.809017, 0.0, 0.5, 0.809017, -0.309017, 0.0, 0.809017, -0.309017, 0.5, 0.0, 0.0, 0.0, 0.0, 1.0 ], [ 0.809017, -0.309017, 0.5, 0.0, 0.309017, -0.5, -0.809017, 0.0, 0.5, 0.809017, -0.309017, 0.0, 0.0, 0.0, 0.0, 1.0 ], [ 0.809017, 0.309017, -0.5, 0.0, 0.309017, 0.5, 0.809017, 0.0, 0.5, -0.809017, 0.309017, 0.0, 0.0, 0.0, 0.0, 1.0 ], [ 0.5, -0.809017, 0.309017, 0.0, 0.809017, 0.309017, -0.5, 0.0, 0.309017, 0.5, 0.809017, 0.0, 0.0, 0.0, 0.0, 1.0 ], [ 0.309017, 0.5, 0.809017, 0.0, 0.5, -0.809017, 0.309017, 0.0, 0.809017, 0.309017, -0.5, 0.0, 0.0, 0.0, 0.0, 1.0 ], [ 1.0, 0.0, 0.0, 0.0, 0.0, -1.0, 0.0, 0.0, 0.0, 0.0, -1.0, 0.0, 0.0, 0.0, 0.0, 1.0 ], [ 0.0, 0.0, 1.0, 0.0, -1.0, 0.0, 0.0, 0.0, 0.0, -1.0, 0.0, 0.0, 0.0, 0.0, 0.0, 1.0 ], [ 0.0, 1.0, 0.0, 0.0, 0.0, 0.0, -1.0, 0.0, -1.0, 0.0, 0.0, 0.0, 0.0, 0.0, 0.0, 1.0 ], [ 0.809017, 0.309017, 0.5, 0.0, -0.309017, -0.5, 0.809017, 0.0, 0.5, -0.809017, -0.309017, 0.0, 0.0, 0.0, 0.0, 1.0 ], [ -0.5, 0.809017, 0.309017, 0.0, -0.809017, -0.309017, -0.5, 0.0, -0.309017, -0.5, 0.809017, 0.0, 0.0, 0.0, 0.0, 1.0 ], [ 0.309017, 0.5, -0.809017, 0.0, 0.5, -0.809017, -0.309017, 0.0, -0.809017, -0.309017, -0.5, 0.0, 0.0, 0.0, 0.0, 1.0 ], [ 0.5, 0.809017, 0.309017, 0.0, -0.809017, 0.309017, 0.5, 0.0, 0.309017, -0.5, 0.809017, 0.0, 0.0, 0.0, 0.0, 1.0 ], [ -0.309017, 0.5, -0.809017, 0.0, -0.5, -0.809017, -0.309017, 0.0, -0.809017, 0.309017, 0.5, 0.0, 0.0, 0.0, 0.0, 1.0 ], [ 0.809017, -0.309017, -0.5, 0.0, 0.309017, -0.5, 0.809017, 0.0, -0.5, -0.809017, -0.309017, 0.0, 0.0, 0.0, 0.0, 1.0 ], [ 0.5, 0.809017, -0.309017, 0.0, -0.809017, 0.309017, -0.5, 0.0, -0.309017, 0.5, 0.809017, 0.0, 0.0, 0.0, 0.0, 1.0 ], [ 0.309017, -0.5, -0.809017, 0.0, -0.5, -0.809017, 0.309017, 0.0, -0.809017, 0.309017, -0.5, 0.0, 0.0, 0.0, 0.0, 1.0 ], [ 0.809017, -0.309017, 0.5, 0.0, -0.309017, 0.5, 0.809017, 0.0, -0.5, -0.809017, 0.309017, 0.0, 0.0, 0.0, 0.0, 1.0 ], [ 0.809017, 0.309017, -0.5, 0.0, -0.309017, -0.5, -0.809017, 0.0, -0.5, 0.809017, -0.309017, 0.0, 0.0, 0.0, 0.0, 1.0 ], [ 0.5, -0.809017, 0.309017, 0.0, -0.809017, -0.309017, 0.5, 0.0, -0.309017, -0.5, -0.809017, 0.0, 0.0, 0.0, 0.0, 1.0 ], [ 0.309017, 0.5, 0.809017, 0.0, -0.5, 0.809017, -0.309017, 0.0, -0.809017, -0.309017, 0.5, 0.0, 0.0, 0.0, 0.0, 1.0 ], [ -1.0, 0.0, 0.0, 0.0, 0.0, -1.0, 0.0, 0.0, 0.0, 0.0, 1.0, 0.0, 0.0, 0.0, 0.0, 1.0 ], [ 0.0, 0.0, -1.0, 0.0, -1.0, 0.0, 0.0, 0.0, 0.0, 1.0, 0.0, 0.0, 0.0, 0.0, 0.0, 1.0 ], [ 0.0, -1.0, 0.0, 0.0, 0.0, 0.0, -1.0, 0.0, 1.0, 0.0, 0.0, 0.0, 0.0, 0.0, 0.0, 1.0 ], [ -0.809017, -0.309017, -0.5, 0.0, -0.309017, -0.5, 0.809017, 0.0, -0.5, 0.809017, 0.309017, 0.0, 0.0, 0.0, 0.0, 1.0 ], [ 0.5, -0.809017, -0.309017, 0.0, -0.809017, -0.309017, -0.5, 0.0, 0.309017, 0.5, -0.809017, 0.0, 0.0, 0.0, 0.0, 1.0 ], [ -0.309017, -0.5, 0.809017, 0.0, 0.5, -0.809017, -0.309017, 0.0, 0.809017, 0.309017, 0.5, 0.0, 0.0, 0.0, 0.0, 1.0 ], [ -0.5, -0.809017, -0.309017, 0.0, -0.809017, 0.309017, 0.5, 0.0, -0.309017, 0.5, -0.809017, 0.0, 0.0, 0.0, 0.0, 1.0 ], [ 0.309017, -0.5, 0.809017, 0.0, -0.5, -0.809017, -0.309017, 0.0, 0.809017, -0.309017, -0.5, 0.0, 0.0, 0.0, 0.0, 1.0 ], [ -0.809017, 0.309017, 0.5, 0.0, 0.309017, -0.5, 0.809017, 0.0, 0.5, 0.809017, 0.309017, 0.0, 0.0, 0.0, 0.0, 1.0 ], [ -0.5, -0.809017, 0.309017, 0.0, -0.809017, 0.309017, -0.5, 0.0, 0.309017, -0.5, -0.809017, 0.0, 0.0, 0.0, 0.0, 1.0 ], [ -0.309017, 0.5, 0.809017, 0.0, -0.5, -0.809017, 0.309017, 0.0, 0.809017, -0.309017, 0.5, 0.0, 0.0, 0.0, 0.0, 1.0 ], [ -0.809017, 0.309017, -0.5, 0.0, -0.309017, 0.5, 0.809017, 0.0, 0.5, 0.809017, -0.309017, 0.0, 0.0, 0.0, 0.0, 1.0 ], [ -0.809017, -0.309017, 0.5, 0.0, -0.309017, -0.5, -0.809017, 0.0, 0.5, -0.809017, 0.309017, 0.0, 0.0, 0.0, 0.0, 1.0 ], [ -0.5, 0.809017, -0.309017, 0.0, -0.809017, -0.309017, 0.5, 0.0, 0.309017, 0.5, 0.809017, 0.0, 0.0, 0.0, 0.0, 1.0 ], [ -0.309017, -0.5, -0.809017, 0.0, -0.5, 0.809017, -0.309017, 0.0, 0.809017, 0.309017, -0.5, 0.0, 0.0, 0.0, 0.0, 1.0 ], [ -1.0, 0.0, 0.0, 0.0, 0.0, 1.0, 0.0, 0.0, 0.0, 0.0, -1.0, 0.0, 0.0, 0.0, 0.0, 1.0 ], [ 0.0, 0.0, -1.0, 0.0, 1.0, 0.0, 0.0, 0.0, 0.0, -1.0, 0.0, 0.0, 0.0, 0.0, 0.0, 1.0 ], [ 0.0, -1.0, 0.0, 0.0, 0.0, 0.0, 1.0, 0.0, -1.0, 0.0, 0.0, 0.0, 0.0, 0.0, 0.0, 1.0 ], [ -0.809017, -0.309017, -0.5, 0.0, 0.309017, 0.5, -0.809017, 0.0, 0.5, -0.809017, -0.309017, 0.0, 0.0, 0.0, 0.0, 1.0 ], [ 0.5, -0.809017, -0.309017, 0.0, 0.809017, 0.309017, 0.5, 0.0, -0.309017, -0.5, 0.809017, 0.0, 0.0, 0.0, 0.0, 1.0 ], [ -0.309017, -0.5, 0.809017, 0.0, -0.5, 0.809017, 0.309017, 0.0, -0.809017, -0.309017, -0.5, 0.0, 0.0, 0.0, 0.0, 1.0 ], [ -0.5, -0.809017, -0.309017, 0.0, 0.809017, -0.309017, -0.5, 0.0, 0.309017, -0.5, 0.809017, 0.0, 0.0, 0.0, 0.0, 1.0 ], [ 0.309017, -0.5, 0.809017, 0.0, 0.5, 0.809017, 0.309017, 0.0, -0.809017, 0.309017, 0.5, 0.0, 0.0, 0.0, 0.0, 1.0 ], [ -0.809017, 0.309017, 0.5, 0.0, -0.309017, 0.5, -0.809017, 0.0, -0.5, -0.809017, -0.309017, 0.0, 0.0, 0.0, 0.0, 1.0 ], [ -0.5, -0.809017, 0.309017, 0.0, 0.809017, -0.309017, 0.5, 0.0, -0.309017, 0.5, 0.809017, 0.0, 0.0, 0.0, 0.0, 1.0 ], [ -0.309017, 0.5, 0.809017, 0.0, 0.5, 0.809017, -0.309017, 0.0, -0.809017, 0.309017, -0.5, 0.0, 0.0, 0.0, 0.0, 1.0 ], [ -0.809017, 0.309017, -0.5, 0.0, 0.309017, -0.5, -0.809017, 0.0, -0.5, -0.809017, 0.309017, 0.0, 0.0, 0.0, 0.0, 1.0 ], [ -0.809017, -0.309017, 0.5, 0.0, 0.309017, 0.5, 0.809017, 0.0, -0.5, 0.809017, -0.309017, 0.0, 0.0, 0.0, 0.0, 1.0 ], [ -0.5, 0.809017, -0.309017, 0.0, 0.809017, 0.309017, -0.5, 0.0, -0.309017, -0.5, -0.809017, 0.0, 0.0, 0.0, 0.0, 1.0 ], [ -0.309017, -0.5, -0.809017, 0.0, 0.5, -0.809017, 0.309017, 0.0, -0.809017, -0.309017, 0.5, 0.0, 0.0, 0.0, 0.0, 1.0 ] ],
  "lights" : {
    "directionalLights" : [ {
      "direction" : {
        "x" : 1.0,
        "y" : -1.0,
        "z" : -1.0
      },
      "color" : "#EBEBE4"
    }, {
      "direction" : {
        "x" : -1.0,
        "y" : 0.0,
        "z" : 0.0
      },
      "color" : "#E4E4EB"
    }, {
      "direction" : {
        "x" : 0.0,
        "y" : 0.0,
        "z" : -1.0
      },
      "color" : "#1E1E1E"
    } ],
    "backgroundColor" : "#AFC8DC",
    "ambientColor" : "#292929"
  },
  "camera" : {
    "position" : {
      "x" : 98.248146,
      "y" : -0.5841216,
      "z" : 181.2949
    },
    "width" : 92.79304,
    "farClipDistance" : 412.41348,
    "nearClipDistance" : 0.5155169,
    "fieldOfView" : 0.44262883,
    "lookAtPoint" : {
      "x" : 0.0,
      "y" : 0.0,
      "z" : 0.0
    },
    "perspective" : true,
    "viewDistance" : 206.20677,
    "upDirection" : {
      "x" : 0.0043478613,
      "y" : 0.99999034,
      "z" : 8.657331E-4
    },
    "lookDirection" : {
      "x" : -0.47645453,
      "y" : 0.0028326984,
      "z" : -0.8791899
    },
    "stereo" : false
  },
  "embedding" : [ 1.0, 0.0, 0.0, 0.0, 0.0, 1.0, 0.0, 0.0, 0.0, 0.0, 1.0, 0.0, 0.0, 0.0, 0.0, 1.0 ],
  "shapes" : [ {
    "id" : "2db41b85-ded4-4a9a-8f5f-96d1185dbc92",
    "vertices" : [ {
      "x" : 0.309017,
      "y" : -0.309017,
      "z" : -0.309017
    }, {
      "x" : 0.5,
      "y" : 0.0,
      "z" : -0.19098301
    }, {
      "x" : 0.5,
      "y" : 0.0,
      "z" : 0.19098301
    }, {
      "x" : 0.309017,
      "y" : -0.309017,
      "z" : 0.309017
    }, {
      "x" : 0.19098301,
      "y" : -0.5,
      "z" : 0.0
    }, {
      "x" : 0.0,
      "y" : 0.19098301,
      "z" : 0.5
    }, {
      "x" : 0.0,
      "y" : -0.19098301,
      "z" : 0.5
    }, {
      "x" : 0.309017,
      "y" : 0.309017,
      "z" : 0.309017
    }, {
      "x" : -0.309017,
      "y" : -0.309017,
      "z" : 0.309017
    }, {
      "x" : -0.309017,
      "y" : 0.309017,
      "z" : 0.309017
    }, {
      "x" : -0.5,
      "y" : 0.0,
      "z" : 0.19098301
    }, {
      "x" : 0.0,
      "y" : -0.19098301,
      "z" : -0.5
    }, {
      "x" : 0.0,
      "y" : 0.19098301,
      "z" : -0.5
    }, {
      "x" : 0.309017,
      "y" : 0.309017,
      "z" : -0.309017
    }, {
      "x" : -0.309017,
      "y" : -0.309017,
      "z" : -0.309017
    }, {
      "x" : -0.19098301,
      "y" : -0.5,
      "z" : 0.0
    }, {
      "x" : -0.5,
      "y" : 0.0,
      "z" : -0.19098301
    }, {
      "x" : 0.19098301,
      "y" : 0.5,
      "z" : 0.0
    }, {
      "x" : -0.309017,
      "y" : 0.309017,
      "z" : -0.309017
    }, {
      "x" : 0.0,
      "y" : 0.0,
      "z" : 0.0
    }, {
      "x" : -0.19098301,
      "y" : 0.5,
      "z" : 0.0
    } ],
    "faces" : [ {
      "vertices" : [ 12, 18, 20 ]
    }, {
      "vertices" : [ 12, 20, 17 ]
    }, {
      "vertices" : [ 12, 17, 13 ]
    }, {
      "vertices" : [ 3, 6, 8 ]
    }, {
      "vertices" : [ 3, 8, 15 ]
    }, {
      "vertices" : [ 3, 15, 4 ]
    }, {
      "vertices" : [ 0, 11, 12 ]
    }, {
      "vertices" : [ 0, 12, 13 ]
    }, {
      "vertices" : [ 0, 13, 1 ]
    }, {
      "vertices" : [ 5, 9, 10 ]
    }, {
      "vertices" : [ 5, 10, 8 ]
    }, {
      "vertices" : [ 5, 8, 6 ]
    }, {
      "vertices" : [ 2, 7, 5 ]
    }, {
      "vertices" : [ 2, 5, 6 ]
    }, {
      "vertices" : [ 2, 6, 3 ]
    }, {
      "vertices" : [ 11, 14, 16 ]
    }, {
      "vertices" : [ 11, 16, 18 ]
    }, {
      "vertices" : [ 11, 18, 12 ]
    }, {
      "vertices" : [ 1, 13, 17 ]
    }, {
      "vertices" : [ 1, 17, 7 ]
    }, {
      "vertices" : [ 1, 7, 2 ]
    }, {
      "vertices" : [ 9, 20, 18 ]
    }, {
      "vertices" : [ 9, 18, 16 ]
    }, {
      "vertices" : [ 9, 16, 10 ]
    }, {
      "vertices" : [ 0, 1, 2 ]
    }, {
      "vertices" : [ 0, 2, 3 ]
    }, {
      "vertices" : [ 0, 3, 4 ]
    }, {
      "vertices" : [ 5, 7, 17 ]
    }, {
      "vertices" : [ 5, 17, 20 ]
    }, {
      "vertices" : [ 5, 20, 9 ]
    }, {
      "vertices" : [ 0, 4, 15 ]
    }, {
      "vertices" : [ 0, 15, 14 ]
    }, {
      "vertices" : [ 0, 14, 11 ]
    }, {
      "vertices" : [ 8, 10, 16 ]
    }, {
      "vertices" : [ 8, 16, 14 ]
    }, {
      "vertices" : [ 8, 14, 15 ]
    } ]
  }, {
    "id" : "ac258422-fb4e-4af4-accc-eb82f6ac30fa",
    "vertices" : [ {
      "x" : -2.81734,
      "y" : 10.486417,
      "z" : 1.5363485
    }, {
      "x" : -2.7173398,
      "y" : 10.386416,
      "z" : 1.9363486
    }, {
      "x" : -0.2824569,
      "y" : 0.47875336,
      "z" : 0.37943122
    }, {
      "x" : -0.3824569,
      "y" : 0.57875335,
      "z" : -0.020568768
    }, {
      "x" : -3.01734,
      "y" : 10.153083,
      "z" : 2.069682
    }, {
      "x" : -3.1173398,
      "y" : 10.253083,
      "z" : 1.6696818
    }, {
      "x" : -0.0824569,
      "y" : 0.8120867,
      "z" : -0.1539021
    }, {
      "x" : 0.0175431,
      "y" : 0.7120867,
      "z" : 0.24609789
    } ],
    "faces" : [ {
      "vertices" : [ 2, 3, 6 ]
    }, {
      "vertices" : [ 2, 6, 7 ]
    }, {
      "vertices" : [ 0, 5, 4 ]
    }, {
      "vertices" : [ 0, 4, 1 ]
    }, {
      "vertices" : [ 2, 4, 5 ]
    }, {
      "vertices" : [ 2, 5, 3 ]
    }, {
      "vertices" : [ 0, 6, 3 ]
    }, {
      "vertices" : [ 0, 3, 5 ]
    }, {
      "vertices" : [ 0, 1, 7 ]
    }, {
      "vertices" : [ 0, 7, 6 ]
    }, {
      "vertices" : [ 1, 4, 2 ]
    }, {
      "vertices" : [ 1, 2, 7 ]
    } ]
  }, {
    "id" : "cf5c22a1-5fcc-4775-b570-01c01628cd6f",
    "vertices" : [ {
      "x" : 7.945465,
      "y" : -1.9479623,
      "z" : 4.707562
    }, {
      "x" : 7.845465,
      "y" : -2.3479624,
      "z" : 4.6075616
    }, {
      "x" : 0.3721625,
      "y" : -0.4200717,
      "z" : 0.43301472
    }, {
      "x" : 0.4721625,
      "y" : -0.02007168,
      "z" : 0.5330147
    }, {
      "x" : 7.6121316,
      "y" : -2.4812956,
      "z" : 4.907562
    }, {
      "x" : 7.7121315,
      "y" : -2.0812957,
      "z" : 5.0075617
    }, {
      "x" : 0.70549583,
      "y" : 0.113261655,
      "z" : 0.23301473
    }, {
      "x" : 0.6054958,
      "y" : -0.28673834,
      "z" : 0.13301474
    } ],
    "faces" : [ {
      "vertices" : [ 2, 3, 6 ]
    }, {
      "vertices" : [ 2, 6, 7 ]
    }, {
      "vertices" : [ 0, 5, 4 ]
    }, {
      "vertices" : [ 0, 4, 1 ]
    }, {
      "vertices" : [ 2, 4, 5 ]
    }, {
      "vertices" : [ 2, 5, 3 ]
    }, {
      "vertices" : [ 0, 6, 3 ]
    }, {
      "vertices" : [ 0, 3, 5 ]
    }, {
      "vertices" : [ 0, 1, 7 ]
    }, {
      "vertices" : [ 0, 7, 6 ]
    }, {
      "vertices" : [ 1, 4, 2 ]
    }, {
      "vertices" : [ 1, 2, 7 ]
    } ]
  } ],
  "instances" : [ {
    "shape" : "2db41b85-ded4-4a9a-8f5f-96d1185dbc92",
    "color" : "#FFFFFF",
    "position" : {
      "x" : 6.1995935,
      "y" : 10.031153,
      "z" : 0.0
    }
  }, {
    "shape" : "ac258422-fb4e-4af4-accc-eb82f6ac30fa",
    "color" : "#FFFFFF",
    "position" : {
      "x" : 17.944271,
      "y" : 6.854102,
      "z" : -11.09017
    },
    "orientation" : 34
  }, {
    "shape" : "cf5c22a1-5fcc-4775-b570-01c01628cd6f",
    "color" : "#000000",
    "position" : {
      "x" : -6.1995935,
      "y" : 10.031153,
      "z" : 3.8315594
    },
    "orientation" : 30
  }, {
    "shape" : "2db41b85-ded4-4a9a-8f5f-96d1185dbc92",
    "color" : "#FFFFFF",
    "position" : {
      "x" : 11.09017,
      "y" : 17.944271,
      "z" : 6.854102
    }
  }, {
    "shape" : "cf5c22a1-5fcc-4775-b570-01c01628cd6f",
    "color" : "#000000",
    "position" : {
      "x" : -3.427051,
      "y" : -5.545085,
      "z" : 20.062305
    },
    "orientation" : 25
  }, {
    "shape" : "2db41b85-ded4-4a9a-8f5f-96d1185dbc92",
    "color" : "#FFFFFF",
    "position" : {
      "x" : -3.0997968,
      "y" : 11.21517,
      "z" : -1.9157797
    }
  }, {
    "shape" : "ac258422-fb4e-4af4-accc-eb82f6ac30fa",
    "color" : "#FFFFFF",
    "position" : {
      "x" : -6.9313564,
      "y" : -5.0155764,
      "z" : -8.115374
    },
    "orientation" : 42
  }, {
    "shape" : "cf5c22a1-5fcc-4775-b570-01c01628cd6f",
    "color" : "#000000",
    "position" : {
      "x" : 6.1995935,
      "y" : -10.031153,
      "z" : 3.8315594
    },
    "orientation" : 39
  }, {
    "shape" : "ac258422-fb4e-4af4-accc-eb82f6ac30fa",
    "color" : "#FFFFFF",
    "position" : {
      "x" : 1.9157797,
      "y" : 3.0997968,
      "z" : 11.21517
    },
    "orientation" : 41
  }, {
    "shape" : "2db41b85-ded4-4a9a-8f5f-96d1185dbc92",
    "color" : "#FFFFFF",
    "position" : {
      "x" : -11.09017,
      "y" : -17.944271,
      "z" : -6.854102
    }
  }, {
    "shape" : "2db41b85-ded4-4a9a-8f5f-96d1185dbc92",
    "color" : "#FFFFFF",
    "position" : {
      "x" : -17.944271,
      "y" : 0.0,
      "z" : -11.09017
    }
  }, {
    "shape" : "2db41b85-ded4-4a9a-8f5f-96d1185dbc92",
    "color" : "#FFFFFF",
    "position" : {
      "x" : -8.115374,
      "y" : 6.9313564,
      "z" : -5.0155764
    }
  }, {
    "shape" : "cf5c22a1-5fcc-4775-b570-01c01628cd6f",
    "color" : "#000000",
    "position" : {
      "x" : 20.062305,
      "y" : 3.427051,
      "z" : -5.545085
    },
    "orientation" : 43
  }, {
    "shape" : "cf5c22a1-5fcc-4775-b570-01c01628cd6f",
    "color" : "#000000",
    "position" : {
      "x" : -10.031153,
      "y" : 3.8315594,
      "z" : 6.1995935
    },
    "orientation" : 2
  }, {
    "shape" : "cf5c22a1-5fcc-4775-b570-01c01628cd6f",
    "color" : "#000000",
    "position" : {
      "x" : 3.8315594,
      "y" : -6.1995935,
      "z" : 10.031153
    },
    "orientation" : 16
  }, {
    "shape" : "2db41b85-ded4-4a9a-8f5f-96d1185dbc92",
    "color" : "#FFFFFF",
    "position" : {
      "x" : 11.09017,
      "y" : -17.944271,
      "z" : 0.0
    }
  }, {
    "shape" : "2db41b85-ded4-4a9a-8f5f-96d1185dbc92",
    "color" : "#FFFFFF",
    "position" : {
      "x" : -8.972136,
      "y" : 14.5172205,
      "z" : 12.399187
    }
  }, {
    "shape" : "cf5c22a1-5fcc-4775-b570-01c01628cd6f",
    "color" : "#000000",
    "position" : {
      "x" : 10.031153,
      "y" : -3.8315594,
      "z" : 6.1995935
    },
    "orientation" : 32
  }, {
    "shape" : "cf5c22a1-5fcc-4775-b570-01c01628cd6f",
    "color" : "#000000",
    "position" : {
      "x" : -5.545085,
      "y" : 20.062305,
      "z" : -3.427051
    },
    "orientation" : 39
  }, {
    "shape" : "cf5c22a1-5fcc-4775-b570-01c01628cd6f",
    "color" : "#000000",
    "position" : {
      "x" : -6.1995935,
      "y" : 10.031153,
      "z" : -3.8315594
    },
    "orientation" : 20
  }, {
    "shape" : "cf5c22a1-5fcc-4775-b570-01c01628cd6f",
    "color" : "#000000",
    "position" : {
      "x" : 0.0,
      "y" : -11.09017,
      "z" : 17.944271
    },
    "orientation" : 6
  }, {
    "shape" : "ac258422-fb4e-4af4-accc-eb82f6ac30fa",
    "color" : "#FFFFFF",
    "position" : {
      "x" : -6.854102,
      "y" : -11.09017,
      "z" : -17.944271
    },
    "orientation" : 3
  }, {
    "shape" : "2db41b85-ded4-4a9a-8f5f-96d1185dbc92",
    "color" : "#FFFFFF",
    "position" : {
      "x" : -3.427051,
      "y" : 5.545085,
      "z" : 20.062305
    }
  }, {
    "shape" : "2db41b85-ded4-4a9a-8f5f-96d1185dbc92",
    "color" : "#FFFFFF",
    "position" : {
      "x" : 3.427051,
      "y" : -5.545085,
      "z" : 20.062305
    }
  }, {
    "shape" : "2db41b85-ded4-4a9a-8f5f-96d1185dbc92",
    "color" : "#FFFFFF",
    "position" : {
      "x" : 11.21517,
      "y" : 1.9157797,
      "z" : -3.0997968
    }
  }, {
    "shape" : "ac258422-fb4e-4af4-accc-eb82f6ac30fa",
    "color" : "#FFFFFF",
    "position" : {
      "x" : -17.944271,
      "y" : -6.854102,
      "z" : 11.09017
    },
    "orientation" : 21
  }, {
    "shape" : "cf5c22a1-5fcc-4775-b570-01c01628cd6f",
    "color" : "#000000",
    "position" : {
      "x" : -10.031153,
      "y" : -3.8315594,
      "z" : 6.1995935
    },
    "orientation" : 7
  }, {
    "shape" : "2db41b85-ded4-4a9a-8f5f-96d1185dbc92",
    "color" : "#FFFFFF",
    "position" : {
      "x" : 1.9157797,
      "y" : 3.0997968,
      "z" : 11.21517
    }
  }, {
    "shape" : "cf5c22a1-5fcc-4775-b570-01c01628cd6f",
    "color" : "#000000",
    "position" : {
      "x" : 14.5172205,
      "y" : 12.399187,
      "z" : -8.972136
    },
    "orientation" : 19
  }, {
    "shape" : "2db41b85-ded4-4a9a-8f5f-96d1185dbc92",
    "color" : "#FFFFFF",
    "position" : {
      "x" : 3.427051,
      "y" : 5.545085,
      "z" : -20.062305
    }
  }, {
    "shape" : "2db41b85-ded4-4a9a-8f5f-96d1185dbc92",
    "color" : "#FFFFFF",
    "position" : {
      "x" : -6.9313564,
      "y" : -5.0155764,
      "z" : -8.115374
    }
  }, {
    "shape" : "2db41b85-ded4-4a9a-8f5f-96d1185dbc92",
    "color" : "#FFFFFF",
    "position" : {
      "x" : 8.115374,
      "y" : -6.9313564,
      "z" : -5.0155764
    }
  }, {
    "shape" : "ac258422-fb4e-4af4-accc-eb82f6ac30fa",
    "color" : "#FFFFFF",
    "position" : {
      "x" : -11.21517,
      "y" : -1.9157797,
      "z" : -3.0997968
    },
    "orientation" : 47
  }, {
    "shape" : "2db41b85-ded4-4a9a-8f5f-96d1185dbc92",
    "color" : "#FFFFFF",
    "position" : {
      "x" : 3.8315594,
      "y" : -6.1995935,
      "z" : 10.031153
    }
  }, {
    "shape" : "2db41b85-ded4-4a9a-8f5f-96d1185dbc92",
    "color" : "#FFFFFF",
    "position" : {
      "x" : -5.545085,
      "y" : 20.062305,
      "z" : 3.427051
    }
  }, {
    "shape" : "2db41b85-ded4-4a9a-8f5f-96d1185dbc92",
    "color" : "#FFFFFF",
    "position" : {
      "x" : 17.944271,
      "y" : -6.854102,
      "z" : -11.09017
    }
  }, {
    "shape" : "2db41b85-ded4-4a9a-8f5f-96d1185dbc92",
    "color" : "#FFFFFF",
    "position" : {
      "x" : 3.8315594,
      "y" : 6.1995935,
      "z" : 10.031153
    }
  }, {
    "shape" : "2db41b85-ded4-4a9a-8f5f-96d1185dbc92",
    "color" : "#FFFFFF",
    "position" : {
      "x" : 22.18034,
      "y" : 0.0,
      "z" : 0.0
    }
  }, {
    "shape" : "2db41b85-ded4-4a9a-8f5f-96d1185dbc92",
    "color" : "#FFFFFF",
    "position" : {
      "x" : 0.0,
      "y" : 6.1995935,
      "z" : -10.031153
    }
  }, {
    "shape" : "2db41b85-ded4-4a9a-8f5f-96d1185dbc92",
    "color" : "#FFFFFF",
    "position" : {
      "x" : -8.972136,
      "y" : -14.5172205,
      "z" : 12.399187
    }
  }, {
    "shape" : "2db41b85-ded4-4a9a-8f5f-96d1185dbc92",
    "color" : "#FFFFFF",
    "position" : {
      "x" : -14.5172205,
      "y" : 12.399187,
      "z" : 8.972136
    }
  }, {
    "shape" : "ac258422-fb4e-4af4-accc-eb82f6ac30fa",
    "color" : "#FFFFFF",
    "position" : {
      "x" : 11.09017,
      "y" : 17.944271,
      "z" : -6.854102
    },
    "orientation" : 25
  }, {
    "shape" : "2db41b85-ded4-4a9a-8f5f-96d1185dbc92",
    "color" : "#FFFFFF",
    "position" : {
      "x" : 3.427051,
      "y" : -5.545085,
      "z" : -20.062305
    }
  }, {
    "shape" : "cf5c22a1-5fcc-4775-b570-01c01628cd6f",
    "color" : "#000000",
    "position" : {
      "x" : 3.8315594,
      "y" : -6.1995935,
      "z" : 10.031153
    },
    "orientation" : 10
  }, {
    "shape" : "cf5c22a1-5fcc-4775-b570-01c01628cd6f",
    "color" : "#000000",
    "position" : {
      "x" : -11.09017,
      "y" : 17.944271,
      "z" : 0.0
    },
    "orientation" : 8
  }, {
    "shape" : "cf5c22a1-5fcc-4775-b570-01c01628cd6f",
    "color" : "#000000",
    "position" : {
      "x" : 10.031153,
      "y" : -3.8315594,
      "z" : -6.1995935
    },
    "orientation" : 34
  }, {
    "shape" : "cf5c22a1-5fcc-4775-b570-01c01628cd6f",
    "color" : "#000000",
    "position" : {
      "x" : -17.944271,
      "y" : 0.0,
      "z" : -11.09017
    },
    "orientation" : 37
  }, {
    "shape" : "2db41b85-ded4-4a9a-8f5f-96d1185dbc92",
    "color" : "#FFFFFF",
    "position" : {
      "x" : -8.972136,
      "y" : 14.5172205,
      "z" : -12.399187
    }
  }, {
    "shape" : "2db41b85-ded4-4a9a-8f5f-96d1185dbc92",
    "color" : "#FFFFFF",
    "position" : {
      "x" : -11.09017,
      "y" : 17.944271,
      "z" : 6.854102
    }
  }, {
    "shape" : "ac258422-fb4e-4af4-accc-eb82f6ac30fa",
    "color" : "#FFFFFF",
    "position" : {
      "x" : 3.0997968,
      "y" : 11.21517,
      "z" : -1.9157797
    },
    "orientation" : 0
  }, {
    "shape" : "cf5c22a1-5fcc-4775-b570-01c01628cd6f",
    "color" : "#000000",
    "position" : {
      "x" : 10.031153,
      "y" : 3.8315594,
      "z" : 6.1995935
    },
    "orientation" : 49
  }, {
    "shape" : "ac258422-fb4e-4af4-accc-eb82f6ac30fa",
    "color" : "#FFFFFF",
    "position" : {
      "x" : 17.944271,
      "y" : -6.854102,
      "z" : -11.09017
    },
    "orientation" : 36
  }, {
    "shape" : "ac258422-fb4e-4af4-accc-eb82f6ac30fa",
    "color" : "#FFFFFF",
    "position" : {
      "x" : 6.854102,
      "y" : -11.09017,
      "z" : -17.944271
    },
    "orientation" : 57
  }, {
    "shape" : "ac258422-fb4e-4af4-accc-eb82f6ac30fa",
    "color" : "#FFFFFF",
    "position" : {
      "x" : -6.854102,
      "y" : -11.09017,
      "z" : -17.944271
    },
    "orientation" : 41
  }, {
    "shape" : "2db41b85-ded4-4a9a-8f5f-96d1185dbc92",
    "color" : "#FFFFFF",
    "position" : {
      "x" : 3.0997968,
      "y" : -11.21517,
      "z" : -1.9157797
    }
  }, {
    "shape" : "cf5c22a1-5fcc-4775-b570-01c01628cd6f",
    "color" : "#000000",
    "position" : {
      "x" : 3.8315594,
      "y" : 6.1995935,
      "z" : -10.031153
    },
    "orientation" : 25
  }, {
    "shape" : "2db41b85-ded4-4a9a-8f5f-96d1185dbc92",
    "color" : "#FFFFFF",
    "position" : {
      "x" : -1.9157797,
      "y" : -3.0997968,
      "z" : 11.21517
    }
  }, {
    "shape" : "ac258422-fb4e-4af4-accc-eb82f6ac30fa",
    "color" : "#FFFFFF",
    "position" : {
      "x" : 0.0,
      "y" : 6.1995935,
      "z" : -10.031153
    },
    "orientation" : 53
  }, {
    "shape" : "cf5c22a1-5fcc-4775-b570-01c01628cd6f",
    "color" : "#000000",
    "position" : {
      "x" : 0.0,
      "y" : 12.399187,
      "z" : 0.0
    },
    "orientation" : 14
  }, {
    "shape" : "ac258422-fb4e-4af4-accc-eb82f6ac30fa",
    "color" : "#FFFFFF",
    "position" : {
      "x" : 0.0,
      "y" : 0.0,
      "z" : 22.18034
    },
    "orientation" : 46
  }, {
    "shape" : "2db41b85-ded4-4a9a-8f5f-96d1185dbc92",
    "color" : "#FFFFFF",
    "position" : {
      "x" : 11.09017,
      "y" : -17.944271,
      "z" : -6.854102
    }
  }, {
    "shape" : "2db41b85-ded4-4a9a-8f5f-96d1185dbc92",
    "color" : "#FFFFFF",
    "position" : {
      "x" : 8.972136,
      "y" : -14.5172205,
      "z" : 12.399187
    }
  }, {
    "shape" : "2db41b85-ded4-4a9a-8f5f-96d1185dbc92",
    "color" : "#FFFFFF",
    "position" : {
      "x" : 1.9157797,
      "y" : -3.0997968,
      "z" : 11.21517
    }
  }, {
    "shape" : "2db41b85-ded4-4a9a-8f5f-96d1185dbc92",
    "color" : "#FFFFFF",
    "position" : {
      "x" : -12.399187,
      "y" : 8.972136,
      "z" : -14.5172205
    }
  }, {
    "shape" : "ac258422-fb4e-4af4-accc-eb82f6ac30fa",
    "color" : "#FFFFFF",
    "position" : {
      "x" : -11.09017,
      "y" : 17.944271,
      "z" : -6.854102
    },
    "orientation" : 22
  }, {
    "shape" : "2db41b85-ded4-4a9a-8f5f-96d1185dbc92",
    "color" : "#FFFFFF",
    "position" : {
      "x" : -6.854102,
      "y" : 11.09017,
      "z" : -17.944271
    }
  }, {
    "shape" : "ac258422-fb4e-4af4-accc-eb82f6ac30fa",
    "color" : "#FFFFFF",
    "position" : {
      "x" : 0.0,
      "y" : -6.1995935,
      "z" : 10.031153
    },
    "orientation" : 38
  }, {
    "shape" : "ac258422-fb4e-4af4-accc-eb82f6ac30fa",
    "color" : "#FFFFFF",
    "position" : {
      "x" : 22.18034,
      "y" : 0.0,
      "z" : 0.0
    },
    "orientation" : 47
  }, {
    "shape" : "2db41b85-ded4-4a9a-8f5f-96d1185dbc92",
    "color" : "#FFFFFF",
    "position" : {
      "x" : 0.0,
      "y" : 12.399187,
      "z" : 0.0
    }
  }, {
    "shape" : "ac258422-fb4e-4af4-accc-eb82f6ac30fa",
    "color" : "#FFFFFF",
    "position" : {
      "x" : 6.854102,
      "y" : -11.09017,
      "z" : 17.944271
    },
    "orientation" : 26
  }, {
    "shape" : "ac258422-fb4e-4af4-accc-eb82f6ac30fa",
    "color" : "#FFFFFF",
    "position" : {
      "x" : 5.0155764,
      "y" : -8.115374,
      "z" : -6.9313564
    },
    "orientation" : 18
  }, {
    "shape" : "cf5c22a1-5fcc-4775-b570-01c01628cd6f",
    "color" : "#000000",
    "position" : {
      "x" : 3.427051,
      "y" : -5.545085,
      "z" : 20.062305
    },
    "orientation" : 57
  }, {
    "shape" : "2db41b85-ded4-4a9a-8f5f-96d1185dbc92",
    "color" : "#FFFFFF",
    "position" : {
      "x" : -10.031153,
      "y" : 0.0,
      "z" : -6.1995935
    }
  }, {
    "shape" : "cf5c22a1-5fcc-4775-b570-01c01628cd6f",
    "color" : "#000000",
    "position" : {
      "x" : -6.1995935,
      "y" : -10.031153,
      "z" : 3.8315594
    },
    "orientation" : 53
  }, {
    "shape" : "ac258422-fb4e-4af4-accc-eb82f6ac30fa",
    "color" : "#FFFFFF",
    "position" : {
      "x" : 8.115374,
      "y" : 6.9313564,
      "z" : 5.0155764
    },
    "orientation" : 5
  }, {
    "shape" : "cf5c22a1-5fcc-4775-b570-01c01628cd6f",
    "color" : "#000000",
    "position" : {
      "x" : 14.5172205,
      "y" : 12.399187,
      "z" : 8.972136
    },
    "orientation" : 45
  }, {
    "shape" : "ac258422-fb4e-4af4-accc-eb82f6ac30fa",
    "color" : "#FFFFFF",
    "position" : {
      "x" : -17.944271,
      "y" : 6.854102,
      "z" : -11.09017
    },
    "orientation" : 43
  }, {
    "shape" : "2db41b85-ded4-4a9a-8f5f-96d1185dbc92",
    "color" : "#FFFFFF",
    "position" : {
      "x" : 6.1995935,
      "y" : -10.031153,
      "z" : 3.8315594
    }
  }, {
    "shape" : "2db41b85-ded4-4a9a-8f5f-96d1185dbc92",
    "color" : "#FFFFFF",
    "position" : {
      "x" : -6.1995935,
      "y" : -10.031153,
      "z" : 3.8315594
    }
  }, {
    "shape" : "cf5c22a1-5fcc-4775-b570-01c01628cd6f",
    "color" : "#000000",
    "position" : {
      "x" : -14.5172205,
      "y" : -12.399187,
      "z" : 8.972136
    },
    "orientation" : 15
  }, {
    "shape" : "2db41b85-ded4-4a9a-8f5f-96d1185dbc92",
    "color" : "#FFFFFF",
    "position" : {
      "x" : -1.9157797,
      "y" : 3.0997968,
      "z" : -11.21517
    }
  }, {
    "shape" : "ac258422-fb4e-4af4-accc-eb82f6ac30fa",
    "color" : "#FFFFFF",
    "position" : {
      "x" : 0.0,
      "y" : -6.1995935,
      "z" : -10.031153
    },
    "orientation" : 23
  }, {
    "shape" : "ac258422-fb4e-4af4-accc-eb82f6ac30fa",
    "color" : "#FFFFFF",
    "position" : {
      "x" : -8.115374,
      "y" : -6.9313564,
      "z" : 5.0155764
    },
    "orientation" : 35
  }, {
    "shape" : "cf5c22a1-5fcc-4775-b570-01c01628cd6f",
    "color" : "#000000",
    "position" : {
      "x" : -10.031153,
      "y" : 3.8315594,
      "z" : 6.1995935
    },
    "orientation" : 56
  }, {
    "shape" : "2db41b85-ded4-4a9a-8f5f-96d1185dbc92",
    "color" : "#FFFFFF",
    "position" : {
      "x" : 6.9313564,
      "y" : -5.0155764,
      "z" : 8.115374
    }
  }, {
    "shape" : "2db41b85-ded4-4a9a-8f5f-96d1185dbc92",
    "color" : "#FFFFFF",
    "position" : {
      "x" : 5.0155764,
      "y" : -8.115374,
      "z" : -6.9313564
    }
  }, {
    "shape" : "2db41b85-ded4-4a9a-8f5f-96d1185dbc92",
    "color" : "#FFFFFF",
    "position" : {
      "x" : -6.1995935,
      "y" : 10.031153,
      "z" : -3.8315594
    }
  }, {
    "shape" : "cf5c22a1-5fcc-4775-b570-01c01628cd6f",
    "color" : "#000000",
    "position" : {
      "x" : 5.545085,
      "y" : -20.062305,
      "z" : -3.427051
    },
    "orientation" : 9
  }, {
    "shape" : "2db41b85-ded4-4a9a-8f5f-96d1185dbc92",
    "color" : "#FFFFFF",
    "position" : {
      "x" : -11.21517,
      "y" : -1.9157797,
      "z" : 3.0997968
    }
  }, {
    "shape" : "ac258422-fb4e-4af4-accc-eb82f6ac30fa",
    "color" : "#FFFFFF",
    "position" : {
      "x" : 6.1995935,
      "y" : -10.031153,
      "z" : 0.0
    },
    "orientation" : 22
  }, {
    "shape" : "cf5c22a1-5fcc-4775-b570-01c01628cd6f",
    "color" : "#000000",
    "position" : {
      "x" : -3.427051,
      "y" : -5.545085,
      "z" : -20.062305
    },
    "orientation" : 12
  }, {
    "shape" : "cf5c22a1-5fcc-4775-b570-01c01628cd6f",
    "color" : "#000000",
    "position" : {
      "x" : -12.399187,
      "y" : 0.0,
      "z" : 0.0
    },
    "orientation" : 58
  }, {
    "shape" : "2db41b85-ded4-4a9a-8f5f-96d1185dbc92",
    "color" : "#FFFFFF",
    "position" : {
      "x" : 0.0,
      "y" : -11.09017,
      "z" : 17.944271
    }
  }, {
    "shape" : "2db41b85-ded4-4a9a-8f5f-96d1185dbc92",
    "color" : "#FFFFFF",
    "position" : {
      "x" : 14.5172205,
      "y" : 12.399187,
      "z" : 8.972136
    }
  }, {
    "shape" : "2db41b85-ded4-4a9a-8f5f-96d1185dbc92",
    "color" : "#FFFFFF",
    "position" : {
      "x" : -10.031153,
      "y" : 3.8315594,
      "z" : 6.1995935
    }
  }, {
    "shape" : "cf5c22a1-5fcc-4775-b570-01c01628cd6f",
    "color" : "#000000",
    "position" : {
      "x" : 11.09017,
      "y" : -17.944271,
      "z" : 0.0
    },
    "orientation" : 38
  }, {
    "shape" : "ac258422-fb4e-4af4-accc-eb82f6ac30fa",
    "color" : "#FFFFFF",
    "position" : {
      "x" : -22.18034,
      "y" : 0.0,
      "z" : 0.0
    },
    "orientation" : 2
  }, {
    "shape" : "ac258422-fb4e-4af4-accc-eb82f6ac30fa",
    "color" : "#FFFFFF",
    "position" : {
      "x" : 1.9157797,
      "y" : -3.0997968,
      "z" : -11.21517
    },
    "orientation" : 56
  }, {
    "shape" : "ac258422-fb4e-4af4-accc-eb82f6ac30fa",
    "color" : "#FFFFFF",
    "position" : {
      "x" : -5.0155764,
      "y" : -8.115374,
      "z" : -6.9313564
    },
    "orientation" : 59
  }, {
    "shape" : "2db41b85-ded4-4a9a-8f5f-96d1185dbc92",
    "color" : "#FFFFFF",
    "position" : {
      "x" : 6.1995935,
      "y" : -10.031153,
      "z" : 0.0
    }
  }, {
    "shape" : "cf5c22a1-5fcc-4775-b570-01c01628cd6f",
    "color" : "#000000",
    "position" : {
      "x" : -11.09017,
      "y" : -17.944271,
      "z" : 0.0
    },
    "orientation" : 23
  }, {
    "shape" : "cf5c22a1-5fcc-4775-b570-01c01628cd6f",
    "color" : "#000000",
    "position" : {
      "x" : 5.545085,
      "y" : -20.062305,
      "z" : 3.427051
    },
    "orientation" : 59
  }, {
    "shape" : "2db41b85-ded4-4a9a-8f5f-96d1185dbc92",
    "color" : "#FFFFFF",
    "position" : {
      "x" : 6.9313564,
      "y" : -5.0155764,
      "z" : -8.115374
    }
  }, {
    "shape" : "ac258422-fb4e-4af4-accc-eb82f6ac30fa",
    "color" : "#FFFFFF",
    "position" : {
      "x" : 8.115374,
      "y" : -6.9313564,
      "z" : 5.0155764
    },
    "orientation" : 43
  }, {
    "shape" : "2db41b85-ded4-4a9a-8f5f-96d1185dbc92",
    "color" : "#FFFFFF",
    "position" : {
      "x" : -8.115374,
      "y" : -6.9313564,
      "z" : 5.0155764
    }
  }, {
    "shape" : "cf5c22a1-5fcc-4775-b570-01c01628cd6f",
    "color" : "#000000",
    "position" : {
      "x" : -3.427051,
      "y" : 5.545085,
      "z" : -20.062305
    },
    "orientation" : 10
  }, {
    "shape" : "ac258422-fb4e-4af4-accc-eb82f6ac30fa",
    "color" : "#FFFFFF",
    "position" : {
      "x" : 6.9313564,
      "y" : -5.0155764,
      "z" : -8.115374
    },
    "orientation" : 19
  }, {
    "shape" : "2db41b85-ded4-4a9a-8f5f-96d1185dbc92",
    "color" : "#FFFFFF",
    "position" : {
      "x" : 11.21517,
      "y" : -1.9157797,
      "z" : -3.0997968
    }
  }, {
    "shape" : "2db41b85-ded4-4a9a-8f5f-96d1185dbc92",
    "color" : "#FFFFFF",
    "position" : {
      "x" : 6.854102,
      "y" : 11.09017,
      "z" : 17.944271
    }
  }, {
    "shape" : "ac258422-fb4e-4af4-accc-eb82f6ac30fa",
    "color" : "#FFFFFF",
    "position" : {
      "x" : -1.9157797,
      "y" : -3.0997968,
      "z" : 11.21517
    },
    "orientation" : 11
  }, {
    "shape" : "ac258422-fb4e-4af4-accc-eb82f6ac30fa",
    "color" : "#FFFFFF",
    "position" : {
      "x" : -6.854102,
      "y" : 11.09017,
      "z" : -17.944271
    },
    "orientation" : 38
  }, {
    "shape" : "2db41b85-ded4-4a9a-8f5f-96d1185dbc92",
    "color" : "#FFFFFF",
    "position" : {
      "x" : -20.062305,
      "y" : 3.427051,
      "z" : 5.545085
    }
  }, {
    "shape" : "2db41b85-ded4-4a9a-8f5f-96d1185dbc92",
    "color" : "#FFFFFF",
    "position" : {
      "x" : -20.062305,
      "y" : -3.427051,
      "z" : -5.545085
    }
  }, {
    "shape" : "cf5c22a1-5fcc-4775-b570-01c01628cd6f",
    "color" : "#000000",
    "position" : {
      "x" : 3.427051,
      "y" : 5.545085,
      "z" : 20.062305
    },
    "orientation" : 55
  }, {
    "shape" : "ac258422-fb4e-4af4-accc-eb82f6ac30fa",
    "color" : "#FFFFFF",
    "position" : {
      "x" : -10.031153,
      "y" : 0.0,
      "z" : 6.1995935
    },
    "orientation" : 36
  }, {
    "shape" : "2db41b85-ded4-4a9a-8f5f-96d1185dbc92",
    "color" : "#FFFFFF",
    "position" : {
      "x" : -6.9313564,
      "y" : 5.0155764,
      "z" : -8.115374
    }
  }, {
    "shape" : "2db41b85-ded4-4a9a-8f5f-96d1185dbc92",
    "color" : "#FFFFFF",
    "position" : {
      "x" : 6.1995935,
      "y" : -10.031153,
      "z" : -3.8315594
    }
  }, {
    "shape" : "2db41b85-ded4-4a9a-8f5f-96d1185dbc92",
    "color" : "#FFFFFF",
    "position" : {
      "x" : 0.0,
      "y" : 22.18034,
      "z" : 0.0
    }
  }, {
    "shape" : "ac258422-fb4e-4af4-accc-eb82f6ac30fa",
    "color" : "#FFFFFF",
    "position" : {
      "x" : 11.09017,
      "y" : 17.944271,
      "z" : -6.854102
    },
    "orientation" : 35
  }, {
    "shape" : "cf5c22a1-5fcc-4775-b570-01c01628cd6f",
    "color" : "#000000",
    "position" : {
      "x" : 12.399187,
      "y" : 0.0,
      "z" : 0.0
    },
    "orientation" : 28
  }, {
    "shape" : "ac258422-fb4e-4af4-accc-eb82f6ac30fa",
    "color" : "#FFFFFF",
    "position" : {
      "x" : 8.115374,
      "y" : 6.9313564,
      "z" : -5.0155764
    },
    "orientation" : 58
  }, {
    "shape" : "ac258422-fb4e-4af4-accc-eb82f6ac30fa",
    "color" : "#FFFFFF",
    "position" : {
      "x" : -6.9313564,
      "y" : 5.0155764,
      "z" : 8.115374
    },
    "orientation" : 57
  }, {
    "shape" : "ac258422-fb4e-4af4-accc-eb82f6ac30fa",
    "color" : "#FFFFFF",
    "position" : {
      "x" : -6.854102,
      "y" : 11.09017,
      "z" : 17.944271
    },
    "orientation" : 18
  }, {
    "shape" : "2db41b85-ded4-4a9a-8f5f-96d1185dbc92",
    "color" : "#FFFFFF",
    "position" : {
      "x" : -6.1995935,
      "y" : -10.031153,
      "z" : 0.0
    }
  }, {
    "shape" : "ac258422-fb4e-4af4-accc-eb82f6ac30fa",
    "color" : "#FFFFFF",
    "position" : {
      "x" : -17.944271,
      "y" : 6.854102,
      "z" : 11.09017
    },
    "orientation" : 9
  }, {
    "shape" : "2db41b85-ded4-4a9a-8f5f-96d1185dbc92",
    "color" : "#FFFFFF",
    "position" : {
      "x" : -3.8315594,
      "y" : -6.1995935,
      "z" : 10.031153
    }
  }, {
    "shape" : "2db41b85-ded4-4a9a-8f5f-96d1185dbc92",
    "color" : "#FFFFFF",
    "position" : {
      "x" : 10.031153,
      "y" : 0.0,
      "z" : -6.1995935
    }
  }, {
    "shape" : "ac258422-fb4e-4af4-accc-eb82f6ac30fa",
    "color" : "#FFFFFF",
    "position" : {
      "x" : -6.1995935,
      "y" : -10.031153,
      "z" : 0.0
    },
    "orientation" : 37
  }, {
    "shape" : "ac258422-fb4e-4af4-accc-eb82f6ac30fa",
    "color" : "#FFFFFF",
    "position" : {
      "x" : -1.9157797,
      "y" : -3.0997968,
      "z" : -11.21517
    },
    "orientation" : 16
  }, {
    "shape" : "cf5c22a1-5fcc-4775-b570-01c01628cd6f",
    "color" : "#000000",
    "position" : {
      "x" : 10.031153,
      "y" : 3.8315594,
      "z" : 6.1995935
    },
    "orientation" : 37
  }, {
    "shape" : "2db41b85-ded4-4a9a-8f5f-96d1185dbc92",
    "color" : "#FFFFFF",
    "position" : {
      "x" : 8.972136,
      "y" : 14.5172205,
      "z" : -12.399187
    }
  }, {
    "shape" : "2db41b85-ded4-4a9a-8f5f-96d1185dbc92",
