{
  "polygons" : "true",
  "field" : "golden",
  "symmetry" : "icosahedral",
  "orientations" : [ [ 1.0, 0.0, 0.0, 0.0, 0.0, 1.0, 0.0, 0.0, 0.0, 0.0, 1.0, 0.0, 0.0, 0.0, 0.0, 1.0 ], [ 0.0, 0.0, 1.0, 0.0, 1.0, 0.0, 0.0, 0.0, 0.0, 1.0, 0.0, 0.0, 0.0, 0.0, 0.0, 1.0 ], [ 0.0, 1.0, 0.0, 0.0, 0.0, 0.0, 1.0, 0.0, 1.0, 0.0, 0.0, 0.0, 0.0, 0.0, 0.0, 1.0 ], [ 0.809017, 0.309017, 0.5, 0.0, 0.309017, 0.5, -0.809017, 0.0, -0.5, 0.809017, 0.309017, 0.0, 0.0, 0.0, 0.0, 1.0 ], [ -0.5, 0.809017, 0.309017, 0.0, 0.809017, 0.309017, 0.5, 0.0, 0.309017, 0.5, -0.809017, 0.0, 0.0, 0.0, 0.0, 1.0 ], [ 0.309017, 0.5, -0.809017, 0.0, -0.5, 0.809017, 0.309017, 0.0, 0.809017, 0.309017, 0.5, 0.0, 0.0, 0.0, 0.0, 1.0 ], [ 0.5, 0.809017, 0.309017, 0.0, 0.809017, -0.309017, -0.5, 0.0, -0.309017, 0.5, -0.809017, 0.0, 0.0, 0.0, 0.0, 1.0 ], [ -0.309017, 0.5, -0.809017, 0.0, 0.5, 0.809017, 0.309017, 0.0, 0.809017, -0.309017, -0.5, 0.0, 0.0, 0.0, 0.0, 1.0 ], [ 0.809017, -0.309017, -0.5, 0.0, -0.309017, 0.5, -0.809017, 0.0, 0.5, 0.809017, 0.309017, 0.0, 0.0, 0.0, 0.0, 1.0 ], [ 0.5, 0.809017, -0.309017, 0.0, 0.809017, -0.309017, 0.5, 0.0, 0.309017, -0.5, -0.809017, 0.0, 0.0, 0.0, 0.0, 1.0 ], [ 0.309017, -0.5, -0.809017, 0.0, 0.5, 0.809017, -0.309017, 0.0, 0.809017, -0.309017, 0.5, 0.0, 0.0, 0.0, 0.0, 1.0 ], [ 0.809017, -0.309017, 0.5, 0.0, 0.309017, -0.5, -0.809017, 0.0, 0.5, 0.809017, -0.309017, 0.0, 0.0, 0.0, 0.0, 1.0 ], [ 0.809017, 0.309017, -0.5, 0.0, 0.309017, 0.5, 0.809017, 0.0, 0.5, -0.809017, 0.309017, 0.0, 0.0, 0.0, 0.0, 1.0 ], [ 0.5, -0.809017, 0.309017, 0.0, 0.809017, 0.309017, -0.5, 0.0, 0.309017, 0.5, 0.809017, 0.0, 0.0, 0.0, 0.0, 1.0 ], [ 0.309017, 0.5, 0.809017, 0.0, 0.5, -0.809017, 0.309017, 0.0, 0.809017, 0.309017, -0.5, 0.0, 0.0, 0.0, 0.0, 1.0 ], [ 1.0, 0.0, 0.0, 0.0, 0.0, -1.0, 0.0, 0.0, 0.0, 0.0, -1.0, 0.0, 0.0, 0.0, 0.0, 1.0 ], [ 0.0, 0.0, 1.0, 0.0, -1.0, 0.0, 0.0, 0.0, 0.0, -1.0, 0.0, 0.0, 0.0, 0.0, 0.0, 1.0 ], [ 0.0, 1.0, 0.0, 0.0, 0.0, 0.0, -1.0, 0.0, -1.0, 0.0, 0.0, 0.0, 0.0, 0.0, 0.0, 1.0 ], [ 0.809017, 0.309017, 0.5, 0.0, -0.309017, -0.5, 0.809017, 0.0, 0.5, -0.809017, -0.309017, 0.0, 0.0, 0.0, 0.0, 1.0 ], [ -0.5, 0.809017, 0.309017, 0.0, -0.809017, -0.309017, -0.5, 0.0, -0.309017, -0.5, 0.809017, 0.0, 0.0, 0.0, 0.0, 1.0 ], [ 0.309017, 0.5, -0.809017, 0.0, 0.5, -0.809017, -0.309017, 0.0, -0.809017, -0.309017, -0.5, 0.0, 0.0, 0.0, 0.0, 1.0 ], [ 0.5, 0.809017, 0.309017, 0.0, -0.809017, 0.309017, 0.5, 0.0, 0.309017, -0.5, 0.809017, 0.0, 0.0, 0.0, 0.0, 1.0 ], [ -0.309017, 0.5, -0.809017, 0.0, -0.5, -0.809017, -0.309017, 0.0, -0.809017, 0.309017, 0.5, 0.0, 0.0, 0.0, 0.0, 1.0 ], [ 0.809017, -0.309017, -0.5, 0.0, 0.309017, -0.5, 0.809017, 0.0, -0.5, -0.809017, -0.309017, 0.0, 0.0, 0.0, 0.0, 1.0 ], [ 0.5, 0.809017, -0.309017, 0.0, -0.809017, 0.309017, -0.5, 0.0, -0.309017, 0.5, 0.809017, 0.0, 0.0, 0.0, 0.0, 1.0 ], [ 0.309017, -0.5, -0.809017, 0.0, -0.5, -0.809017, 0.309017, 0.0, -0.809017, 0.309017, -0.5, 0.0, 0.0, 0.0, 0.0, 1.0 ], [ 0.809017, -0.309017, 0.5, 0.0, -0.309017, 0.5, 0.809017, 0.0, -0.5, -0.809017, 0.309017, 0.0, 0.0, 0.0, 0.0, 1.0 ], [ 0.809017, 0.309017, -0.5, 0.0, -0.309017, -0.5, -0.809017, 0.0, -0.5, 0.809017, -0.309017, 0.0, 0.0, 0.0, 0.0, 1.0 ], [ 0.5, -0.809017, 0.309017, 0.0, -0.809017, -0.309017, 0.5, 0.0, -0.309017, -0.5, -0.809017, 0.0, 0.0, 0.0, 0.0, 1.0 ], [ 0.309017, 0.5, 0.809017, 0.0, -0.5, 0.809017, -0.309017, 0.0, -0.809017, -0.309017, 0.5, 0.0, 0.0, 0.0, 0.0, 1.0 ], [ -1.0, 0.0, 0.0, 0.0, 0.0, -1.0, 0.0, 0.0, 0.0, 0.0, 1.0, 0.0, 0.0, 0.0, 0.0, 1.0 ], [ 0.0, 0.0, -1.0, 0.0, -1.0, 0.0, 0.0, 0.0, 0.0, 1.0, 0.0, 0.0, 0.0, 0.0, 0.0, 1.0 ], [ 0.0, -1.0, 0.0, 0.0, 0.0, 0.0, -1.0, 0.0, 1.0, 0.0, 0.0, 0.0, 0.0, 0.0, 0.0, 1.0 ], [ -0.809017, -0.309017, -0.5, 0.0, -0.309017, -0.5, 0.809017, 0.0, -0.5, 0.809017, 0.309017, 0.0, 0.0, 0.0, 0.0, 1.0 ], [ 0.5, -0.809017, -0.309017, 0.0, -0.809017, -0.309017, -0.5, 0.0, 0.309017, 0.5, -0.809017, 0.0, 0.0, 0.0, 0.0, 1.0 ], [ -0.309017, -0.5, 0.809017, 0.0, 0.5, -0.809017, -0.309017, 0.0, 0.809017, 0.309017, 0.5, 0.0, 0.0, 0.0, 0.0, 1.0 ], [ -0.5, -0.809017, -0.309017, 0.0, -0.809017, 0.309017, 0.5, 0.0, -0.309017, 0.5, -0.809017, 0.0, 0.0, 0.0, 0.0, 1.0 ], [ 0.309017, -0.5, 0.809017, 0.0, -0.5, -0.809017, -0.309017, 0.0, 0.809017, -0.309017, -0.5, 0.0, 0.0, 0.0, 0.0, 1.0 ], [ -0.809017, 0.309017, 0.5, 0.0, 0.309017, -0.5, 0.809017, 0.0, 0.5, 0.809017, 0.309017, 0.0, 0.0, 0.0, 0.0, 1.0 ], [ -0.5, -0.809017, 0.309017, 0.0, -0.809017, 0.309017, -0.5, 0.0, 0.309017, -0.5, -0.809017, 0.0, 0.0, 0.0, 0.0, 1.0 ], [ -0.309017, 0.5, 0.809017, 0.0, -0.5, -0.809017, 0.309017, 0.0, 0.809017, -0.309017, 0.5, 0.0, 0.0, 0.0, 0.0, 1.0 ], [ -0.809017, 0.309017, -0.5, 0.0, -0.309017, 0.5, 0.809017, 0.0, 0.5, 0.809017, -0.309017, 0.0, 0.0, 0.0, 0.0, 1.0 ], [ -0.809017, -0.309017, 0.5, 0.0, -0.309017, -0.5, -0.809017, 0.0, 0.5, -0.809017, 0.309017, 0.0, 0.0, 0.0, 0.0, 1.0 ], [ -0.5, 0.809017, -0.309017, 0.0, -0.809017, -0.309017, 0.5, 0.0, 0.309017, 0.5, 0.809017, 0.0, 0.0, 0.0, 0.0, 1.0 ], [ -0.309017, -0.5, -0.809017, 0.0, -0.5, 0.809017, -0.309017, 0.0, 0.809017, 0.309017, -0.5, 0.0, 0.0, 0.0, 0.0, 1.0 ], [ -1.0, 0.0, 0.0, 0.0, 0.0, 1.0, 0.0, 0.0, 0.0, 0.0, -1.0, 0.0, 0.0, 0.0, 0.0, 1.0 ], [ 0.0, 0.0, -1.0, 0.0, 1.0, 0.0, 0.0, 0.0, 0.0, -1.0, 0.0, 0.0, 0.0, 0.0, 0.0, 1.0 ], [ 0.0, -1.0, 0.0, 0.0, 0.0, 0.0, 1.0, 0.0, -1.0, 0.0, 0.0, 0.0, 0.0, 0.0, 0.0, 1.0 ], [ -0.809017, -0.309017, -0.5, 0.0, 0.309017, 0.5, -0.809017, 0.0, 0.5, -0.809017, -0.309017, 0.0, 0.0, 0.0, 0.0, 1.0 ], [ 0.5, -0.809017, -0.309017, 0.0, 0.809017, 0.309017, 0.5, 0.0, -0.309017, -0.5, 0.809017, 0.0, 0.0, 0.0, 0.0, 1.0 ], [ -0.309017, -0.5, 0.809017, 0.0, -0.5, 0.809017, 0.309017, 0.0, -0.809017, -0.309017, -0.5, 0.0, 0.0, 0.0, 0.0, 1.0 ], [ -0.5, -0.809017, -0.309017, 0.0, 0.809017, -0.309017, -0.5, 0.0, 0.309017, -0.5, 0.809017, 0.0, 0.0, 0.0, 0.0, 1.0 ], [ 0.309017, -0.5, 0.809017, 0.0, 0.5, 0.809017, 0.309017, 0.0, -0.809017, 0.309017, 0.5, 0.0, 0.0, 0.0, 0.0, 1.0 ], [ -0.809017, 0.309017, 0.5, 0.0, -0.309017, 0.5, -0.809017, 0.0, -0.5, -0.809017, -0.309017, 0.0, 0.0, 0.0, 0.0, 1.0 ], [ -0.5, -0.809017, 0.309017, 0.0, 0.809017, -0.309017, 0.5, 0.0, -0.309017, 0.5, 0.809017, 0.0, 0.0, 0.0, 0.0, 1.0 ], [ -0.309017, 0.5, 0.809017, 0.0, 0.5, 0.809017, -0.309017, 0.0, -0.809017, 0.309017, -0.5, 0.0, 0.0, 0.0, 0.0, 1.0 ], [ -0.809017, 0.309017, -0.5, 0.0, 0.309017, -0.5, -0.809017, 0.0, -0.5, -0.809017, 0.309017, 0.0, 0.0, 0.0, 0.0, 1.0 ], [ -0.809017, -0.309017, 0.5, 0.0, 0.309017, 0.5, 0.809017, 0.0, -0.5, 0.809017, -0.309017, 0.0, 0.0, 0.0, 0.0, 1.0 ], [ -0.5, 0.809017, -0.309017, 0.0, 0.809017, 0.309017, -0.5, 0.0, -0.309017, -0.5, -0.809017, 0.0, 0.0, 0.0, 0.0, 1.0 ], [ -0.309017, -0.5, -0.809017, 0.0, 0.5, -0.809017, 0.309017, 0.0, -0.809017, -0.309017, 0.5, 0.0, 0.0, 0.0, 0.0, 1.0 ] ],
  "lights" : {
    "directionalLights" : [ {
      "direction" : [ 1.0, -1.0, -1.0 ],
      "color" : "#EBEBE4"
    }, {
      "direction" : [ -1.0, 0.0, 0.0 ],
      "color" : "#E4E4EB"
    }, {
      "direction" : [ 0.0, 0.0, -1.0 ],
      "color" : "#1E1E1E"
    } ],
    "backgroundColor" : "#AFC8DC",
    "ambientColor" : "#292929"
  },
  "camera" : {
    "width" : 308.08426,
    "position" : {
      "x" : -14.355417,
      "y" : 35.76494,
      "z" : 706.08746
    },
    "nearClipDistance" : 1.7115778,
    "perspective" : true,
    "farClipDistance" : 1369.2587,
    "lookAtPoint" : {
      "x" : -14.355417,
      "y" : 35.76494,
      "z" : 21.456734
    },
    "viewDistance" : 684.63074,
    "fieldOfView" : 0.44262946,
    "upDirection" : {
      "x" : 0.0,
      "y" : -1.0,
      "z" : 0.0
    },
    "stereo" : false,
    "lookDirection" : {
      "x" : 0.0,
      "y" : 0.0,
      "z" : -1.0
    }
  },
  "embedding" : [ 1.0, 0.0, 0.0, 0.0, 0.0, 1.0, 0.0, 0.0, 0.0, 0.0, 1.0, 0.0, 0.0, 0.0, 0.0, 1.0 ],
  "shapes" : [ {
    "id" : "c2caf331-be71-42d0-a855-4b88517e747d",
    "vertices" : [ {
      "x" : 0.0,
      "y" : 0.0,
      "z" : 0.0
    }, {
      "x" : 1.618034,
      "y" : 4.959675,
      "z" : 0.4472136
    }, {
      "x" : -2.618034,
      "y" : 8.024922,
      "z" : 0.7236068
    }, {
      "x" : -6.854102,
      "y" : 4.959675,
      "z" : 0.4472136
    }, {
      "x" : -5.236068,
      "y" : 0.0,
      "z" : 0.0
    } ],
    "faces" : [ {
      "vertices" : [ 0, 1, 2, 3, 4 ]
    }, {
      "vertices" : [ 0, 4, 3, 2, 1 ]
    } ]
  }, {
    "id" : "81dac076-1871-43e2-bf60-be4b45971294",
    "vertices" : [ {
      "x" : 0.0,
      "y" : 0.0,
      "z" : 0.0
    }, {
      "x" : 1.618034,
      "y" : -4.959675,
      "z" : -0.4472136
    }, {
      "x" : 6.854102,
      "y" : -4.959675,
      "z" : -0.4472136
    }, {
      "x" : 8.472136,
      "y" : 0.0,
      "z" : 0.0
    }, {
      "x" : 4.236068,
      "y" : 3.0652475,
      "z" : 0.2763932
    } ],
    "faces" : [ {
      "vertices" : [ 0, 1, 2, 3, 4 ]
    }, {
      "vertices" : [ 0, 4, 3, 2, 1 ]
    } ]
  }, {
    "id" : "b6b3fd86-4995-4cd8-aad3-994d117459b0",
    "vertices" : [ {
      "x" : 0.0,
      "y" : 0.0,
      "z" : 0.0
    }, {
      "x" : 2.3416407,
      "y" : 4.188854,
      "z" : -2.094427
    }, {
      "x" : -0.7236068,
      "y" : 6.0068884,
      "z" : -5.9304953
    }, {
      "x" : -4.959675,
      "y" : 2.9416409,
      "z" : -6.206888
    }, {
      "x" : -4.512461,
      "y" : -0.7708204,
      "z" : -2.5416408
    } ],
    "faces" : [ {
      "vertices" : [ 0, 1, 2, 3, 4 ]
    }, {
      "vertices" : [ 0, 4, 3, 2, 1 ]
    } ]
  }, {
    "id" : "353f7736-08e2-4552-883c-a10e9466aa4f",
    "vertices" : [ {
      "x" : 0.0,
      "y" : 0.0,
      "z" : 0.0
    }, {
      "x" : -1.618034,
      "y" : 4.959675,
      "z" : 0.4472136
    }, {
      "x" : -6.854102,
      "y" : 4.959675,
      "z" : 0.4472136
    }, {
      "x" : -8.472136,
      "y" : 0.0,
      "z" : 0.0
    }, {
      "x" : -4.236068,
      "y" : -3.0652475,
      "z" : -0.2763932
    } ],
    "faces" : [ {
      "vertices" : [ 0, 1, 2, 3, 4 ]
    }, {
      "vertices" : [ 0, 4, 3, 2, 1 ]
    } ]
  }, {
    "id" : "3bd73295-b7fc-4156-9fa8-ff6e2226ab22",
    "vertices" : [ {
      "x" : 0.0,
      "y" : 0.0,
      "z" : 0.0
    }, {
      "x" : -1.618034,
      "y" : 2.618034,
      "z" : 4.236068
    }, {
      "x" : 0.0,
      "y" : 0.0,
      "z" : 8.472136
    }, {
      "x" : 2.618034,
      "y" : -4.236068,
      "z" : 6.854102
    }, {
      "x" : 2.618034,
      "y" : -4.236068,
      "z" : 1.618034
    } ],
    "faces" : [ {
      "vertices" : [ 0, 1, 2, 3, 4 ]
    }, {
      "vertices" : [ 0, 4, 3, 2, 1 ]
    } ]
  }, {
    "id" : "a14c0696-0ed8-43c7-8f85-1e3fe12c8fe8",
    "vertices" : [ {
      "x" : 0.0,
      "y" : 0.0,
      "z" : 0.0
    }, {
      "x" : -3.0652475,
      "y" : 1.8180339,
      "z" : -3.836068
    }, {
      "x" : -0.7236068,
      "y" : 6.0068884,
      "z" : -5.9304953
    }, {
      "x" : 3.7888544,
      "y" : 6.7777085,
      "z" : -3.3888543
    }, {
      "x" : 4.236068,
      "y" : 3.0652475,
      "z" : 0.2763932
    } ],
    "faces" : [ {
      "vertices" : [ 0, 1, 2, 3, 4 ]
    }, {
      "vertices" : [ 0, 4, 3, 2, 1 ]
    } ]
  }, {
    "id" : "1f083b95-1ac8-401f-8f22-483b98442709",
    "vertices" : [ {
      "x" : 0.0,
      "y" : 0.0,
      "z" : 0.0
    }, {
      "x" : 1.618034,
      "y" : -2.618034,
      "z" : 4.236068
    }, {
      "x" : 4.236068,
      "y" : -6.854102,
      "z" : 2.618034
    }, {
      "x" : 4.236068,
      "y" : -6.854102,
      "z" : -2.618034
    }, {
      "x" : 1.618034,
      "y" : -2.618034,
      "z" : -4.236068
    } ],
    "faces" : [ {
      "vertices" : [ 0, 1, 2, 3, 4 ]
    }, {
      "vertices" : [ 0, 4, 3, 2, 1 ]
    } ]
  }, {
    "id" : "c8af0911-3f1f-4675-87a7-4d65e8d436ea",
    "vertices" : [ {
      "x" : 0.0,
      "y" : 0.0,
      "z" : 0.0
    }, {
      "x" : -0.4472136,
      "y" : 3.7124612,
      "z" : -3.6652477
    }, {
      "x" : 3.7888544,
      "y" : 6.7777085,
      "z" : -3.3888543
    }, {
      "x" : 6.854102,
      "y" : 4.959675,
      "z" : 0.4472136
    }, {
      "x" : 4.512461,
      "y" : 0.7708204,
      "z" : 2.5416408
    } ],
    "faces" : [ {
      "vertices" : [ 0, 1, 2, 3, 4 ]
    }, {
      "vertices" : [ 0, 4, 3, 2, 1 ]
    } ]
  }, {
    "id" : "9a4254da-b9ad-42be-8549-25b5582b3bb1",
    "vertices" : [ {
      "x" : 0.0,
      "y" : 0.0,
      "z" : 0.0
    }, {
      "x" : -4.512461,
      "y" : 1.5708205,
      "z" : 2.141641
    }, {
      "x" : -6.854102,
      "y" : -2.618034,
      "z" : 4.236068
    }, {
      "x" : -3.7888544,
      "y" : -6.7777085,
      "z" : 3.3888543
    }, {
      "x" : 0.4472136,
      "y" : -5.1596746,
      "z" : 0.7708204
    } ],
    "faces" : [ {
      "vertices" : [ 0, 1, 2, 3, 4 ]
    }, {
      "vertices" : [ 0, 4, 3, 2, 1 ]
    } ]
  }, {
    "id" : "51a472fd-792a-472d-8f5b-ccb4d6175be4",
    "vertices" : [ {
      "x" : 0.0,
      "y" : 0.0,
      "z" : 0.0
    }, {
      "x" : -2.3416407,
      "y" : -4.188854,
      "z" : 2.094427
    }, {
      "x" : 0.7236068,
      "y" : -8.348529,
      "z" : 1.2472136
    }, {
      "x" : 4.959675,
      "y" : -6.730495,
      "z" : -1.3708204
    }, {
      "x" : 4.512461,
      "y" : -1.5708205,
      "z" : -2.141641
    } ],
    "faces" : [ {
      "vertices" : [ 0, 1, 2, 3, 4 ]
    }, {
      "vertices" : [ 0, 4, 3, 2, 1 ]
    } ]
  }, {
    "id" : "b80a6c6c-56e7-427c-a61e-307ef990f7cd",
    "vertices" : [ {
      "x" : 0.0,
      "y" : 0.0,
      "z" : 0.0
    }, {
      "x" : -4.236068,
      "y" : -3.0652475,
      "z" : -0.2763932
    }, {
      "x" : -2.618034,
      "y" : -8.024922,
      "z" : -0.7236068
    }, {
      "x" : 2.618034,
      "y" : -8.024922,
      "z" : -0.7236068
    }, {
      "x" : 4.236068,
      "y" : -3.0652475,
      "z" : -0.2763932
    } ],
    "faces" : [ {
      "vertices" : [ 0, 1, 2, 3, 4 ]
    }, {
      "vertices" : [ 0, 4, 3, 2, 1 ]
    } ]
  }, {
    "id" : "2f6ee2bb-da2b-4e97-aad9-b11903bf00f5",
    "vertices" : [ {
      "x" : 0.0,
      "y" : 0.0,
      "z" : 0.0
    }, {
      "x" : -4.236068,
      "y" : 3.0652475,
      "z" : 0.2763932
    }, {
      "x" : -8.472136,
      "y" : 0.0,
      "z" : 0.0
    }, {
      "x" : -6.854102,
      "y" : -4.959675,
      "z" : -0.4472136
    }, {
      "x" : -1.618034,
      "y" : -4.959675,
      "z" : -0.4472136
    } ],
    "faces" : [ {
      "vertices" : [ 0, 1, 2, 3, 4 ]
    }, {
      "vertices" : [ 0, 4, 3, 2, 1 ]
    } ]
  }, {
    "id" : "e2280791-ffbe-45f6-8f65-2c1a33725d25",
    "vertices" : [ {
      "x" : 0.0,
      "y" : 0.0,
      "z" : 0.0
    }, {
      "x" : 4.236068,
      "y" : 1.618034,
      "z" : -2.618034
    }, {
      "x" : 3.7888544,
      "y" : 6.7777085,
      "z" : -3.3888543
    }, {
      "x" : -0.7236068,
      "y" : 8.348529,
      "z" : -1.2472136
    }, {
      "x" : -3.0652475,
      "y" : 4.1596746,
      "z" : 0.84721357
    } ],
    "faces" : [ {
      "vertices" : [ 0, 1, 2, 3, 4 ]
    }, {
      "vertices" : [ 0, 4, 3, 2, 1 ]
    } ]
  }, {
    "id" : "ca62a5ef-cb5e-4a61-b15a-d839b94d522a",
    "vertices" : [ {
      "x" : 0.0,
      "y" : 0.0,
      "z" : 0.0
    }, {
      "x" : 2.3627553,
      "y" : 2.5546904,
      "z" : 3.9124613
    }, {
      "x" : -1.3366563,
      "y" : 4.904396,
      "z" : 6.7777085
    }, {
      "x" : -5.985774,
      "y" : 3.801904,
      "z" : 4.636068
    }, {
      "x" : -5.1596746,
      "y" : 0.7708204,
      "z" : 0.4472136
    } ],
    "faces" : [ {
      "vertices" : [ 0, 1, 2, 3, 4 ]
    }, {
      "vertices" : [ 0, 4, 3, 2, 1 ]
    } ]
  }, {
    "id" : "65e12cb4-fda9-4b66-a540-9e20ee04c443",
    "vertices" : [ {
      "x" : 0.0,
      "y" : 0.0,
      "z" : 0.0
    }, {
      "x" : -3.1205263,
      "y" : 2.0602632,
      "z" : -3.6652477
    }, {
      "x" : -0.41304952,
      "y" : 5.75161,
      "z" : -6.206888
    }, {
      "x" : 4.3807893,
      "y" : 5.9727244,
      "z" : -4.112461
    }, {
      "x" : 4.636068,
      "y" : 2.418034,
      "z" : -0.2763932
    } ],
    "faces" : [ {
      "vertices" : [ 0, 1, 2, 3, 4 ]
    }, {
      "vertices" : [ 0, 4, 3, 2, 1 ]
    } ]
  }, {
    "id" : "83355605-c5cf-4cd0-a5ea-c243702a067e",
    "vertices" : [ {
      "x" : 0.0,
      "y" : 0.0,
      "z" : 0.0
    }, {
      "x" : -3.0652475,
      "y" : 1.8180339,
      "z" : -3.836068
    }, {
      "x" : -7.301316,
      "y" : -1.2472136,
      "z" : -4.112461
    }, {
      "x" : -6.854102,
      "y" : -4.959675,
      "z" : -0.4472136
    }, {
      "x" : -2.3416407,
      "y" : -4.188854,
      "z" : 2.094427
    } ],
    "faces" : [ {
      "vertices" : [ 0, 1, 2, 3, 4 ]
    }, {
      "vertices" : [ 0, 4, 3, 2, 1 ]
    } ]
  }, {
    "id" : "27f9cd4e-423c-4d43-a547-c46dbc35b9d9",
    "vertices" : [ {
      "x" : 0.0,
      "y" : 0.0,
      "z" : 0.0
    }, {
      "x" : -0.62609905,
      "y" : -3.4230185,
      "z" : 3.9124613
    }, {
      "x" : -1.7838699,
      "y" : -8.080201,
      "z" : 1.8180339
    }, {
      "x" : -1.8733126,
      "y" : -7.5354795,
      "z" : -3.3888543
    }, {
      "x" : -0.7708204,
      "y" : -2.5416408,
      "z" : -4.512461
    } ],
    "faces" : [ {
      "vertices" : [ 0, 1, 2, 3, 4 ]
    }, {
      "vertices" : [ 0, 4, 3, 2, 1 ]
    } ]
  }, {
    "id" : "b3e464c9-19a6-425f-9ec9-fb752097a1eb",
    "vertices" : [ {
      "x" : 0.0,
      "y" : 0.0,
      "z" : 0.0
    }, {
      "x" : 0.0,
      "y" : 2.3416407,
      "z" : 4.6832814
    }, {
      "x" : -0.4472136,
      "y" : 7.5013156,
      "z" : 3.9124613
    }, {
      "x" : -0.7236068,
      "y" : 8.348529,
      "z" : -1.2472136
    }, {
      "x" : -0.4472136,
      "y" : 3.7124612,
      "z" : -3.6652477
    } ],
    "faces" : [ {
      "vertices" : [ 0, 1, 2, 3, 4 ]
    }, {
      "vertices" : [ 0, 4, 3, 2, 1 ]
    } ]
  }, {
    "id" : "ae2cda1f-44ea-4608-a5a5-c4082e04e557",
    "vertices" : [ {
      "x" : 0.0,
      "y" : 0.0,
      "z" : 0.0
    }, {
      "x" : -4.636068,
      "y" : -2.418034,
      "z" : 0.2763932
    }, {
      "x" : -4.3807893,
      "y" : -5.9727244,
      "z" : 4.112461
    }, {
      "x" : 0.41304952,
      "y" : -5.75161,
      "z" : 6.206888
    }, {
      "x" : 3.1205263,
      "y" : -2.0602632,
      "z" : 3.6652477
    } ],
    "faces" : [ {
      "vertices" : [ 0, 1, 2, 3, 4 ]
    }, {
      "vertices" : [ 0, 4, 3, 2, 1 ]
    } ]
  }, {
    "id" : "145cb123-c22f-4edd-9dfe-dcef44d3b49a",
    "vertices" : [ {
      "x" : 0.0,
      "y" : 0.0,
      "z" : 0.0
    }, {
      "x" : -2.618034,
      "y" : 4.236068,
      "z" : -1.618034
    }, {
      "x" : -4.236068,
      "y" : 6.854102,
      "z" : 2.618034
    }, {
      "x" : -2.618034,
      "y" : 4.236068,
      "z" : 6.854102
    }, {
      "x" : 0.0,
      "y" : 0.0,
      "z" : 5.236068
    } ],
    "faces" : [ {
      "vertices" : [ 0, 1, 2, 3, 4 ]
    }, {
      "vertices" : [ 0, 4, 3, 2, 1 ]
    } ]
  }, {
    "id" : "461d4377-9fdd-4edd-adcb-a134ff454a12",
    "vertices" : [ {
      "x" : 0.0,
      "y" : 0.0,
      "z" : 0.0
    }, {
      "x" : 0.2763932,
      "y" : -0.84721357,
      "z" : 5.1596746
    }, {
      "x" : 0.0,
      "y" : 3.7888544,
      "z" : 7.5777087
    }, {
      "x" : -0.4472136,
      "y" : 7.5013156,
      "z" : 3.9124613
    }, {
      "x" : -0.4472136,
      "y" : 5.1596746,
      "z" : -0.7708204
    } ],
    "faces" : [ {
      "vertices" : [ 0, 1, 2, 3, 4 ]
    }, {
      "vertices" : [ 0, 4, 3, 2, 1 ]
    } ]
  }, {
    "id" : "47e1b99b-52ce-4d0f-a50f-b915d66e3b9d",
    "vertices" : [ {
      "x" : 0.0,
      "y" : 0.0,
      "z" : 0.0
    }, {
      "x" : -4.0994115,
      "y" : 1.5497059,
      "z" : 2.8652475
    }, {
      "x" : -2.9416409,
      "y" : 6.206888,
      "z" : 4.959675
    }, {
      "x" : 1.8733126,
      "y" : 7.5354795,
      "z" : 3.3888543
    }, {
      "x" : 3.6913466,
      "y" : 3.6994116,
      "z" : 0.3236068
    } ],
    "faces" : [ {
      "vertices" : [ 0, 1, 2, 3, 4 ]
    }, {
      "vertices" : [ 0, 4, 3, 2, 1 ]
    } ]
  }, {
    "id" : "901e0be8-5666-4835-8447-47403444bb90",
    "vertices" : [ {
      "x" : 0.0,
      "y" : 0.0,
      "z" : 0.0
    }, {
      "x" : 4.0230184,
      "y" : -2.3205261,
      "z" : -2.418034
    }, {
      "x" : 3.3888543,
      "y" : -1.6944271,
      "z" : -7.5777087
    }, {
      "x" : -1.0260991,
      "y" : 1.0130495,
      "z" : -8.348529
    }, {
      "x" : -3.1205263,
      "y" : 2.0602632,
      "z" : -3.6652477
    } ],
    "faces" : [ {
      "vertices" : [ 0, 1, 2, 3, 4 ]
    }, {
      "vertices" : [ 0, 4, 3, 2, 1 ]
    } ]
  }, {
    "id" : "7c21c4dc-4c17-41ed-bcdb-2515375cac53",
    "vertices" : [ {
      "x" : 0.0,
      "y" : 0.0,
      "z" : 0.0
    }, {
      "x" : -0.4472136,
      "y" : 3.7124612,
      "z" : -3.6652477
    }, {
      "x" : -4.959675,
      "y" : 2.9416409,
      "z" : -6.206888
    }, {
      "x" : -7.301316,
      "y" : -1.2472136,
      "z" : -4.112461
    }, {
      "x" : -4.236068,
      "y" : -3.0652475,
      "z" : -0.2763932
    } ],
    "faces" : [ {
      "vertices" : [ 0, 1, 2, 3, 4 ]
    }, {
      "vertices" : [ 0, 4, 3, 2, 1 ]
    } ]
  }, {
    "id" : "3fc937e8-2353-43ae-a044-20a244c24d66",
    "vertices" : [ {
      "x" : 0.0,
      "y" : 0.0,
      "z" : 0.0
    }, {
      "x" : 4.236068,
      "y" : 3.0652475,
      "z" : 0.2763932
    }, {
      "x" : 7.301316,
      "y" : 1.2472136,
      "z" : 4.112461
    }, {
      "x" : 4.959675,
      "y" : -2.9416409,
      "z" : 6.206888
    }, {
      "x" : 0.4472136,
      "y" : -3.7124612,
      "z" : 3.6652477
    } ],
    "faces" : [ {
      "vertices" : [ 0, 1, 2, 3, 4 ]
    }, {
      "vertices" : [ 0, 4, 3, 2, 1 ]
    } ]
  }, {
    "id" : "73e11df0-4765-417e-a958-c39368bcf778",
    "vertices" : [ {
      "x" : 0.0,
      "y" : 0.0,
      "z" : 0.0
    }, {
      "x" : 1.8180339,
      "y" : -3.836068,
      "z" : -3.0652475
    }, {
      "x" : 6.6329875,
      "y" : -2.5074768,
      "z" : -4.636068
    }, {
      "x" : 7.790758,
      "y" : 2.149706,
      "z" : -2.5416408
    }, {
      "x" : 3.6913466,
      "y" : 3.6994116,
      "z" : 0.3236068
    } ],
    "faces" : [ {
      "vertices" : [ 0, 1, 2, 3, 4 ]
    }, {
      "vertices" : [ 0, 4, 3, 2, 1 ]
    } ]
  }, {
    "id" : "85b47f4a-1734-4513-9c13-d18bf62e4d09",
    "vertices" : [ {
      "x" : 0.0,
      "y" : 0.0,
      "z" : 0.0
    }, {
      "x" : 1.5708205,
      "y" : 2.141641,
      "z" : -4.512461
    }, {
      "x" : 4.904396,
      "y" : 6.019938,
      "z" : -3.3888543
    }, {
      "x" : 5.393839,
      "y" : 6.2752166,
      "z" : 1.8180339
    }, {
      "x" : 2.3627553,
      "y" : 2.5546904,
      "z" : 3.9124613
    } ],
    "faces" : [ {
      "vertices" : [ 0, 1, 2, 3, 4 ]
    }, {
      "vertices" : [ 0, 4, 3, 2, 1 ]
    } ]
  }, {
    "id" : "4a4f457c-a175-4a26-998a-e696a5d0e2bd",
    "vertices" : [ {
      "x" : 0.0,
      "y" : 0.0,
      "z" : 0.0
    }, {
      "x" : -4.236068,
      "y" : -1.618034,
      "z" : 2.618034
    }, {
      "x" : -3.7888544,
      "y" : -6.7777085,
      "z" : 3.3888543
    }, {
      "x" : 0.7236068,
      "y" : -8.348529,
      "z" : 1.2472136
    }, {
      "x" : 3.0652475,
      "y" : -4.1596746,
      "z" : -0.84721357
    } ],
    "faces" : [ {
      "vertices" : [ 0, 1, 2, 3, 4 ]
    }, {
      "vertices" : [ 0, 4, 3, 2, 1 ]
    } ]
  }, {
    "id" : "c4711187-061e-49e8-8f3f-b01b24fbdd0c",
    "vertices" : [ {
      "x" : 0.0,
      "y" : 0.0,
      "z" : 0.0
    }, {
      "x" : 3.0652475,
      "y" : -4.1596746,
      "z" : -0.84721357
    }, {
      "x" : 7.301316,
      "y" : -2.5416408,
      "z" : -3.4652476
    }, {
      "x" : 6.854102,
      "y" : 2.618034,
      "z" : -4.236068
    }, {
      "x" : 2.3416407,
      "y" : 4.188854,
      "z" : -2.094427
    } ],
    "faces" : [ {
      "vertices" : [ 0, 1, 2, 3, 4 ]
    }, {
      "vertices" : [ 0, 4, 3, 2, 1 ]
    } ]
  }, {
    "id" : "41b450f6-e7ca-499a-85f3-ccd1445e9eb6",
    "vertices" : [ {
      "x" : 0.0,
      "y" : 0.0,
      "z" : 0.0
    }, {
      "x" : -0.4472136,
      "y" : 5.1596746,
      "z" : -0.7708204
    }, {
      "x" : -4.959675,
      "y" : 6.730495,
      "z" : 1.3708204
    }, {
      "x" : -7.301316,
      "y" : 2.5416408,
      "z" : 3.4652476
    }, {
      "x" : -4.236068,
      "y" : -1.618034,
      "z" : 2.618034
    } ],
    "faces" : [ {
      "vertices" : [ 0, 1, 2, 3, 4 ]
    }, {
      "vertices" : [ 0, 4, 3, 2, 1 ]
    } ]
  }, {
    "id" : "e9a766df-215b-41af-b9cf-a3aa9b7877ab",
    "vertices" : [ {
      "x" : 0.0,
      "y" : 0.0,
      "z" : 0.0
    }, {
      "x" : 0.7708204,
      "y" : 2.5416408,
      "z" : 4.512461
    }, {
      "x" : 1.8733126,
      "y" : 7.5354795,
      "z" : 3.3888543
    }, {
      "x" : 1.7838699,
      "y" : 8.080201,
      "z" : -1.8180339
    }, {
      "x" : 0.62609905,
      "y" : 3.4230185,
      "z" : -3.9124613
    } ],
    "faces" : [ {
      "vertices" : [ 0, 1, 2, 3, 4 ]
    }, {
      "vertices" : [ 0, 4, 3, 2, 1 ]
    } ]
  }, {
    "id" : "97e97b34-8c54-4683-8cc2-ef0e484ac85c",
    "vertices" : [ {
      "x" : 0.0,
      "y" : 0.0,
      "z" : 0.0
    }, {
      "x" : 0.0,
      "y" : 0.0,
      "z" : -5.236068
    }, {
      "x" : -2.618034,
      "y" : 4.236068,
      "z" : -6.854102
    }, {
      "x" : -4.236068,
      "y" : 6.854102,
      "z" : -2.618034
    }, {
      "x" : -2.618034,
      "y" : 4.236068,
      "z" : 1.618034
    } ],
    "faces" : [ {
      "vertices" : [ 0, 1, 2, 3, 4 ]
    }, {
      "vertices" : [ 0, 4, 3, 2, 1 ]
    } ]
  }, {
    "id" : "1127292e-a747-49a4-84d0-ab0c1d829102",
    "vertices" : [ {
      "x" : 0.0,
      "y" : 0.0,
      "z" : 0.0
    }, {
      "x" : 4.0994115,
      "y" : -1.5497059,
      "z" : -2.8652475
    }, {
      "x" : 6.0068884,
      "y" : -5.9304953,
      "z" : -0.7236068
    }, {
      "x" : 3.0863621,
      "y" : -7.088266,
      "z" : 3.4652476
    }, {
      "x" : -0.62609905,
      "y" : -3.4230185,
      "z" : 3.9124613
    } ],
    "faces" : [ {
      "vertices" : [ 0, 1, 2, 3, 4 ]
    }, {
      "vertices" : [ 0, 4, 3, 2, 1 ]
    } ]
  }, {
    "id" : "8aabb434-fdc8-4ee9-a8cd-88696d63560c",
    "vertices" : [ {
      "x" : 0.0,
      "y" : 0.0,
      "z" : 0.0
    }, {
      "x" : 0.4472136,
      "y" : -5.1596746,
      "z" : 0.7708204
    }, {
      "x" : 0.4472136,
      "y" : -7.5013156,
      "z" : -3.9124613
    }, {
      "x" : 0.0,
      "y" : -3.7888544,
      "z" : -7.5777087
    }, {
      "x" : -0.2763932,
      "y" : 0.84721357,
      "z" : -5.1596746
    } ],
    "faces" : [ {
      "vertices" : [ 0, 1, 2, 3, 4 ]
    }, {
      "vertices" : [ 0, 4, 3, 2, 1 ]
    } ]
  }, {
    "id" : "d62e256f-8883-4dd1-a771-dc63f225e960",
    "vertices" : [ {
      "x" : 0.0,
      "y" : 0.0,
      "z" : 0.0
    }, {
      "x" : 0.4472136,
      "y" : -3.7124612,
      "z" : 3.6652477
    }, {
      "x" : 0.7236068,
      "y" : -8.348529,
      "z" : 1.2472136
    }, {
      "x" : 0.4472136,
      "y" : -7.5013156,
      "z" : -3.9124613
    }, {
      "x" : 0.0,
      "y" : -2.3416407,
      "z" : -4.6832814
    } ],
    "faces" : [ {
      "vertices" : [ 0, 1, 2, 3, 4 ]
    }, {
      "vertices" : [ 0, 4, 3, 2, 1 ]
    } ]
  }, {
    "id" : "5b54c3f2-8763-4b65-9f25-64ea88204180",
    "vertices" : [ {
      "x" : 0.0,
      "y" : 0.0,
      "z" : 0.0
    }, {
      "x" : -2.3627553,
      "y" : -2.5546904,
      "z" : -3.9124613
    }, {
      "x" : -0.79193497,
      "y" : -0.41304952,
      "z" : -8.424922
    }, {
      "x" : 2.5416408,
      "y" : 3.4652476,
      "z" : -7.301316
    }, {
      "x" : 3.0310836,
      "y" : 3.7205262,
      "z" : -2.094427
    } ],
    "faces" : [ {
      "vertices" : [ 0, 1, 2, 3, 4 ]
    }, {
      "vertices" : [ 0, 4, 3, 2, 1 ]
    } ]
  }, {
    "id" : "36efef22-00c0-4438-9ff8-e892a98a6753",
    "vertices" : [ {
      "x" : 0.0,
      "y" : 0.0,
      "z" : 0.0
    }, {
      "x" : -3.6994116,
      "y" : 2.349706,
      "z" : 2.8652475
    }, {
      "x" : -8.348529,
      "y" : 1.2472136,
      "z" : 0.7236068
    }, {
      "x" : -7.52243,
      "y" : -1.7838699,
      "z" : -3.4652476
    }, {
      "x" : -2.3627553,
      "y" : -2.5546904,
      "z" : -3.9124613
    } ],
    "faces" : [ {
      "vertices" : [ 0, 1, 2, 3, 4 ]
    }, {
      "vertices" : [ 0, 4, 3, 2, 1 ]
    } ]
  }, {
    "id" : "17166db4-ac7b-4464-8513-98c4611a0be6",
    "vertices" : [ {
      "x" : 0.0,
      "y" : 0.0,
      "z" : 0.0
    }, {
      "x" : -0.22111456,
      "y" : -5.1255107,
      "z" : 1.0472136
    }, {
      "x" : 0.41304952,
      "y" : -5.75161,
      "z" : 6.206888
    }, {
      "x" : 1.0260991,
      "y" : -1.0130495,
      "z" : 8.348529
    }, {
      "x" : 0.7708204,
      "y" : 2.5416408,
      "z" : 4.512461
    } ],
    "faces" : [ {
      "vertices" : [ 0, 1, 2, 3, 4 ]
    }, {
      "vertices" : [ 0, 4, 3, 2, 1 ]
    } ]
  }, {
    "id" : "5c124cfe-d9c7-4ace-a2ff-d9e7b2a9ae82",
    "vertices" : [ {
      "x" : 0.0,
      "y" : 0.0,
      "z" : 0.0
    }, {
      "x" : 5.236068,
      "y" : 0.0,
      "z" : 0.0
    }, {
      "x" : 6.854102,
      "y" : 4.959675,
      "z" : 0.4472136
    }, {
      "x" : 2.618034,
      "y" : 8.024922,
      "z" : 0.7236068
    }, {
      "x" : -1.618034,
      "y" : 4.959675,
      "z" : 0.4472136
    } ],
    "faces" : [ {
      "vertices" : [ 0, 1, 2, 3, 4 ]
    }, {
      "vertices" : [ 0, 4, 3, 2, 1 ]
    } ]
  }, {
    "id" : "2b4099fc-e9ad-4966-a250-4bec41d7c2e9",
    "vertices" : [ {
      "x" : 0.0,
      "y" : 0.0,
      "z" : 0.0
    }, {
      "x" : 2.3416407,
      "y" : 4.188854,
      "z" : -2.094427
    }, {
      "x" : 6.854102,
      "y" : 4.959675,
      "z" : 0.4472136
    }, {
      "x" : 7.301316,
      "y" : 1.2472136,
      "z" : 4.112461
    }, {
      "x" : 3.0652475,
      "y" : -1.8180339,
      "z" : 3.836068
    } ],
    "faces" : [ {
      "vertices" : [ 0, 1, 2, 3, 4 ]
    }, {
      "vertices" : [ 0, 4, 3, 2, 1 ]
    } ]
  }, {
    "id" : "21c5070e-3989-4449-85bb-eaa6c8c14a9c",
    "vertices" : [ {
      "x" : 0.0,
      "y" : 0.0,
      "z" : 0.0
    }, {
      "x" : 4.512461,
      "y" : -1.5708205,
      "z" : -2.141641
    }, {
      "x" : 6.854102,
      "y" : 2.618034,
      "z" : -4.236068
    }, {
      "x" : 3.7888544,
      "y" : 6.7777085,
      "z" : -3.3888543
    }, {
      "x" : -0.4472136,
      "y" : 5.1596746,
      "z" : -0.7708204
    } ],
    "faces" : [ {
      "vertices" : [ 0, 1, 2, 3, 4 ]
    }, {
      "vertices" : [ 0, 4, 3, 2, 1 ]
    } ]
  }, {
    "id" : "cc84e62a-4eda-46af-a5af-b7f1cbd24d4e",
    "vertices" : [ {
      "x" : 0.0,
      "y" : 0.0,
      "z" : 0.0
    }, {
      "x" : 4.512461,
      "y" : 0.7708204,
      "z" : 2.5416408
    }, {
      "x" : 6.854102,
      "y" : 4.959675,
      "z" : 0.4472136
    }, {
      "x" : 3.7888544,
      "y" : 6.7777085,
      "z" : -3.3888543
    }, {
      "x" : -0.4472136,
      "y" : 3.7124612,
      "z" : -3.6652477
    } ],
    "faces" : [ {
      "vertices" : [ 0, 1, 2, 3, 4 ]
    }, {
      "vertices" : [ 0, 4, 3, 2, 1 ]
    } ]
  }, {
    "id" : "c6b465c3-2f69-483b-a5b7-c58bcb8a774a",
    "vertices" : [ {
      "x" : 0.0,
      "y" : 0.0,
      "z" : 0.0
    }, {
      "x" : 3.0652475,
      "y" : 0.2763932,
      "z" : 4.236068
    }, {
      "x" : 0.14472136,
      "y" : -0.8813777,
      "z" : 8.424922
    }, {
      "x" : -4.7255106,
      "y" : -1.8733126,
      "z" : 6.7777085
    }, {
      "x" : -4.8149533,
      "y" : -1.3285912,
      "z" : 1.5708205
    } ],
    "faces" : [ {
      "vertices" : [ 0, 1, 2, 3, 4 ]
    }, {
      "vertices" : [ 0, 4, 3, 2, 1 ]
    } ]
  }, {
    "id" : "99f88524-0205-4343-955b-89338ced231e",
    "vertices" : [ {
      "x" : 0.0,
      "y" : 0.0,
      "z" : 0.0
    }, {
      "x" : 0.2763932,
      "y" : -0.84721357,
      "z" : 5.1596746
    }, {
      "x" : 0.7236068,
      "y" : -6.0068884,
      "z" : 5.9304953
    }, {
      "x" : 0.7236068,
      "y" : -8.348529,
      "z" : 1.2472136
    }, {
      "x" : 0.2763932,
      "y" : -4.636068,
      "z" : -2.418034
    } ],
    "faces" : [ {
      "vertices" : [ 0, 1, 2, 3, 4 ]
    }, {
      "vertices" : [ 0, 4, 3, 2, 1 ]
    } ]
  }, {
    "id" : "d2de825f-b3a8-478d-95f0-1e9452ff9e49",
    "vertices" : [ {
      "x" : 0.0,
      "y" : 0.0,
      "z" : 0.0
    }, {
      "x" : -3.0652475,
      "y" : -0.2763932,
      "z" : -4.236068
    }, {
      "x" : -7.880201,
      "y" : -1.6049845,
      "z" : -2.6652477
    }, {
      "x" : -7.790758,
      "y" : -2.149706,
      "z" : 2.5416408
    }, {
      "x" : -2.9205263,
      "y" : -1.1577709,
      "z" : 4.188854
    } ],
    "faces" : [ {
      "vertices" : [ 0, 1, 2, 3, 4 ]
    }, {
      "vertices" : [ 0, 4, 3, 2, 1 ]
    } ]
  }, {
    "id" : "23770ca6-1d86-4aa9-bc28-d03577f5d4ea",
    "vertices" : [ {
      "x" : 0.0,
      "y" : 0.0,
      "z" : 0.0
    }, {
      "x" : -0.2763932,
      "y" : 4.636068,
      "z" : 2.418034
    }, {
      "x" : 0.0,
      "y" : 3.7888544,
      "z" : 7.5777087
    }, {
      "x" : 0.4472136,
      "y" : -1.3708204,
      "z" : 8.348529
    }, {
      "x" : 0.4472136,
      "y" : -3.7124612,
      "z" : 3.6652477
    } ],
    "faces" : [ {
      "vertices" : [ 0, 1, 2, 3, 4 ]
    }, {
      "vertices" : [ 0, 4, 3, 2, 1 ]
    } ]
  }, {
    "id" : "ca2b2657-5473-4e6f-932b-eda8a40c59d4",
    "vertices" : [ {
      "x" : 0.0,
      "y" : 0.0,
      "z" : 0.0
    }, {
      "x" : 0.4472136,
      "y" : -3.7124612,
      "z" : 3.6652477
    }, {
      "x" : 0.4472136,
      "y" : -1.3708204,
      "z" : 8.348529
    }, {
      "x" : 0.0,
      "y" : 3.7888544,
      "z" : 7.5777087
    }, {
      "x" : -0.2763932,
      "y" : 4.636068,
      "z" : 2.418034
    } ],
    "faces" : [ {
      "vertices" : [ 0, 1, 2, 3, 4 ]
    }, {
      "vertices" : [ 0, 4, 3, 2, 1 ]
    } ]
  }, {
    "id" : "afbb0f94-053c-4ac4-8704-a44f998188e0",
    "vertices" : [ {
      "x" : 0.0,
      "y" : 0.0,
      "z" : 0.0
    }, {
      "x" : 4.188854,
      "y" : -2.094427,
      "z" : 2.3416407
    }, {
      "x" : 3.0863621,
      "y" : -7.088266,
      "z" : 3.4652476
    }, {
      "x" : -1.7838699,
      "y" : -8.080201,
      "z" : 1.8180339
    }, {
      "x" : -3.6913466,
      "y" : -3.6994116,
      "z" : -0.3236068
    } ],
    "faces" : [ {
      "vertices" : [ 0, 1, 2, 3, 4 ]
    }, {
      "vertices" : [ 0, 4, 3, 2, 1 ]
    } ]
  }, {
    "id" : "1bb9a367-a670-43c5-a3c4-fa2f1024d128",
    "vertices" : [ {
      "x" : 0.0,
      "y" : 0.0,
      "z" : 0.0
    }, {
      "x" : 3.0652475,
      "y" : -1.8180339,
      "z" : 3.836068
    }, {
      "x" : 7.301316,
      "y" : 1.2472136,
      "z" : 4.112461
    }, {
      "x" : 6.854102,
      "y" : 4.959675,
      "z" : 0.4472136
    }, {
      "x" : 2.3416407,
      "y" : 4.188854,
      "z" : -2.094427
    } ],
    "faces" : [ {
      "vertices" : [ 0, 1, 2, 3, 4 ]
    }, {
      "vertices" : [ 0, 4, 3, 2, 1 ]
    } ]
  }, {
    "id" : "6c45f381-42fe-4297-b4af-2375b6cd535e",
    "vertices" : [ {
      "x" : 0.0,
      "y" : 0.0,
      "z" : 0.0
    }, {
      "x" : -0.4472136,
      "y" : 3.7124612,
      "z" : -3.6652477
    }, {
      "x" : -0.7236068,
      "y" : 8.348529,
      "z" : -1.2472136
    }, {
      "x" : -0.4472136,
      "y" : 7.5013156,
      "z" : 3.9124613
    }, {
      "x" : 0.0,
      "y" : 2.3416407,
      "z" : 4.6832814
    } ],
    "faces" : [ {
      "vertices" : [ 0, 1, 2, 3, 4 ]
    }, {
      "vertices" : [ 0, 4, 3, 2, 1 ]
    } ]
  }, {
    "id" : "3fd4bd23-cb0c-4bbe-888e-96e139b27988",
    "vertices" : [ {
      "x" : 0.0,
      "y" : 0.0,
      "z" : 0.0
    }, {
      "x" : 2.618034,
      "y" : -4.236068,
      "z" : -1.618034
    }, {
      "x" : 2.618034,
      "y" : -4.236068,
      "z" : -6.854102
    }, {
      "x" : 0.0,
      "y" : 0.0,
      "z" : -8.472136
    }, {
      "x" : -1.618034,
      "y" : 2.618034,
      "z" : -4.236068
    } ],
    "faces" : [ {
      "vertices" : [ 0, 1, 2, 3, 4 ]
    }, {
      "vertices" : [ 0, 4, 3, 2, 1 ]
    } ]
  }, {
    "id" : "c0cf422b-4758-4dfc-8cac-7d20f57c800b",
    "vertices" : [ {
      "x" : 0.0,
      "y" : 0.0,
      "z" : 0.0
    }, {
      "x" : -3.6913466,
      "y" : -3.6994116,
      "z" : -0.3236068
    }, {
      "x" : -7.790758,
      "y" : -2.149706,
      "z" : 2.5416408
    }, {
      "x" : -6.6329875,
      "y" : 2.5074768,
      "z" : 4.636068
    }, {
      "x" : -1.8180339,
      "y" : 3.836068,
      "z" : 3.0652475
    } ],
    "faces" : [ {
      "vertices" : [ 0, 1, 2, 3, 4 ]
    }, {
      "vertices" : [ 0, 4, 3, 2, 1 ]
    } ]
  }, {
    "id" : "493f41b0-de82-4219-b92e-5f27b7ed0e0b",
    "vertices" : [ {
      "x" : 0.0,
      "y" : 0.0,
      "z" : 0.0
    }, {
      "x" : 1.618034,
      "y" : -2.618034,
      "z" : -4.236068
    }, {
      "x" : 0.0,
      "y" : 0.0,
      "z" : -8.472136
    }, {
      "x" : -2.618034,
      "y" : 4.236068,
      "z" : -6.854102
    }, {
      "x" : -2.618034,
      "y" : 4.236068,
      "z" : -1.618034
    } ],
    "faces" : [ {
      "vertices" : [ 0, 1, 2, 3, 4 ]
    }, {
      "vertices" : [ 0, 4, 3, 2, 1 ]
    } ]
  }, {
    "id" : "53085b52-97d8-46fd-b0d8-0a5b8f9017f5",
    "vertices" : [ {
      "x" : 0.0,
      "y" : 0.0,
      "z" : 0.0
    }, {
      "x" : 3.3416407,
      "y" : 3.0652475,
      "z" : 2.618034
    }, {
      "x" : 7.756594,
      "y" : 0.3577709,
      "z" : 3.3888543
    }, {
      "x" : 7.1435447,
      "y" : -4.3807893,
      "z" : 1.2472136
    }, {
      "x" : 2.349706,
      "y" : -4.601904,
      "z" : -0.84721357
    } ],
    "faces" : [ {
      "vertices" : [ 0, 1, 2, 3, 4 ]
    }, {
      "vertices" : [ 0, 4, 3, 2, 1 ]
    } ]
  }, {
    "id" : "289d6d3a-a1b2-4f39-b6b2-f9d4fa0e973a",
    "vertices" : [ {
      "x" : 0.0,
      "y" : 0.0,
      "z" : 0.0
    }, {
      "x" : 0.2763932,
      "y" : -4.636068,
      "z" : -2.418034
    }, {
      "x" : 0.0,
      "y" : -3.7888544,
      "z" : -7.5777087
    }, {
      "x" : -0.4472136,
      "y" : 1.3708204,
      "z" : -8.348529
    }, {
      "x" : -0.4472136,
      "y" : 3.7124612,
      "z" : -3.6652477
    } ],
    "faces" : [ {
      "vertices" : [ 0, 1, 2, 3, 4 ]
    }, {
      "vertices" : [ 0, 4, 3, 2, 1 ]
    } ]
  }, {
    "id" : "1da03be7-d85f-4aa5-baf2-b8705659d3de",
    "vertices" : [ {
      "x" : 0.0,
      "y" : 0.0,
      "z" : 0.0
    }, {
