{
  "field" : "golden",
  "symmetry" : "icosahedral",
  "orientations" : [ [ 1.0, 0.0, 0.0, 0.0, 0.0, 1.0, 0.0, 0.0, 0.0, 0.0, 1.0, 0.0, 0.0, 0.0, 0.0, 1.0 ], [ 0.0, 0.0, 1.0, 0.0, 1.0, 0.0, 0.0, 0.0, 0.0, 1.0, 0.0, 0.0, 0.0, 0.0, 0.0, 1.0 ], [ 0.0, 1.0, 0.0, 0.0, 0.0, 0.0, 1.0, 0.0, 1.0, 0.0, 0.0, 0.0, 0.0, 0.0, 0.0, 1.0 ], [ 0.809017, 0.309017, 0.5, 0.0, 0.309017, 0.5, -0.809017, 0.0, -0.5, 0.809017, 0.309017, 0.0, 0.0, 0.0, 0.0, 1.0 ], [ -0.5, 0.809017, 0.309017, 0.0, 0.809017, 0.309017, 0.5, 0.0, 0.309017, 0.5, -0.809017, 0.0, 0.0, 0.0, 0.0, 1.0 ], [ 0.309017, 0.5, -0.809017, 0.0, -0.5, 0.809017, 0.309017, 0.0, 0.809017, 0.309017, 0.5, 0.0, 0.0, 0.0, 0.0, 1.0 ], [ 0.5, 0.809017, 0.309017, 0.0, 0.809017, -0.309017, -0.5, 0.0, -0.309017, 0.5, -0.809017, 0.0, 0.0, 0.0, 0.0, 1.0 ], [ -0.309017, 0.5, -0.809017, 0.0, 0.5, 0.809017, 0.309017, 0.0, 0.809017, -0.309017, -0.5, 0.0, 0.0, 0.0, 0.0, 1.0 ], [ 0.809017, -0.309017, -0.5, 0.0, -0.309017, 0.5, -0.809017, 0.0, 0.5, 0.809017, 0.309017, 0.0, 0.0, 0.0, 0.0, 1.0 ], [ 0.5, 0.809017, -0.309017, 0.0, 0.809017, -0.309017, 0.5, 0.0, 0.309017, -0.5, -0.809017, 0.0, 0.0, 0.0, 0.0, 1.0 ], [ 0.309017, -0.5, -0.809017, 0.0, 0.5, 0.809017, -0.309017, 0.0, 0.809017, -0.309017, 0.5, 0.0, 0.0, 0.0, 0.0, 1.0 ], [ 0.809017, -0.309017, 0.5, 0.0, 0.309017, -0.5, -0.809017, 0.0, 0.5, 0.809017, -0.309017, 0.0, 0.0, 0.0, 0.0, 1.0 ], [ 0.809017, 0.309017, -0.5, 0.0, 0.309017, 0.5, 0.809017, 0.0, 0.5, -0.809017, 0.309017, 0.0, 0.0, 0.0, 0.0, 1.0 ], [ 0.5, -0.809017, 0.309017, 0.0, 0.809017, 0.309017, -0.5, 0.0, 0.309017, 0.5, 0.809017, 0.0, 0.0, 0.0, 0.0, 1.0 ], [ 0.309017, 0.5, 0.809017, 0.0, 0.5, -0.809017, 0.309017, 0.0, 0.809017, 0.309017, -0.5, 0.0, 0.0, 0.0, 0.0, 1.0 ], [ 1.0, 0.0, 0.0, 0.0, 0.0, -1.0, 0.0, 0.0, 0.0, 0.0, -1.0, 0.0, 0.0, 0.0, 0.0, 1.0 ], [ 0.0, 0.0, 1.0, 0.0, -1.0, 0.0, 0.0, 0.0, 0.0, -1.0, 0.0, 0.0, 0.0, 0.0, 0.0, 1.0 ], [ 0.0, 1.0, 0.0, 0.0, 0.0, 0.0, -1.0, 0.0, -1.0, 0.0, 0.0, 0.0, 0.0, 0.0, 0.0, 1.0 ], [ 0.809017, 0.309017, 0.5, 0.0, -0.309017, -0.5, 0.809017, 0.0, 0.5, -0.809017, -0.309017, 0.0, 0.0, 0.0, 0.0, 1.0 ], [ -0.5, 0.809017, 0.309017, 0.0, -0.809017, -0.309017, -0.5, 0.0, -0.309017, -0.5, 0.809017, 0.0, 0.0, 0.0, 0.0, 1.0 ], [ 0.309017, 0.5, -0.809017, 0.0, 0.5, -0.809017, -0.309017, 0.0, -0.809017, -0.309017, -0.5, 0.0, 0.0, 0.0, 0.0, 1.0 ], [ 0.5, 0.809017, 0.309017, 0.0, -0.809017, 0.309017, 0.5, 0.0, 0.309017, -0.5, 0.809017, 0.0, 0.0, 0.0, 0.0, 1.0 ], [ -0.309017, 0.5, -0.809017, 0.0, -0.5, -0.809017, -0.309017, 0.0, -0.809017, 0.309017, 0.5, 0.0, 0.0, 0.0, 0.0, 1.0 ], [ 0.809017, -0.309017, -0.5, 0.0, 0.309017, -0.5, 0.809017, 0.0, -0.5, -0.809017, -0.309017, 0.0, 0.0, 0.0, 0.0, 1.0 ], [ 0.5, 0.809017, -0.309017, 0.0, -0.809017, 0.309017, -0.5, 0.0, -0.309017, 0.5, 0.809017, 0.0, 0.0, 0.0, 0.0, 1.0 ], [ 0.309017, -0.5, -0.809017, 0.0, -0.5, -0.809017, 0.309017, 0.0, -0.809017, 0.309017, -0.5, 0.0, 0.0, 0.0, 0.0, 1.0 ], [ 0.809017, -0.309017, 0.5, 0.0, -0.309017, 0.5, 0.809017, 0.0, -0.5, -0.809017, 0.309017, 0.0, 0.0, 0.0, 0.0, 1.0 ], [ 0.809017, 0.309017, -0.5, 0.0, -0.309017, -0.5, -0.809017, 0.0, -0.5, 0.809017, -0.309017, 0.0, 0.0, 0.0, 0.0, 1.0 ], [ 0.5, -0.809017, 0.309017, 0.0, -0.809017, -0.309017, 0.5, 0.0, -0.309017, -0.5, -0.809017, 0.0, 0.0, 0.0, 0.0, 1.0 ], [ 0.309017, 0.5, 0.809017, 0.0, -0.5, 0.809017, -0.309017, 0.0, -0.809017, -0.309017, 0.5, 0.0, 0.0, 0.0, 0.0, 1.0 ], [ -1.0, 0.0, 0.0, 0.0, 0.0, -1.0, 0.0, 0.0, 0.0, 0.0, 1.0, 0.0, 0.0, 0.0, 0.0, 1.0 ], [ 0.0, 0.0, -1.0, 0.0, -1.0, 0.0, 0.0, 0.0, 0.0, 1.0, 0.0, 0.0, 0.0, 0.0, 0.0, 1.0 ], [ 0.0, -1.0, 0.0, 0.0, 0.0, 0.0, -1.0, 0.0, 1.0, 0.0, 0.0, 0.0, 0.0, 0.0, 0.0, 1.0 ], [ -0.809017, -0.309017, -0.5, 0.0, -0.309017, -0.5, 0.809017, 0.0, -0.5, 0.809017, 0.309017, 0.0, 0.0, 0.0, 0.0, 1.0 ], [ 0.5, -0.809017, -0.309017, 0.0, -0.809017, -0.309017, -0.5, 0.0, 0.309017, 0.5, -0.809017, 0.0, 0.0, 0.0, 0.0, 1.0 ], [ -0.309017, -0.5, 0.809017, 0.0, 0.5, -0.809017, -0.309017, 0.0, 0.809017, 0.309017, 0.5, 0.0, 0.0, 0.0, 0.0, 1.0 ], [ -0.5, -0.809017, -0.309017, 0.0, -0.809017, 0.309017, 0.5, 0.0, -0.309017, 0.5, -0.809017, 0.0, 0.0, 0.0, 0.0, 1.0 ], [ 0.309017, -0.5, 0.809017, 0.0, -0.5, -0.809017, -0.309017, 0.0, 0.809017, -0.309017, -0.5, 0.0, 0.0, 0.0, 0.0, 1.0 ], [ -0.809017, 0.309017, 0.5, 0.0, 0.309017, -0.5, 0.809017, 0.0, 0.5, 0.809017, 0.309017, 0.0, 0.0, 0.0, 0.0, 1.0 ], [ -0.5, -0.809017, 0.309017, 0.0, -0.809017, 0.309017, -0.5, 0.0, 0.309017, -0.5, -0.809017, 0.0, 0.0, 0.0, 0.0, 1.0 ], [ -0.309017, 0.5, 0.809017, 0.0, -0.5, -0.809017, 0.309017, 0.0, 0.809017, -0.309017, 0.5, 0.0, 0.0, 0.0, 0.0, 1.0 ], [ -0.809017, 0.309017, -0.5, 0.0, -0.309017, 0.5, 0.809017, 0.0, 0.5, 0.809017, -0.309017, 0.0, 0.0, 0.0, 0.0, 1.0 ], [ -0.809017, -0.309017, 0.5, 0.0, -0.309017, -0.5, -0.809017, 0.0, 0.5, -0.809017, 0.309017, 0.0, 0.0, 0.0, 0.0, 1.0 ], [ -0.5, 0.809017, -0.309017, 0.0, -0.809017, -0.309017, 0.5, 0.0, 0.309017, 0.5, 0.809017, 0.0, 0.0, 0.0, 0.0, 1.0 ], [ -0.309017, -0.5, -0.809017, 0.0, -0.5, 0.809017, -0.309017, 0.0, 0.809017, 0.309017, -0.5, 0.0, 0.0, 0.0, 0.0, 1.0 ], [ -1.0, 0.0, 0.0, 0.0, 0.0, 1.0, 0.0, 0.0, 0.0, 0.0, -1.0, 0.0, 0.0, 0.0, 0.0, 1.0 ], [ 0.0, 0.0, -1.0, 0.0, 1.0, 0.0, 0.0, 0.0, 0.0, -1.0, 0.0, 0.0, 0.0, 0.0, 0.0, 1.0 ], [ 0.0, -1.0, 0.0, 0.0, 0.0, 0.0, 1.0, 0.0, -1.0, 0.0, 0.0, 0.0, 0.0, 0.0, 0.0, 1.0 ], [ -0.809017, -0.309017, -0.5, 0.0, 0.309017, 0.5, -0.809017, 0.0, 0.5, -0.809017, -0.309017, 0.0, 0.0, 0.0, 0.0, 1.0 ], [ 0.5, -0.809017, -0.309017, 0.0, 0.809017, 0.309017, 0.5, 0.0, -0.309017, -0.5, 0.809017, 0.0, 0.0, 0.0, 0.0, 1.0 ], [ -0.309017, -0.5, 0.809017, 0.0, -0.5, 0.809017, 0.309017, 0.0, -0.809017, -0.309017, -0.5, 0.0, 0.0, 0.0, 0.0, 1.0 ], [ -0.5, -0.809017, -0.309017, 0.0, 0.809017, -0.309017, -0.5, 0.0, 0.309017, -0.5, 0.809017, 0.0, 0.0, 0.0, 0.0, 1.0 ], [ 0.309017, -0.5, 0.809017, 0.0, 0.5, 0.809017, 0.309017, 0.0, -0.809017, 0.309017, 0.5, 0.0, 0.0, 0.0, 0.0, 1.0 ], [ -0.809017, 0.309017, 0.5, 0.0, -0.309017, 0.5, -0.809017, 0.0, -0.5, -0.809017, -0.309017, 0.0, 0.0, 0.0, 0.0, 1.0 ], [ -0.5, -0.809017, 0.309017, 0.0, 0.809017, -0.309017, 0.5, 0.0, -0.309017, 0.5, 0.809017, 0.0, 0.0, 0.0, 0.0, 1.0 ], [ -0.309017, 0.5, 0.809017, 0.0, 0.5, 0.809017, -0.309017, 0.0, -0.809017, 0.309017, -0.5, 0.0, 0.0, 0.0, 0.0, 1.0 ], [ -0.809017, 0.309017, -0.5, 0.0, 0.309017, -0.5, -0.809017, 0.0, -0.5, -0.809017, 0.309017, 0.0, 0.0, 0.0, 0.0, 1.0 ], [ -0.809017, -0.309017, 0.5, 0.0, 0.309017, 0.5, 0.809017, 0.0, -0.5, 0.809017, -0.309017, 0.0, 0.0, 0.0, 0.0, 1.0 ], [ -0.5, 0.809017, -0.309017, 0.0, 0.809017, 0.309017, -0.5, 0.0, -0.309017, -0.5, -0.809017, 0.0, 0.0, 0.0, 0.0, 1.0 ], [ -0.309017, -0.5, -0.809017, 0.0, 0.5, -0.809017, 0.309017, 0.0, -0.809017, -0.309017, 0.5, 0.0, 0.0, 0.0, 0.0, 1.0 ] ],
  "lights" : {
    "directionalLights" : [ {
      "direction" : {
        "x" : 1.0,
        "y" : -1.0,
        "z" : -1.0
      },
      "color" : "#EBEBE4"
    }, {
      "direction" : {
        "x" : -1.0,
        "y" : 0.0,
        "z" : 0.0
      },
      "color" : "#E4E4EB"
    }, {
      "direction" : {
        "x" : 0.0,
        "y" : 0.0,
        "z" : -1.0
      },
      "color" : "#1E1E1E"
    } ],
    "backgroundColor" : "#AFC8DC",
    "ambientColor" : "#292929"
  },
  "camera" : {
    "position" : {
      "x" : -85.22941,
      "y" : -4.795116,
      "z" : -178.78868
    },
    "width" : 89.154526,
    "farClipDistance" : 396.24194,
    "nearClipDistance" : 0.49530336,
    "viewDistance" : 198.1213,
    "perspective" : true,
    "fieldOfView" : 0.4426286,
    "lookAtPoint" : {
      "x" : 0.0,
      "y" : 0.0,
      "z" : 0.0
    },
    "upDirection" : {
      "x" : -0.6847358,
      "y" : -0.642673,
      "z" : 0.3436552
    },
    "stereo" : false,
    "lookDirection" : {
      "x" : 0.430188,
      "y" : 0.02420293,
      "z" : 0.9024203
    }
  },
  "embedding" : [ 1.0, 0.0, 0.0, 0.0, 0.0, 1.0, 0.0, 0.0, 0.0, 0.0, 1.0, 0.0, 0.0, 0.0, 0.0, 1.0 ],
  "shapes" : [ {
    "id" : "82d902ee-44e9-4765-b5df-5b1dfa534ee4",
    "vertices" : [ {
      "x" : 11.09017,
      "y" : 4.236068,
      "z" : -20.562305
    }, {
      "x" : -15.326238,
      "y" : -2.618034,
      "z" : -17.944271
    }, {
      "x" : -17.944271,
      "y" : 15.326238,
      "z" : 2.618034
    }, {
      "x" : 8.472136,
      "y" : 22.18034,
      "z" : 0.0
    } ],
    "faces" : [ {
      "vertices" : [ 0, 1, 2 ]
    }, {
      "vertices" : [ 0, 2, 3 ]
    }, {
      "vertices" : [ 0, 3, 2 ]
    }, {
      "vertices" : [ 0, 2, 1 ]
    } ]
  }, {
    "id" : "ea78518f-ad8e-4d5f-913e-9fcfd5312065",
    "vertices" : [ {
      "x" : -2.618034,
      "y" : 17.944271,
      "z" : 15.326238
    }, {
      "x" : 4.236068,
      "y" : 20.562305,
      "z" : -11.09017
    }, {
      "x" : -15.326238,
      "y" : 2.618034,
      "z" : -17.944271
    }, {
      "x" : -22.18034,
      "y" : 0.0,
      "z" : 8.472136
    } ],
    "faces" : [ {
      "vertices" : [ 0, 1, 2 ]
    }, {
      "vertices" : [ 0, 2, 3 ]
    }, {
      "vertices" : [ 0, 3, 2 ]
    }, {
      "vertices" : [ 0, 2, 1 ]
    } ]
  }, {
    "id" : "ffdc1e42-ef46-4a5b-8bc1-1a370ee80bdc",
    "vertices" : [ {
      "x" : -2.618034,
      "y" : 17.944271,
      "z" : 15.326238
    }, {
      "x" : 15.326238,
      "y" : -2.618034,
      "z" : 17.944271
    }, {
      "x" : 22.18034,
      "y" : 0.0,
      "z" : -8.472136
    }, {
      "x" : 4.236068,
      "y" : 20.562305,
      "z" : -11.09017
    } ],
    "faces" : [ {
      "vertices" : [ 0, 1, 2 ]
    }, {
      "vertices" : [ 0, 2, 3 ]
    }, {
      "vertices" : [ 0, 3, 2 ]
    }, {
      "vertices" : [ 0, 2, 1 ]
    } ]
  }, {
    "id" : "21c42c90-3426-4e2d-9171-53784feff212",
    "vertices" : [ {
      "x" : -11.09017,
      "y" : -4.236068,
      "z" : -20.562305
    }, {
      "x" : -20.562305,
      "y" : -11.09017,
      "z" : 4.236068
    }, {
      "x" : -13.708204,
      "y" : 13.708204,
      "z" : 13.708204
    }, {
      "x" : -4.236068,
      "y" : 20.562305,
      "z" : -11.09017
    } ],
    "faces" : [ {
      "vertices" : [ 0, 1, 2 ]
    }, {
      "vertices" : [ 0, 2, 3 ]
    }, {
      "vertices" : [ 0, 3, 2 ]
    }, {
      "vertices" : [ 0, 2, 1 ]
    } ]
  }, {
    "id" : "ff31f72b-5e56-4988-89de-ae7fd9916eb9",
    "vertices" : [ {
      "x" : 15.326238,
      "y" : 2.618034,
      "z" : -17.944271
    }, {
      "x" : -11.09017,
      "y" : -4.236068,
      "z" : -20.562305
    }, {
      "x" : -17.944271,
      "y" : 15.326238,
      "z" : -2.618034
    }, {
      "x" : 8.472136,
      "y" : 22.18034,
      "z" : 0.0
    } ],
    "faces" : [ {
      "vertices" : [ 0, 1, 2 ]
    }, {
      "vertices" : [ 0, 2, 3 ]
    }, {
      "vertices" : [ 0, 3, 2 ]
    }, {
      "vertices" : [ 0, 2, 1 ]
    } ]
  }, {
    "id" : "faf7833b-ce57-4334-96ff-2918f6d51318",
    "vertices" : [ {
      "x" : 0.309017,
      "y" : -0.309017,
      "z" : -0.309017
    }, {
      "x" : 0.5,
      "y" : 0.0,
      "z" : -0.19098301
    }, {
      "x" : 0.5,
      "y" : 0.0,
      "z" : 0.19098301
    }, {
      "x" : 0.309017,
      "y" : -0.309017,
      "z" : 0.309017
    }, {
      "x" : 0.19098301,
      "y" : -0.5,
      "z" : 0.0
    }, {
      "x" : 0.0,
      "y" : 0.19098301,
      "z" : 0.5
    }, {
      "x" : 0.0,
      "y" : -0.19098301,
      "z" : 0.5
    }, {
      "x" : 0.309017,
      "y" : 0.309017,
      "z" : 0.309017
    }, {
      "x" : -0.309017,
      "y" : -0.309017,
      "z" : 0.309017
    }, {
      "x" : -0.309017,
      "y" : 0.309017,
      "z" : 0.309017
    }, {
      "x" : -0.5,
      "y" : 0.0,
      "z" : 0.19098301
    }, {
      "x" : 0.0,
      "y" : -0.19098301,
      "z" : -0.5
    }, {
      "x" : 0.0,
      "y" : 0.19098301,
      "z" : -0.5
    }, {
      "x" : 0.309017,
      "y" : 0.309017,
      "z" : -0.309017
    }, {
      "x" : -0.309017,
      "y" : -0.309017,
      "z" : -0.309017
    }, {
      "x" : -0.19098301,
      "y" : -0.5,
      "z" : 0.0
    }, {
      "x" : -0.5,
      "y" : 0.0,
      "z" : -0.19098301
    }, {
      "x" : 0.19098301,
      "y" : 0.5,
      "z" : 0.0
    }, {
      "x" : -0.309017,
      "y" : 0.309017,
      "z" : -0.309017
    }, {
      "x" : 0.0,
      "y" : 0.0,
      "z" : 0.0
    }, {
      "x" : -0.19098301,
      "y" : 0.5,
      "z" : 0.0
    } ],
    "faces" : [ {
      "vertices" : [ 12, 18, 20 ]
    }, {
      "vertices" : [ 12, 20, 17 ]
    }, {
      "vertices" : [ 12, 17, 13 ]
    }, {
      "vertices" : [ 3, 6, 8 ]
    }, {
      "vertices" : [ 3, 8, 15 ]
    }, {
      "vertices" : [ 3, 15, 4 ]
    }, {
      "vertices" : [ 0, 11, 12 ]
    }, {
      "vertices" : [ 0, 12, 13 ]
    }, {
      "vertices" : [ 0, 13, 1 ]
    }, {
      "vertices" : [ 5, 9, 10 ]
    }, {
      "vertices" : [ 5, 10, 8 ]
    }, {
      "vertices" : [ 5, 8, 6 ]
    }, {
      "vertices" : [ 2, 7, 5 ]
    }, {
      "vertices" : [ 2, 5, 6 ]
    }, {
      "vertices" : [ 2, 6, 3 ]
    }, {
      "vertices" : [ 11, 14, 16 ]
    }, {
      "vertices" : [ 11, 16, 18 ]
    }, {
      "vertices" : [ 11, 18, 12 ]
    }, {
      "vertices" : [ 1, 13, 17 ]
    }, {
      "vertices" : [ 1, 17, 7 ]
    }, {
      "vertices" : [ 1, 7, 2 ]
    }, {
      "vertices" : [ 9, 20, 18 ]
    }, {
      "vertices" : [ 9, 18, 16 ]
    }, {
      "vertices" : [ 9, 16, 10 ]
    }, {
      "vertices" : [ 0, 1, 2 ]
    }, {
      "vertices" : [ 0, 2, 3 ]
    }, {
      "vertices" : [ 0, 3, 4 ]
    }, {
      "vertices" : [ 5, 7, 17 ]
    }, {
      "vertices" : [ 5, 17, 20 ]
    }, {
      "vertices" : [ 5, 20, 9 ]
    }, {
      "vertices" : [ 0, 4, 15 ]
    }, {
      "vertices" : [ 0, 15, 14 ]
    }, {
      "vertices" : [ 0, 14, 11 ]
    }, {
      "vertices" : [ 8, 10, 16 ]
    }, {
      "vertices" : [ 8, 16, 14 ]
    }, {
      "vertices" : [ 8, 14, 15 ]
    } ]
  }, {
    "id" : "25e1acdf-27af-4b9f-b211-3aa151a301f4",
    "vertices" : [ {
      "x" : 0.0,
      "y" : 22.18034,
      "z" : 8.472136
    }, {
      "x" : 8.472136,
      "y" : 0.0,
      "z" : 22.18034
    }, {
      "x" : 22.18034,
      "y" : -8.472136,
      "z" : 0.0
    }, {
      "x" : 13.708204,
      "y" : 13.708204,
      "z" : -13.708204
    } ],
    "faces" : [ {
      "vertices" : [ 0, 1, 2 ]
    }, {
      "vertices" : [ 0, 2, 3 ]
    }, {
      "vertices" : [ 0, 3, 2 ]
    }, {
      "vertices" : [ 0, 2, 1 ]
    } ]
  }, {
    "id" : "bde06f98-5227-4a02-bbbe-e67dc4217953",
    "vertices" : [ {
      "x" : -15.326238,
      "y" : 2.618034,
      "z" : -17.944271
    }, {
      "x" : 2.618034,
      "y" : -17.944271,
      "z" : -15.326238
    }, {
      "x" : -4.236068,
      "y" : -20.562305,
      "z" : 11.09017
    }, {
      "x" : -22.18034,
      "y" : 0.0,
      "z" : 8.472136
    } ],
    "faces" : [ {
      "vertices" : [ 0, 1, 2 ]
    }, {
      "vertices" : [ 0, 2, 3 ]
    }, {
      "vertices" : [ 0, 3, 2 ]
    }, {
      "vertices" : [ 0, 2, 1 ]
    } ]
  }, {
    "id" : "e9c4440b-e1ef-4e76-8932-8357fc0bbe4b",
    "vertices" : [ {
      "x" : 4.236068,
      "y" : 20.562305,
      "z" : -11.09017
    }, {
      "x" : 11.09017,
      "y" : -4.236068,
      "z" : -20.562305
    }, {
      "x" : -13.708204,
      "y" : -13.708204,
      "z" : -13.708204
    }, {
      "x" : -20.562305,
      "y" : 11.09017,
      "z" : -4.236068
    } ],
    "faces" : [ {
      "vertices" : [ 0, 1, 2 ]
    }, {
      "vertices" : [ 0, 2, 3 ]
    }, {
      "vertices" : [ 0, 3, 2 ]
    }, {
      "vertices" : [ 0, 2, 1 ]
    } ]
  }, {
    "id" : "ffc4e94f-4b6b-4172-95ac-7d4dea7f9de6",
    "vertices" : [ {
      "x" : -17.944271,
      "y" : 15.326238,
      "z" : 2.618034
    }, {
      "x" : 2.618034,
      "y" : 17.944271,
      "z" : -15.326238
    }, {
      "x" : 0.0,
      "y" : -8.472136,
      "z" : -22.18034
    }, {
      "x" : -20.562305,
      "y" : -11.09017,
      "z" : -4.236068
    } ],
    "faces" : [ {
      "vertices" : [ 0, 1, 2 ]
    }, {
      "vertices" : [ 0, 2, 3 ]
    }, {
      "vertices" : [ 0, 3, 2 ]
    }, {
      "vertices" : [ 0, 2, 1 ]
    } ]
  }, {
    "id" : "96760d72-200f-4889-b44d-1831711cc478",
    "vertices" : [ {
      "x" : -4.236068,
      "y" : -20.562305,
      "z" : 11.09017
    }, {
      "x" : 2.618034,
      "y" : -17.944271,
      "z" : -15.326238
    }, {
      "x" : 22.18034,
      "y" : 0.0,
      "z" : -8.472136
    }, {
      "x" : 15.326238,
      "y" : -2.618034,
      "z" : 17.944271
    } ],
    "faces" : [ {
      "vertices" : [ 0, 1, 2 ]
    }, {
      "vertices" : [ 0, 2, 3 ]
    }, {
      "vertices" : [ 0, 3, 2 ]
    }, {
      "vertices" : [ 0, 2, 1 ]
    } ]
  }, {
    "id" : "f7d77899-a5a8-42ff-8839-da504255036a",
    "vertices" : [ {
      "x" : -17.944271,
      "y" : -15.326238,
      "z" : -2.618034
    }, {
      "x" : -20.562305,
      "y" : 11.09017,
      "z" : 4.236068
    }, {
      "x" : -2.618034,
      "y" : 17.944271,
      "z" : -15.326238
    }, {
      "x" : 0.0,
      "y" : -8.472136,
      "z" : -22.18034
    } ],
    "faces" : [ {
      "vertices" : [ 0, 1, 2 ]
    }, {
      "vertices" : [ 0, 2, 3 ]
    }, {
      "vertices" : [ 0, 3, 2 ]
    }, {
      "vertices" : [ 0, 2, 1 ]
    } ]
  }, {
    "id" : "349d163a-722e-4bee-8aae-f95f36efc3b8",
    "vertices" : [ {
      "x" : -20.562305,
      "y" : -11.09017,
      "z" : -4.236068
    }, {
      "x" : 4.236068,
      "y" : -20.562305,
      "z" : -11.09017
    }, {
      "x" : 13.708204,
      "y" : -13.708204,
      "z" : 13.708204
    }, {
      "x" : -11.09017,
      "y" : -4.236068,
      "z" : 20.562305
    } ],
    "faces" : [ {
      "vertices" : [ 0, 1, 2 ]
    }, {
      "vertices" : [ 0, 2, 3 ]
    }, {
      "vertices" : [ 0, 3, 2 ]
    }, {
      "vertices" : [ 0, 2, 1 ]
    } ]
  }, {
    "id" : "6f44758b-efdd-40c1-8e08-261bd7253a2a",
    "vertices" : [ {
      "x" : -2.618034,
      "y" : -17.944271,
      "z" : -15.326238
    }, {
      "x" : 4.236068,
      "y" : -20.562305,
      "z" : 11.09017
    }, {
      "x" : -15.326238,
      "y" : -2.618034,
      "z" : 17.944271
    }, {
      "x" : -22.18034,
      "y" : 0.0,
      "z" : -8.472136
    } ],
    "faces" : [ {
      "vertices" : [ 0, 1, 2 ]
    }, {
      "vertices" : [ 0, 2, 3 ]
    }, {
      "vertices" : [ 0, 3, 2 ]
    }, {
      "vertices" : [ 0, 2, 1 ]
    } ]
  }, {
    "id" : "c25391fc-feea-4755-855c-3d5b2319ae63",
    "vertices" : [ {
      "x" : -22.18034,
      "y" : -8.472136,
      "z" : 0.0
    }, {
      "x" : -8.472136,
      "y" : 0.0,
      "z" : -22.18034
    }, {
      "x" : 13.708204,
      "y" : -13.708204,
      "z" : -13.708204
    }, {
      "x" : 0.0,
      "y" : -22.18034,
      "z" : 8.472136
    } ],
    "faces" : [ {
      "vertices" : [ 0, 1, 2 ]
    }, {
      "vertices" : [ 0, 2, 3 ]
    }, {
      "vertices" : [ 0, 3, 2 ]
    }, {
      "vertices" : [ 0, 2, 1 ]
    } ]
  }, {
    "id" : "decbf156-dd6e-4b70-99c7-e9612e57026c",
    "vertices" : [ {
      "x" : 17.944271,
      "y" : 15.326238,
      "z" : 2.618034
    }, {
      "x" : 15.326238,
      "y" : -2.618034,
      "z" : -17.944271
    }, {
      "x" : -11.09017,
      "y" : 4.236068,
      "z" : -20.562305
    }, {
      "x" : -8.472136,
      "y" : 22.18034,
      "z" : 0.0
    } ],
    "faces" : [ {
      "vertices" : [ 0, 1, 2 ]
    }, {
      "vertices" : [ 0, 2, 3 ]
    }, {
      "vertices" : [ 0, 3, 2 ]
    }, {
      "vertices" : [ 0, 2, 1 ]
    } ]
  }, {
    "id" : "5c3dadc2-da47-44ee-82e5-8d6b965fcc34",
    "vertices" : [ {
      "x" : -11.09017,
      "y" : -4.236068,
      "z" : -20.562305
    }, {
      "x" : -4.236068,
      "y" : 20.562305,
      "z" : -11.09017
    }, {
      "x" : 20.562305,
      "y" : 11.09017,
      "z" : -4.236068
    }, {
      "x" : 13.708204,
      "y" : -13.708204,
      "z" : -13.708204
    } ],
    "faces" : [ {
      "vertices" : [ 0, 1, 2 ]
    }, {
      "vertices" : [ 0, 2, 3 ]
    }, {
      "vertices" : [ 0, 3, 2 ]
    }, {
      "vertices" : [ 0, 2, 1 ]
    } ]
  }, {
    "id" : "6419c35e-0a57-4fd3-afd1-986a7a275f5a",
    "vertices" : [ {
      "x" : -4.236068,
      "y" : -20.562305,
      "z" : -11.09017
    }, {
      "x" : -11.09017,
      "y" : 4.236068,
      "z" : -20.562305
    }, {
      "x" : 13.708204,
      "y" : 13.708204,
      "z" : -13.708204
    }, {
      "x" : 20.562305,
      "y" : -11.09017,
      "z" : -4.236068
    } ],
    "faces" : [ {
      "vertices" : [ 0, 1, 2 ]
    }, {
      "vertices" : [ 0, 2, 3 ]
    }, {
      "vertices" : [ 0, 3, 2 ]
    }, {
      "vertices" : [ 0, 2, 1 ]
    } ]
  }, {
    "id" : "619579bb-3685-47f3-8c83-a4cf06ac962d",
    "vertices" : [ {
      "x" : 4.236068,
      "y" : 20.562305,
      "z" : 11.09017
    }, {
      "x" : -2.618034,
      "y" : 17.944271,
      "z" : -15.326238
    }, {
      "x" : -22.18034,
      "y" : 0.0,
      "z" : -8.472136
    }, {
      "x" : -15.326238,
      "y" : 2.618034,
      "z" : 17.944271
    } ],
    "faces" : [ {
      "vertices" : [ 0, 1, 2 ]
    }, {
      "vertices" : [ 0, 2, 3 ]
    }, {
      "vertices" : [ 0, 3, 2 ]
    }, {
      "vertices" : [ 0, 2, 1 ]
    } ]
  }, {
    "id" : "f9046996-a5a6-4877-afe2-6a4f6a09fc55",
    "vertices" : [ {
      "x" : 0.0,
      "y" : 22.18034,
      "z" : -8.472136
    }, {
      "x" : -8.472136,
      "y" : 0.0,
      "z" : -22.18034
    }, {
      "x" : -22.18034,
      "y" : -8.472136,
      "z" : 0.0
    }, {
      "x" : -13.708204,
      "y" : 13.708204,
      "z" : 13.708204
    } ],
    "faces" : [ {
      "vertices" : [ 0, 1, 2 ]
    }, {
      "vertices" : [ 0, 2, 3 ]
    }, {
      "vertices" : [ 0, 3, 2 ]
    }, {
      "vertices" : [ 0, 2, 1 ]
    } ]
  }, {
    "id" : "2b83b4a8-c86a-4311-9b6c-836e1b7714e7",
    "vertices" : [ {
      "x" : 11.09017,
      "y" : -4.236068,
      "z" : 20.562305
    }, {
      "x" : 4.236068,
      "y" : 20.562305,
      "z" : 11.09017
    }, {
      "x" : -20.562305,
      "y" : 11.09017,
      "z" : 4.236068
    }, {
      "x" : -13.708204,
      "y" : -13.708204,
      "z" : 13.708204
    } ],
    "faces" : [ {
      "vertices" : [ 0, 1, 2 ]
    }, {
      "vertices" : [ 0, 2, 3 ]
    }, {
      "vertices" : [ 0, 3, 2 ]
    }, {
      "vertices" : [ 0, 2, 1 ]
    } ]
  }, {
    "id" : "6806465a-3f8e-4aad-b1f4-029a1b29cd52",
    "vertices" : [ {
      "x" : -8.472136,
      "y" : 0.0,
      "z" : -22.18034
    }, {
      "x" : -22.18034,
      "y" : 8.472136,
      "z" : 0.0
    }, {
      "x" : 0.0,
      "y" : 22.18034,
      "z" : 8.472136
    }, {
      "x" : 13.708204,
      "y" : 13.708204,
      "z" : -13.708204
    } ],
    "faces" : [ {
      "vertices" : [ 0, 1, 2 ]
    }, {
      "vertices" : [ 0, 2, 3 ]
    }, {
      "vertices" : [ 0, 3, 2 ]
    }, {
      "vertices" : [ 0, 2, 1 ]
    } ]
  }, {
    "id" : "0a93a818-0a93-44d1-9269-74594e5d0b0e",
    "vertices" : [ {
      "x" : 22.18034,
      "y" : -8.472136,
      "z" : 0.0
    }, {
      "x" : 0.0,
      "y" : -22.18034,
      "z" : -8.472136
    }, {
      "x" : -8.472136,
      "y" : 0.0,
      "z" : -22.18034
    }, {
      "x" : 13.708204,
      "y" : 13.708204,
      "z" : -13.708204
    } ],
    "faces" : [ {
      "vertices" : [ 0, 1, 2 ]
    }, {
      "vertices" : [ 0, 2, 3 ]
    }, {
      "vertices" : [ 0, 3, 2 ]
    }, {
      "vertices" : [ 0, 2, 1 ]
    } ]
  }, {
    "id" : "6a8663b1-cd00-4f85-8ba0-23ffedceae62",
    "vertices" : [ {
      "x" : 11.09017,
      "y" : -4.236068,
      "z" : 20.562305
    }, {
      "x" : 20.562305,
      "y" : -11.09017,
      "z" : -4.236068
    }, {
      "x" : 13.708204,
      "y" : 13.708204,
      "z" : -13.708204
    }, {
      "x" : 4.236068,
      "y" : 20.562305,
      "z" : 11.09017
    } ],
    "faces" : [ {
      "vertices" : [ 0, 1, 2 ]
    }, {
      "vertices" : [ 0, 2, 3 ]
    }, {
      "vertices" : [ 0, 3, 2 ]
    }, {
      "vertices" : [ 0, 2, 1 ]
    } ]
  }, {
    "id" : "59f13eac-049c-4ee4-a8d1-d821af6eb7c7",
    "vertices" : [ {
      "x" : -2.618034,
      "y" : 17.944271,
      "z" : -15.326238
    }, {
      "x" : -20.562305,
      "y" : 11.09017,
      "z" : 4.236068
    }, {
      "x" : 0.0,
      "y" : 8.472136,
      "z" : 22.18034
    }, {
      "x" : 17.944271,
      "y" : 15.326238,
      "z" : 2.618034
    } ],
    "faces" : [ {
      "vertices" : [ 0, 1, 2 ]
    }, {
      "vertices" : [ 0, 2, 3 ]
    }, {
      "vertices" : [ 0, 3, 2 ]
    }, {
      "vertices" : [ 0, 2, 1 ]
    } ]
  }, {
    "id" : "2136e902-c2bb-40ad-bfb7-93530d3381c7",
    "vertices" : [ {
      "x" : 2.618034,
      "y" : -17.944271,
      "z" : -15.326238
    }, {
      "x" : 20.562305,
      "y" : -11.09017,
      "z" : 4.236068
    }, {
      "x" : 0.0,
      "y" : -8.472136,
      "z" : 22.18034
    }, {
      "x" : -17.944271,
      "y" : -15.326238,
      "z" : 2.618034
    } ],
    "faces" : [ {
      "vertices" : [ 0, 1, 2 ]
    }, {
      "vertices" : [ 0, 2, 3 ]
    }, {
      "vertices" : [ 0, 3, 2 ]
    }, {
      "vertices" : [ 0, 2, 1 ]
    } ]
  }, {
    "id" : "5cd28ce2-383b-4b03-bea5-785458448ee5",
    "vertices" : [ {
      "x" : 17.944271,
      "y" : -15.326238,
      "z" : 2.618034
    }, {
      "x" : -2.618034,
      "y" : -17.944271,
      "z" : -15.326238
    }, {
      "x" : 0.0,
      "y" : 8.472136,
      "z" : -22.18034
    }, {
      "x" : 20.562305,
      "y" : 11.09017,
      "z" : -4.236068
    } ],
    "faces" : [ {
      "vertices" : [ 0, 1, 2 ]
    }, {
      "vertices" : [ 0, 2, 3 ]
    }, {
      "vertices" : [ 0, 3, 2 ]
    }, {
      "vertices" : [ 0, 2, 1 ]
    } ]
  }, {
    "id" : "e811e359-353c-4702-b083-c60987b79ab8",
    "vertices" : [ {
      "x" : -11.09017,
      "y" : -4.236068,
      "z" : 20.562305
    }, {
      "x" : -17.944271,
      "y" : 15.326238,
      "z" : 2.618034
    }, {
      "x" : -15.326238,
      "y" : -2.618034,
      "z" : -17.944271
    }, {
      "x" : -8.472136,
      "y" : -22.18034,
      "z" : 0.0
    } ],
    "faces" : [ {
      "vertices" : [ 0, 1, 2 ]
    }, {
      "vertices" : [ 0, 2, 3 ]
    }, {
      "vertices" : [ 0, 3, 2 ]
    }, {
      "vertices" : [ 0, 2, 1 ]
    } ]
  }, {
    "id" : "926d8f54-4a3c-4392-b1cd-625b5b4ddc64",
    "vertices" : [ {
      "x" : -2.618034,
      "y" : -17.944271,
      "z" : 15.326238
    }, {
      "x" : 17.944271,
      "y" : -15.326238,
      "z" : -2.618034
    }, {
      "x" : 20.562305,
      "y" : 11.09017,
      "z" : 4.236068
    }, {
      "x" : 0.0,
      "y" : 8.472136,
      "z" : 22.18034
    } ],
    "faces" : [ {
      "vertices" : [ 0, 1, 2 ]
    }, {
      "vertices" : [ 0, 2, 3 ]
    }, {
      "vertices" : [ 0, 3, 2 ]
    }, {
      "vertices" : [ 0, 2, 1 ]
    } ]
  }, {
    "id" : "1f05348e-40ea-44e0-9809-910d76d53119",
    "vertices" : [ {
      "x" : -15.326238,
      "y" : -2.618034,
      "z" : 17.944271
    }, {
      "x" : 4.236068,
      "y" : -20.562305,
      "z" : 11.09017
    }, {
      "x" : 22.18034,
      "y" : 0.0,
      "z" : 8.472136
    }, {
      "x" : 2.618034,
      "y" : 17.944271,
      "z" : 15.326238
    } ],
    "faces" : [ {
      "vertices" : [ 0, 1, 2 ]
    }, {
      "vertices" : [ 0, 2, 3 ]
    }, {
      "vertices" : [ 0, 3, 2 ]
    }, {
      "vertices" : [ 0, 2, 1 ]
    } ]
  }, {
    "id" : "30d80f5f-1373-4a1e-8a4d-7dd5286c8597",
    "vertices" : [ {
      "x" : 0.0,
      "y" : 22.18034,
      "z" : 8.472136
    }, {
      "x" : -22.18034,
      "y" : 8.472136,
      "z" : 0.0
    }, {
      "x" : -13.708204,
      "y" : -13.708204,
      "z" : 13.708204
    }, {
      "x" : 8.472136,
      "y" : 0.0,
      "z" : 22.18034
    } ],
    "faces" : [ {
      "vertices" : [ 0, 1, 2 ]
    }, {
      "vertices" : [ 0, 2, 3 ]
    }, {
      "vertices" : [ 0, 3, 2 ]
    }, {
      "vertices" : [ 0, 2, 1 ]
    } ]
  }, {
    "id" : "4fa588ea-5309-4492-a2c9-84afa601c66b",
    "vertices" : [ {
      "x" : -17.944271,
      "y" : 15.326238,
      "z" : 2.618034
    }, {
      "x" : -20.562305,
      "y" : -11.09017,
      "z" : -4.236068
    }, {
      "x" : -2.618034,
      "y" : -17.944271,
      "z" : 15.326238
    }, {
      "x" : 0.0,
      "y" : 8.472136,
      "z" : 22.18034
    } ],
    "faces" : [ {
      "vertices" : [ 0, 1, 2 ]
    }, {
      "vertices" : [ 0, 2, 3 ]
    }, {
      "vertices" : [ 0, 3, 2 ]
    }, {
      "vertices" : [ 0, 2, 1 ]
    } ]
  }, {
    "id" : "03bdd60c-4a96-4d07-9e82-598744570920",
    "vertices" : [ {
      "x" : 11.09017,
      "y" : 4.236068,
      "z" : -20.562305
    }, {
      "x" : 20.562305,
      "y" : 11.09017,
      "z" : 4.236068
    }, {
      "x" : 13.708204,
      "y" : -13.708204,
      "z" : 13.708204
    }, {
      "x" : 4.236068,
      "y" : -20.562305,
      "z" : -11.09017
    } ],
    "faces" : [ {
      "vertices" : [ 0, 1, 2 ]
    }, {
      "vertices" : [ 0, 2, 3 ]
    }, {
      "vertices" : [ 0, 3, 2 ]
    }, {
      "vertices" : [ 0, 2, 1 ]
    } ]
  }, {
    "id" : "198869b8-b741-4c0b-9b27-e416bb96b44e",
    "vertices" : [ {
      "x" : -8.472136,
      "y" : 0.0,
      "z" : -22.18034
    }, {
      "x" : 0.0,
      "y" : -22.18034,
      "z" : -8.472136
    }, {
      "x" : -13.708204,
      "y" : -13.708204,
      "z" : 13.708204
    }, {
      "x" : -22.18034,
      "y" : 8.472136,
      "z" : 0.0
    } ],
    "faces" : [ {
      "vertices" : [ 0, 1, 2 ]
    }, {
      "vertices" : [ 0, 2, 3 ]
    }, {
      "vertices" : [ 0, 3, 2 ]
    }, {
      "vertices" : [ 0, 2, 1 ]
    } ]
  }, {
    "id" : "1fd5d6a9-faa7-4e51-a50f-fd5928fb828f",
    "vertices" : [ {
      "x" : 11.09017,
      "y" : 4.236068,
      "z" : -20.562305
    }, {
      "x" : 17.944271,
      "y" : -15.326238,
      "z" : -2.618034
    }, {
      "x" : -8.472136,
      "y" : -22.18034,
      "z" : 0.0
    }, {
      "x" : -15.326238,
      "y" : -2.618034,
      "z" : -17.944271
    } ],
    "faces" : [ {
      "vertices" : [ 0, 1, 2 ]
    }, {
      "vertices" : [ 0, 2, 3 ]
    }, {
      "vertices" : [ 0, 3, 2 ]
    }, {
      "vertices" : [ 0, 2, 1 ]
    } ]
  }, {
    "id" : "08343b92-bba6-437d-aaaa-e1b631fc5a7a",
    "vertices" : [ {
      "x" : 4.236068,
      "y" : -20.562305,
      "z" : -11.09017
    }, {
      "x" : -15.326238,
      "y" : -2.618034,
      "z" : -17.944271
    }, {
      "x" : 2.618034,
      "y" : 17.944271,
      "z" : -15.326238
    }, {
      "x" : 22.18034,
      "y" : 0.0,
      "z" : -8.472136
    } ],
    "faces" : [ {
      "vertices" : [ 0, 1, 2 ]
    }, {
      "vertices" : [ 0, 2, 3 ]
    }, {
      "vertices" : [ 0, 3, 2 ]
    }, {
      "vertices" : [ 0, 2, 1 ]
    } ]
  }, {
    "id" : "1eec5ecd-7371-4a09-a629-96b64508ea22",
    "vertices" : [ {
      "x" : -17.944271,
      "y" : -15.326238,
      "z" : 2.618034
    }, {
      "x" : -11.09017,
      "y" : 4.236068,
      "z" : 20.562305
    }, {
      "x" : -8.472136,
      "y" : 22.18034,
      "z" : 0.0
    }, {
      "x" : -15.326238,
      "y" : 2.618034,
      "z" : -17.944271
    } ],
    "faces" : [ {
      "vertices" : [ 0, 1, 2 ]
    }, {
      "vertices" : [ 0, 2, 3 ]
    }, {
      "vertices" : [ 0, 3, 2 ]
    }, {
      "vertices" : [ 0, 2, 1 ]
    } ]
  }, {
    "id" : "3061422a-6ad0-4019-af99-bb0149433014",
    "vertices" : [ {
      "x" : -2.618034,
      "y" : 17.944271,
      "z" : -15.326238
    }, {
      "x" : 17.944271,
      "y" : 15.326238,
      "z" : 2.618034
    }, {
      "x" : 20.562305,
      "y" : -11.09017,
      "z" : -4.236068
    }, {
      "x" : 0.0,
      "y" : -8.472136,
      "z" : -22.18034
    } ],
    "faces" : [ {
      "vertices" : [ 0, 1, 2 ]
    }, {
      "vertices" : [ 0, 2, 3 ]
    }, {
      "vertices" : [ 0, 3, 2 ]
    }, {
      "vertices" : [ 0, 2, 1 ]
    } ]
  }, {
    "id" : "d0c41e17-8d3a-4f85-b566-c7812f1510bb",
    "vertices" : [ {
      "x" : 11.09017,
      "y" : -4.236068,
      "z" : -20.562305
    }, {
      "x" : -15.326238,
      "y" : 2.618034,
      "z" : -17.944271
    }, {
      "x" : -8.472136,
      "y" : 22.18034,
      "z" : 0.0
    }, {
      "x" : 17.944271,
      "y" : 15.326238,
      "z" : -2.618034
    } ],
    "faces" : [ {
      "vertices" : [ 0, 1, 2 ]
    }, {
      "vertices" : [ 0, 2, 3 ]
    }, {
      "vertices" : [ 0, 3, 2 ]
    }, {
      "vertices" : [ 0, 2, 1 ]
    } ]
  }, {
    "id" : "1042e0b6-7b8a-4142-93d2-85eaa909b955",
    "vertices" : [ {
      "x" : 15.326238,
      "y" : -2.618034,
      "z" : 17.944271
    }, {
      "x" : -11.09017,
      "y" : 4.236068,
      "z" : 20.562305
    }, {
      "x" : -17.944271,
      "y" : -15.326238,
      "z" : 2.618034
    }, {
      "x" : 8.472136,
      "y" : -22.18034,
      "z" : 0.0
    } ],
    "faces" : [ {
      "vertices" : [ 0, 1, 2 ]
    }, {
      "vertices" : [ 0, 2, 3 ]
    }, {
      "vertices" : [ 0, 3, 2 ]
    }, {
      "vertices" : [ 0, 2, 1 ]
    } ]
  }, {
    "id" : "b2a978e3-239a-454a-b83e-f5968e6cf09b",
    "vertices" : [ {
      "x" : 8.472136,
      "y" : 0.0,
      "z" : 22.18034
    }, {
      "x" : 22.18034,
      "y" : 8.472136,
      "z" : 0.0
    }, {
      "x" : 0.0,
      "y" : 22.18034,
      "z" : -8.472136
    }, {
      "x" : -13.708204,
      "y" : 13.708204,
      "z" : 13.708204
    } ],
    "faces" : [ {
      "vertices" : [ 0, 1, 2 ]
    }, {
      "vertices" : [ 0, 2, 3 ]
    }, {
      "vertices" : [ 0, 3, 2 ]
    }, {
      "vertices" : [ 0, 2, 1 ]
    } ]
  }, {
    "id" : "cbe0a09c-7fef-4725-b16a-a54ce011e2d4",
    "vertices" : [ {
      "x" : 11.09017,
      "y" : 4.236068,
      "z" : 20.562305
    }, {
      "x" : -15.326238,
      "y" : -2.618034,
      "z" : 17.944271
    }, {
      "x" : -8.472136,
      "y" : -22.18034,
      "z" : 0.0
    }, {
      "x" : 17.944271,
      "y" : -15.326238,
      "z" : 2.618034
    } ],
    "faces" : [ {
      "vertices" : [ 0, 1, 2 ]
    }, {
      "vertices" : [ 0, 2, 3 ]
    }, {
      "vertices" : [ 0, 3, 2 ]
    }, {
      "vertices" : [ 0, 2, 1 ]
    } ]
  }, {
    "id" : "1e470b58-6efe-4540-91bf-2bfb0cdb8df4",
    "vertices" : [ {
      "x" : -4.236068,
      "y" : 20.562305,
      "z" : 11.09017
    }, {
      "x" : -11.09017,
      "y" : -4.236068,
      "z" : 20.562305
    }, {
      "x" : 13.708204,
      "y" : -13.708204,
      "z" : 13.708204
    }, {
      "x" : 20.562305,
      "y" : 11.09017,
      "z" : 4.236068
    } ],
    "faces" : [ {
      "vertices" : [ 0, 1, 2 ]
    }, {
      "vertices" : [ 0, 2, 3 ]
    }, {
      "vertices" : [ 0, 3, 2 ]
    }, {
      "vertices" : [ 0, 2, 1 ]
    } ]
  }, {
    "id" : "702850e8-9586-4daf-8f1b-d91fdfda66e2",
    "vertices" : [ {
      "x" : -11.09017,
      "y" : 4.236068,
      "z" : -20.562305
    }, {
      "x" : 15.326238,
      "y" : -2.618034,
      "z" : -17.944271
    }, {
      "x" : 8.472136,
      "y" : -22.18034,
      "z" : 0.0
    }, {
      "x" : -17.944271,
      "y" : -15.326238,
      "z" : -2.618034
    } ],
    "faces" : [ {
      "vertices" : [ 0, 1, 2 ]
    }, {
      "vertices" : [ 0, 2, 3 ]
    }, {
      "vertices" : [ 0, 3, 2 ]
    }, {
      "vertices" : [ 0, 2, 1 ]
    } ]
  }, {
    "id" : "cb23d09b-26fb-40cd-a183-10aaecd8fb0e",
    "vertices" : [ {
      "x" : 20.562305,
      "y" : -11.09017,
      "z" : 4.236068
    }, {
      "x" : 11.09017,
      "y" : -4.236068,
      "z" : -20.562305
    }, {
      "x" : 4.236068,
      "y" : 20.562305,
      "z" : -11.09017
    }, {
      "x" : 13.708204,
      "y" : 13.708204,
      "z" : 13.708204
    } ],
    "faces" : [ {
      "vertices" : [ 0, 1, 2 ]
    }, {
      "vertices" : [ 0, 2, 3 ]
    }, {
      "vertices" : [ 0, 3, 2 ]
    }, {
      "vertices" : [ 0, 2, 1 ]
    } ]
  }, {
    "id" : "8d6f6d65-1d4c-4053-b484-a936cdaf412c",
    "vertices" : [ {
      "x" : 20.562305,
      "y" : -11.09017,
      "z" : -4.236068
    }, {
      "x" : 2.618034,
      "y" : -17.944271,
      "z" : 15.326238
    }, {
      "x" : -17.944271,
      "y" : -15.326238,
      "z" : -2.618034
    }, {
      "x" : 0.0,
      "y" : -8.472136,
      "z" : -22.18034
    } ],
    "faces" : [ {
      "vertices" : [ 0, 1, 2 ]
    }, {
      "vertices" : [ 0, 2, 3 ]
    }, {
      "vertices" : [ 0, 3, 2 ]
    }, {
      "vertices" : [ 0, 2, 1 ]
    } ]
  }, {
    "id" : "06fcdc48-3d1d-4c6e-b5a6-7de6cb2e0d31",
    "vertices" : [ {
      "x" : -22.18034,
      "y" : 8.472136,
      "z" : 0.0
    }, {
      "x" : 0.0,
      "y" : 22.18034,
      "z" : -8.472136
    }, {
      "x" : 8.472136,
      "y" : 0.0,
      "z" : -22.18034
    }, {
      "x" : -13.708204,
      "y" : -13.708204,
      "z" : -13.708204
    } ],
    "faces" : [ {
      "vertices" : [ 0, 1, 2 ]
    }, {
      "vertices" : [ 0, 2, 3 ]
    }, {
      "vertices" : [ 0, 3, 2 ]
    }, {
      "vertices" : [ 0, 2, 1 ]
    } ]
  }, {
    "id" : "f8a988fa-7ad8-46ab-a279-843070956c01",
    "vertices" : [ {
      "x" : -8.472136,
      "y" : 0.0,
      "z" : 22.18034
    }, {
      "x" : -22.18034,
      "y" : -8.472136,
      "z" : 0.0
    }, {
      "x" : 0.0,
      "y" : -22.18034,
      "z" : -8.472136
    }, {
      "x" : 13.708204,
      "y" : -13.708204,
      "z" : 13.708204
    } ],
    "faces" : [ {
      "vertices" : [ 0, 1, 2 ]
    }, {
      "vertices" : [ 0, 2, 3 ]
    }, {
      "vertices" : [ 0, 3, 2 ]
    }, {
      "vertices" : [ 0, 2, 1 ]
    } ]
  }, {
    "id" : "30027b47-ffc7-4613-b1ac-4ac0f5b0fe94",
    "vertices" : [ {
      "x" : 20.562305,
      "y" : -11.09017,
      "z" : -4.236068
    }, {
      "x" : 17.944271,
      "y" : 15.326238,
      "z" : 2.618034
    }, {
      "x" : 0.0,
      "y" : 8.472136,
      "z" : 22.18034
    }, {
      "x" : 2.618034,
      "y" : -17.944271,
      "z" : 15.326238
    } ],
    "faces" : [ {
      "vertices" : [ 0, 1, 2 ]
    }, {
      "vertices" : [ 0, 2, 3 ]
    }, {
      "vertices" : [ 0, 3, 2 ]
    }, {
      "vertices" : [ 0, 2, 1 ]
    } ]
  }, {
    "id" : "0c5980f3-137b-4790-8d33-e47c0ada50f3",
    "vertices" : [ {
      "x" : 17.944271,
      "y" : 15.326238,
      "z" : -2.618034
    }, {
      "x" : -2.618034,
      "y" : 17.944271,
      "z" : 15.326238
    }, {
      "x" : 0.0,
      "y" : -8.472136,
      "z" : 22.18034
    }, {
      "x" : 20.562305,
      "y" : -11.09017,
      "z" : 4.236068
    } ],
    "faces" : [ {
      "vertices" : [ 0, 1, 2 ]
    }, {
      "vertices" : [ 0, 2, 3 ]
    }, {
      "vertices" : [ 0, 3, 2 ]
    }, {
      "vertices" : [ 0, 2, 1 ]
    } ]
  }, {
    "id" : "3117d5f8-5f65-4ed3-a738-53f69f35b0f7",
    "vertices" : [ {
