{
  "polygons" : "true",
  "field" : "golden",
  "symmetry" : "icosahedral",
  "orientations" : [ [ 1.0, 0.0, 0.0, 0.0, 0.0, 1.0, 0.0, 0.0, 0.0, 0.0, 1.0, 0.0, 0.0, 0.0, 0.0, 1.0 ], [ 0.0, 0.0, 1.0, 0.0, 1.0, 0.0, 0.0, 0.0, 0.0, 1.0, 0.0, 0.0, 0.0, 0.0, 0.0, 1.0 ], [ 0.0, 1.0, 0.0, 0.0, 0.0, 0.0, 1.0, 0.0, 1.0, 0.0, 0.0, 0.0, 0.0, 0.0, 0.0, 1.0 ], [ 0.809017, 0.309017, 0.5, 0.0, 0.309017, 0.5, -0.809017, 0.0, -0.5, 0.809017, 0.309017, 0.0, 0.0, 0.0, 0.0, 1.0 ], [ -0.5, 0.809017, 0.309017, 0.0, 0.809017, 0.309017, 0.5, 0.0, 0.309017, 0.5, -0.809017, 0.0, 0.0, 0.0, 0.0, 1.0 ], [ 0.309017, 0.5, -0.809017, 0.0, -0.5, 0.809017, 0.309017, 0.0, 0.809017, 0.309017, 0.5, 0.0, 0.0, 0.0, 0.0, 1.0 ], [ 0.5, 0.809017, 0.309017, 0.0, 0.809017, -0.309017, -0.5, 0.0, -0.309017, 0.5, -0.809017, 0.0, 0.0, 0.0, 0.0, 1.0 ], [ -0.309017, 0.5, -0.809017, 0.0, 0.5, 0.809017, 0.309017, 0.0, 0.809017, -0.309017, -0.5, 0.0, 0.0, 0.0, 0.0, 1.0 ], [ 0.809017, -0.309017, -0.5, 0.0, -0.309017, 0.5, -0.809017, 0.0, 0.5, 0.809017, 0.309017, 0.0, 0.0, 0.0, 0.0, 1.0 ], [ 0.5, 0.809017, -0.309017, 0.0, 0.809017, -0.309017, 0.5, 0.0, 0.309017, -0.5, -0.809017, 0.0, 0.0, 0.0, 0.0, 1.0 ], [ 0.309017, -0.5, -0.809017, 0.0, 0.5, 0.809017, -0.309017, 0.0, 0.809017, -0.309017, 0.5, 0.0, 0.0, 0.0, 0.0, 1.0 ], [ 0.809017, -0.309017, 0.5, 0.0, 0.309017, -0.5, -0.809017, 0.0, 0.5, 0.809017, -0.309017, 0.0, 0.0, 0.0, 0.0, 1.0 ], [ 0.809017, 0.309017, -0.5, 0.0, 0.309017, 0.5, 0.809017, 0.0, 0.5, -0.809017, 0.309017, 0.0, 0.0, 0.0, 0.0, 1.0 ], [ 0.5, -0.809017, 0.309017, 0.0, 0.809017, 0.309017, -0.5, 0.0, 0.309017, 0.5, 0.809017, 0.0, 0.0, 0.0, 0.0, 1.0 ], [ 0.309017, 0.5, 0.809017, 0.0, 0.5, -0.809017, 0.309017, 0.0, 0.809017, 0.309017, -0.5, 0.0, 0.0, 0.0, 0.0, 1.0 ], [ 1.0, 0.0, 0.0, 0.0, 0.0, -1.0, 0.0, 0.0, 0.0, 0.0, -1.0, 0.0, 0.0, 0.0, 0.0, 1.0 ], [ 0.0, 0.0, 1.0, 0.0, -1.0, 0.0, 0.0, 0.0, 0.0, -1.0, 0.0, 0.0, 0.0, 0.0, 0.0, 1.0 ], [ 0.0, 1.0, 0.0, 0.0, 0.0, 0.0, -1.0, 0.0, -1.0, 0.0, 0.0, 0.0, 0.0, 0.0, 0.0, 1.0 ], [ 0.809017, 0.309017, 0.5, 0.0, -0.309017, -0.5, 0.809017, 0.0, 0.5, -0.809017, -0.309017, 0.0, 0.0, 0.0, 0.0, 1.0 ], [ -0.5, 0.809017, 0.309017, 0.0, -0.809017, -0.309017, -0.5, 0.0, -0.309017, -0.5, 0.809017, 0.0, 0.0, 0.0, 0.0, 1.0 ], [ 0.309017, 0.5, -0.809017, 0.0, 0.5, -0.809017, -0.309017, 0.0, -0.809017, -0.309017, -0.5, 0.0, 0.0, 0.0, 0.0, 1.0 ], [ 0.5, 0.809017, 0.309017, 0.0, -0.809017, 0.309017, 0.5, 0.0, 0.309017, -0.5, 0.809017, 0.0, 0.0, 0.0, 0.0, 1.0 ], [ -0.309017, 0.5, -0.809017, 0.0, -0.5, -0.809017, -0.309017, 0.0, -0.809017, 0.309017, 0.5, 0.0, 0.0, 0.0, 0.0, 1.0 ], [ 0.809017, -0.309017, -0.5, 0.0, 0.309017, -0.5, 0.809017, 0.0, -0.5, -0.809017, -0.309017, 0.0, 0.0, 0.0, 0.0, 1.0 ], [ 0.5, 0.809017, -0.309017, 0.0, -0.809017, 0.309017, -0.5, 0.0, -0.309017, 0.5, 0.809017, 0.0, 0.0, 0.0, 0.0, 1.0 ], [ 0.309017, -0.5, -0.809017, 0.0, -0.5, -0.809017, 0.309017, 0.0, -0.809017, 0.309017, -0.5, 0.0, 0.0, 0.0, 0.0, 1.0 ], [ 0.809017, -0.309017, 0.5, 0.0, -0.309017, 0.5, 0.809017, 0.0, -0.5, -0.809017, 0.309017, 0.0, 0.0, 0.0, 0.0, 1.0 ], [ 0.809017, 0.309017, -0.5, 0.0, -0.309017, -0.5, -0.809017, 0.0, -0.5, 0.809017, -0.309017, 0.0, 0.0, 0.0, 0.0, 1.0 ], [ 0.5, -0.809017, 0.309017, 0.0, -0.809017, -0.309017, 0.5, 0.0, -0.309017, -0.5, -0.809017, 0.0, 0.0, 0.0, 0.0, 1.0 ], [ 0.309017, 0.5, 0.809017, 0.0, -0.5, 0.809017, -0.309017, 0.0, -0.809017, -0.309017, 0.5, 0.0, 0.0, 0.0, 0.0, 1.0 ], [ -1.0, 0.0, 0.0, 0.0, 0.0, -1.0, 0.0, 0.0, 0.0, 0.0, 1.0, 0.0, 0.0, 0.0, 0.0, 1.0 ], [ 0.0, 0.0, -1.0, 0.0, -1.0, 0.0, 0.0, 0.0, 0.0, 1.0, 0.0, 0.0, 0.0, 0.0, 0.0, 1.0 ], [ 0.0, -1.0, 0.0, 0.0, 0.0, 0.0, -1.0, 0.0, 1.0, 0.0, 0.0, 0.0, 0.0, 0.0, 0.0, 1.0 ], [ -0.809017, -0.309017, -0.5, 0.0, -0.309017, -0.5, 0.809017, 0.0, -0.5, 0.809017, 0.309017, 0.0, 0.0, 0.0, 0.0, 1.0 ], [ 0.5, -0.809017, -0.309017, 0.0, -0.809017, -0.309017, -0.5, 0.0, 0.309017, 0.5, -0.809017, 0.0, 0.0, 0.0, 0.0, 1.0 ], [ -0.309017, -0.5, 0.809017, 0.0, 0.5, -0.809017, -0.309017, 0.0, 0.809017, 0.309017, 0.5, 0.0, 0.0, 0.0, 0.0, 1.0 ], [ -0.5, -0.809017, -0.309017, 0.0, -0.809017, 0.309017, 0.5, 0.0, -0.309017, 0.5, -0.809017, 0.0, 0.0, 0.0, 0.0, 1.0 ], [ 0.309017, -0.5, 0.809017, 0.0, -0.5, -0.809017, -0.309017, 0.0, 0.809017, -0.309017, -0.5, 0.0, 0.0, 0.0, 0.0, 1.0 ], [ -0.809017, 0.309017, 0.5, 0.0, 0.309017, -0.5, 0.809017, 0.0, 0.5, 0.809017, 0.309017, 0.0, 0.0, 0.0, 0.0, 1.0 ], [ -0.5, -0.809017, 0.309017, 0.0, -0.809017, 0.309017, -0.5, 0.0, 0.309017, -0.5, -0.809017, 0.0, 0.0, 0.0, 0.0, 1.0 ], [ -0.309017, 0.5, 0.809017, 0.0, -0.5, -0.809017, 0.309017, 0.0, 0.809017, -0.309017, 0.5, 0.0, 0.0, 0.0, 0.0, 1.0 ], [ -0.809017, 0.309017, -0.5, 0.0, -0.309017, 0.5, 0.809017, 0.0, 0.5, 0.809017, -0.309017, 0.0, 0.0, 0.0, 0.0, 1.0 ], [ -0.809017, -0.309017, 0.5, 0.0, -0.309017, -0.5, -0.809017, 0.0, 0.5, -0.809017, 0.309017, 0.0, 0.0, 0.0, 0.0, 1.0 ], [ -0.5, 0.809017, -0.309017, 0.0, -0.809017, -0.309017, 0.5, 0.0, 0.309017, 0.5, 0.809017, 0.0, 0.0, 0.0, 0.0, 1.0 ], [ -0.309017, -0.5, -0.809017, 0.0, -0.5, 0.809017, -0.309017, 0.0, 0.809017, 0.309017, -0.5, 0.0, 0.0, 0.0, 0.0, 1.0 ], [ -1.0, 0.0, 0.0, 0.0, 0.0, 1.0, 0.0, 0.0, 0.0, 0.0, -1.0, 0.0, 0.0, 0.0, 0.0, 1.0 ], [ 0.0, 0.0, -1.0, 0.0, 1.0, 0.0, 0.0, 0.0, 0.0, -1.0, 0.0, 0.0, 0.0, 0.0, 0.0, 1.0 ], [ 0.0, -1.0, 0.0, 0.0, 0.0, 0.0, 1.0, 0.0, -1.0, 0.0, 0.0, 0.0, 0.0, 0.0, 0.0, 1.0 ], [ -0.809017, -0.309017, -0.5, 0.0, 0.309017, 0.5, -0.809017, 0.0, 0.5, -0.809017, -0.309017, 0.0, 0.0, 0.0, 0.0, 1.0 ], [ 0.5, -0.809017, -0.309017, 0.0, 0.809017, 0.309017, 0.5, 0.0, -0.309017, -0.5, 0.809017, 0.0, 0.0, 0.0, 0.0, 1.0 ], [ -0.309017, -0.5, 0.809017, 0.0, -0.5, 0.809017, 0.309017, 0.0, -0.809017, -0.309017, -0.5, 0.0, 0.0, 0.0, 0.0, 1.0 ], [ -0.5, -0.809017, -0.309017, 0.0, 0.809017, -0.309017, -0.5, 0.0, 0.309017, -0.5, 0.809017, 0.0, 0.0, 0.0, 0.0, 1.0 ], [ 0.309017, -0.5, 0.809017, 0.0, 0.5, 0.809017, 0.309017, 0.0, -0.809017, 0.309017, 0.5, 0.0, 0.0, 0.0, 0.0, 1.0 ], [ -0.809017, 0.309017, 0.5, 0.0, -0.309017, 0.5, -0.809017, 0.0, -0.5, -0.809017, -0.309017, 0.0, 0.0, 0.0, 0.0, 1.0 ], [ -0.5, -0.809017, 0.309017, 0.0, 0.809017, -0.309017, 0.5, 0.0, -0.309017, 0.5, 0.809017, 0.0, 0.0, 0.0, 0.0, 1.0 ], [ -0.309017, 0.5, 0.809017, 0.0, 0.5, 0.809017, -0.309017, 0.0, -0.809017, 0.309017, -0.5, 0.0, 0.0, 0.0, 0.0, 1.0 ], [ -0.809017, 0.309017, -0.5, 0.0, 0.309017, -0.5, -0.809017, 0.0, -0.5, -0.809017, 0.309017, 0.0, 0.0, 0.0, 0.0, 1.0 ], [ -0.809017, -0.309017, 0.5, 0.0, 0.309017, 0.5, 0.809017, 0.0, -0.5, 0.809017, -0.309017, 0.0, 0.0, 0.0, 0.0, 1.0 ], [ -0.5, 0.809017, -0.309017, 0.0, 0.809017, 0.309017, -0.5, 0.0, -0.309017, -0.5, -0.809017, 0.0, 0.0, 0.0, 0.0, 1.0 ], [ -0.309017, -0.5, -0.809017, 0.0, 0.5, -0.809017, 0.309017, 0.0, -0.809017, -0.309017, 0.5, 0.0, 0.0, 0.0, 0.0, 1.0 ] ],
  "lights" : {
    "directionalLights" : [ {
      "direction" : [ 1.0, -1.0, -1.0 ],
      "color" : "#EBEBE4"
    }, {
      "direction" : [ -1.0, 0.0, 0.0 ],
      "color" : "#E4E4EB"
    }, {
      "direction" : [ 0.0, 0.0, -1.0 ],
      "color" : "#1E1E1E"
    } ],
    "backgroundColor" : "#AFC8DC",
    "ambientColor" : "#292929"
  },
  "camera" : {
    "farClipDistance" : 1121.0554,
    "perspective" : true,
    "viewDistance" : 560.5281,
    "lookAtPoint" : {
      "x" : 0.0,
      "y" : 0.0,
      "z" : 0.0
    },
    "fieldOfView" : 0.44262916,
    "position" : {
      "x" : 123.00623,
      "y" : -340.25293,
      "z" : 428.12128
    },
    "width" : 252.2378,
    "nearClipDistance" : 1.4013212,
    "lookDirection" : {
      "x" : -0.21944705,
      "y" : 0.6070221,
      "z" : -0.763782
    },
    "stereo" : false,
    "upDirection" : {
      "x" : -0.010105588,
      "y" : 0.7814166,
      "z" : 0.6239329
    }
  },
  "embedding" : [ 1.0, 0.0, 0.0, 0.0, 0.0, 1.0, 0.0, 0.0, 0.0, 0.0, 1.0, 0.0, 0.0, 0.0, 0.0, 1.0 ],
  "shapes" : [ {
    "id" : "8d7b876e-65bf-438a-81a7-43221d42d146",
    "vertices" : [ {
      "x" : 0.0,
      "y" : 0.0,
      "z" : 0.0
    }, {
      "x" : -1.618034,
      "y" : -4.959675,
      "z" : -0.4472136
    }, {
      "x" : 2.618034,
      "y" : -8.024922,
      "z" : -0.7236068
    }, {
      "x" : 6.854102,
      "y" : -4.959675,
      "z" : -0.4472136
    }, {
      "x" : 5.236068,
      "y" : 0.0,
      "z" : 0.0
    } ],
    "faces" : [ {
      "vertices" : [ 0, 1, 2, 3, 4 ]
    }, {
      "vertices" : [ 0, 4, 3, 2, 1 ]
    } ]
  }, {
    "id" : "6c0a3cde-423c-4270-a53b-593a1f037f6f",
    "vertices" : [ {
      "x" : 0.0,
      "y" : 0.0,
      "z" : 0.0
    }, {
      "x" : -4.6832814,
      "y" : 2.094427,
      "z" : -1.0472136
    }, {
      "x" : -7.301316,
      "y" : 2.5416408,
      "z" : 3.4652476
    }, {
      "x" : -4.236068,
      "y" : 0.7236068,
      "z" : 7.301316
    }, {
      "x" : 0.2763932,
      "y" : -0.84721357,
      "z" : 5.1596746
    } ],
    "faces" : [ {
      "vertices" : [ 0, 1, 2, 3, 4 ]
    }, {
      "vertices" : [ 0, 4, 3, 2, 1 ]
    } ]
  }, {
    "id" : "ad5e18dd-5175-48a8-8366-0c3d9c409344",
    "vertices" : [ {
      "x" : 0.0,
      "y" : 0.0,
      "z" : 0.0
    }, {
      "x" : -2.618034,
      "y" : 4.236068,
      "z" : -1.618034
    }, {
      "x" : -4.236068,
      "y" : 6.854102,
      "z" : 2.618034
    }, {
      "x" : -2.618034,
      "y" : 4.236068,
      "z" : 6.854102
    }, {
      "x" : 0.0,
      "y" : 0.0,
      "z" : 5.236068
    } ],
    "faces" : [ {
      "vertices" : [ 0, 1, 2, 3, 4 ]
    }, {
      "vertices" : [ 0, 4, 3, 2, 1 ]
    } ]
  }, {
    "id" : "9f536ec2-2684-41c5-8547-19f31c780719",
    "vertices" : [ {
      "x" : 0.0,
      "y" : 0.0,
      "z" : 0.0
    }, {
      "x" : 2.618034,
      "y" : 3.3416407,
      "z" : 3.0652475
    }, {
      "x" : 7.301316,
      "y" : 1.2472136,
      "z" : 4.112461
    }, {
      "x" : 7.5777087,
      "y" : -3.3888543,
      "z" : 1.6944271
    }, {
      "x" : 3.0652475,
      "y" : -4.1596746,
      "z" : -0.84721357
    } ],
    "faces" : [ {
      "vertices" : [ 0, 1, 2, 3, 4 ]
    }, {
      "vertices" : [ 0, 4, 3, 2, 1 ]
    } ]
  }, {
    "id" : "c707238c-c77e-4fcd-afc5-3b1529870131",
    "vertices" : [ {
      "x" : 0.0,
      "y" : 0.0,
      "z" : 0.0
    }, {
      "x" : 1.618034,
      "y" : 4.959675,
      "z" : 0.4472136
    }, {
      "x" : -2.618034,
      "y" : 8.024922,
      "z" : 0.7236068
    }, {
      "x" : -6.854102,
      "y" : 4.959675,
      "z" : 0.4472136
    }, {
      "x" : -5.236068,
      "y" : 0.0,
      "z" : 0.0
    } ],
    "faces" : [ {
      "vertices" : [ 0, 1, 2, 3, 4 ]
    }, {
      "vertices" : [ 0, 4, 3, 2, 1 ]
    } ]
  }, {
    "id" : "565e17ce-c1cf-469f-a7d3-8a1ce566dc43",
    "vertices" : [ {
      "x" : 0.0,
      "y" : 0.0,
      "z" : 0.0
    }, {
      "x" : 1.618034,
      "y" : -4.959675,
      "z" : -0.4472136
    }, {
      "x" : 6.854102,
      "y" : -4.959675,
      "z" : -0.4472136
    }, {
      "x" : 8.472136,
      "y" : 0.0,
      "z" : 0.0
    }, {
      "x" : 4.236068,
      "y" : 3.0652475,
      "z" : 0.2763932
    } ],
    "faces" : [ {
      "vertices" : [ 0, 1, 2, 3, 4 ]
    }, {
      "vertices" : [ 0, 4, 3, 2, 1 ]
    } ]
  }, {
    "id" : "b51244de-5b7d-4ff2-8c1b-ce795a4cfb4c",
    "vertices" : [ {
      "x" : 0.0,
      "y" : 0.0,
      "z" : 0.0
    }, {
      "x" : 0.2763932,
      "y" : -4.636068,
      "z" : -2.418034
    }, {
      "x" : -4.236068,
      "y" : -5.4068885,
      "z" : -4.959675
    }, {
      "x" : -7.301316,
      "y" : -1.2472136,
      "z" : -4.112461
    }, {
      "x" : -4.6832814,
      "y" : 2.094427,
      "z" : -1.0472136
    } ],
    "faces" : [ {
      "vertices" : [ 0, 1, 2, 3, 4 ]
    }, {
      "vertices" : [ 0, 4, 3, 2, 1 ]
    } ]
  }, {
    "id" : "b8ec3180-4ce1-4e2e-9fc1-6e0c8663a158",
    "vertices" : [ {
      "x" : 0.0,
      "y" : 0.0,
      "z" : 0.0
    }, {
      "x" : -4.236068,
      "y" : -3.0652475,
      "z" : -0.2763932
    }, {
      "x" : -2.618034,
      "y" : -8.024922,
      "z" : -0.7236068
    }, {
      "x" : 2.618034,
      "y" : -8.024922,
      "z" : -0.7236068
    }, {
      "x" : 4.236068,
      "y" : -3.0652475,
      "z" : -0.2763932
    } ],
    "faces" : [ {
      "vertices" : [ 0, 1, 2, 3, 4 ]
    }, {
      "vertices" : [ 0, 4, 3, 2, 1 ]
    } ]
  }, {
    "id" : "5747fee5-2521-46b5-8a91-4c3722d7f227",
    "vertices" : [ {
      "x" : 0.0,
      "y" : 0.0,
      "z" : 0.0
    }, {
      "x" : 0.0,
      "y" : 0.0,
      "z" : -5.236068
    }, {
      "x" : -2.618034,
      "y" : 4.236068,
      "z" : -6.854102
    }, {
      "x" : -4.236068,
      "y" : 6.854102,
      "z" : -2.618034
    }, {
      "x" : -2.618034,
      "y" : 4.236068,
      "z" : 1.618034
    } ],
    "faces" : [ {
      "vertices" : [ 0, 1, 2, 3, 4 ]
    }, {
      "vertices" : [ 0, 4, 3, 2, 1 ]
    } ]
  }, {
    "id" : "32617cc8-5a91-4c20-8e25-b1ee6ddab4e9",
    "vertices" : [ {
      "x" : 0.0,
      "y" : 0.0,
      "z" : 0.0
    }, {
      "x" : -0.4472136,
      "y" : 5.1596746,
      "z" : -0.7708204
    }, {
      "x" : -4.959675,
      "y" : 6.730495,
      "z" : 1.3708204
    }, {
      "x" : -7.301316,
      "y" : 2.5416408,
      "z" : 3.4652476
    }, {
      "x" : -4.236068,
      "y" : -1.618034,
      "z" : 2.618034
    } ],
    "faces" : [ {
      "vertices" : [ 0, 1, 2, 3, 4 ]
    }, {
      "vertices" : [ 0, 4, 3, 2, 1 ]
    } ]
  }, {
    "id" : "bf1c6dbd-f578-474a-b817-b4afc65a6a3e",
    "vertices" : [ {
      "x" : 0.0,
      "y" : 0.0,
      "z" : 0.0
    }, {
      "x" : 2.618034,
      "y" : 3.3416407,
      "z" : 3.0652475
    }, {
      "x" : -0.4472136,
      "y" : 7.5013156,
      "z" : 3.9124613
    }, {
      "x" : -4.959675,
      "y" : 6.730495,
      "z" : 1.3708204
    }, {
      "x" : -4.6832814,
      "y" : 2.094427,
      "z" : -1.0472136
    } ],
    "faces" : [ {
      "vertices" : [ 0, 1, 2, 3, 4 ]
    }, {
      "vertices" : [ 0, 4, 3, 2, 1 ]
    } ]
  }, {
    "id" : "0b9e19e1-e6cf-4ad2-90bc-7d1684dd97e5",
    "vertices" : [ {
      "x" : 0.0,
      "y" : 0.0,
      "z" : 0.0
    }, {
      "x" : 1.618034,
      "y" : -2.618034,
      "z" : 4.236068
    }, {
      "x" : 4.236068,
      "y" : -6.854102,
      "z" : 2.618034
    }, {
      "x" : 4.236068,
      "y" : -6.854102,
      "z" : -2.618034
    }, {
      "x" : 1.618034,
      "y" : -2.618034,
      "z" : -4.236068
    } ],
    "faces" : [ {
      "vertices" : [ 0, 1, 2, 3, 4 ]
    }, {
      "vertices" : [ 0, 4, 3, 2, 1 ]
    } ]
  }, {
    "id" : "429a4374-58cb-42ce-b06f-95fc4d24ce4e",
    "vertices" : [ {
      "x" : 0.0,
      "y" : 0.0,
      "z" : 0.0
    }, {
      "x" : -4.6832814,
      "y" : 2.094427,
      "z" : -1.0472136
    }, {
      "x" : -4.959675,
      "y" : 2.9416409,
      "z" : -6.206888
    }, {
      "x" : -0.4472136,
      "y" : 1.3708204,
      "z" : -8.348529
    }, {
      "x" : 2.618034,
      "y" : -0.4472136,
      "z" : -4.512461
    } ],
    "faces" : [ {
      "vertices" : [ 0, 1, 2, 3, 4 ]
    }, {
      "vertices" : [ 0, 4, 3, 2, 1 ]
    } ]
  }, {
    "id" : "807c48a2-e3dc-44cc-ace3-6b0562669ed1",
    "vertices" : [ {
      "x" : 0.0,
      "y" : 0.0,
      "z" : 0.0
    }, {
      "x" : -4.236068,
      "y" : 3.0652475,
      "z" : 0.2763932
    }, {
      "x" : -8.472136,
      "y" : 0.0,
      "z" : 0.0
    }, {
      "x" : -6.854102,
      "y" : -4.959675,
      "z" : -0.4472136
    }, {
      "x" : -1.618034,
      "y" : -4.959675,
      "z" : -0.4472136
    } ],
    "faces" : [ {
      "vertices" : [ 0, 1, 2, 3, 4 ]
    }, {
      "vertices" : [ 0, 4, 3, 2, 1 ]
    } ]
  }, {
    "id" : "cec0ed7e-4bdc-4c98-b391-76191127af1b",
    "vertices" : [ {
      "x" : 0.0,
      "y" : 0.0,
      "z" : 0.0
    }, {
      "x" : 4.236068,
      "y" : 1.618034,
      "z" : -2.618034
    }, {
      "x" : 3.7888544,
      "y" : 6.7777085,
      "z" : -3.3888543
    }, {
      "x" : -0.7236068,
      "y" : 8.348529,
      "z" : -1.2472136
    }, {
      "x" : -3.0652475,
      "y" : 4.1596746,
      "z" : 0.84721357
    } ],
    "faces" : [ {
      "vertices" : [ 0, 1, 2, 3, 4 ]
    }, {
      "vertices" : [ 0, 4, 3, 2, 1 ]
    } ]
  }, {
    "id" : "4b586c87-c19c-4adc-b293-aaa4148e4ae8",
    "vertices" : [ {
      "x" : 0.0,
      "y" : 0.0,
      "z" : 0.0
    }, {
      "x" : 2.618034,
      "y" : -4.236068,
      "z" : -1.618034
    }, {
      "x" : 2.618034,
      "y" : -4.236068,
      "z" : -6.854102
    }, {
      "x" : 0.0,
      "y" : 0.0,
      "z" : -8.472136
    }, {
      "x" : -1.618034,
      "y" : 2.618034,
      "z" : -4.236068
    } ],
    "faces" : [ {
      "vertices" : [ 0, 1, 2, 3, 4 ]
    }, {
      "vertices" : [ 0, 4, 3, 2, 1 ]
    } ]
  }, {
    "id" : "ef509495-2e46-48d4-aa36-e3da134d5a37",
    "vertices" : [ {
      "x" : 0.0,
      "y" : 0.0,
      "z" : 0.0
    }, {
      "x" : -1.618034,
      "y" : 2.618034,
      "z" : 4.236068
    }, {
      "x" : 0.0,
      "y" : 0.0,
      "z" : 8.472136
    }, {
      "x" : 2.618034,
      "y" : -4.236068,
      "z" : 6.854102
    }, {
      "x" : 2.618034,
      "y" : -4.236068,
      "z" : 1.618034
    } ],
    "faces" : [ {
      "vertices" : [ 0, 1, 2, 3, 4 ]
    }, {
      "vertices" : [ 0, 4, 3, 2, 1 ]
    } ]
  }, {
    "id" : "2bc27685-fdad-4741-b499-e283114b8b22",
    "vertices" : [ {
      "x" : 0.0,
      "y" : 0.0,
      "z" : 0.0
    }, {
      "x" : -5.236068,
      "y" : 0.0,
      "z" : 0.0
    }, {
      "x" : -6.854102,
      "y" : -4.959675,
      "z" : -0.4472136
    }, {
      "x" : -2.618034,
      "y" : -8.024922,
      "z" : -0.7236068
    }, {
      "x" : 1.618034,
      "y" : -4.959675,
      "z" : -0.4472136
    } ],
    "faces" : [ {
      "vertices" : [ 0, 1, 2, 3, 4 ]
    }, {
      "vertices" : [ 0, 4, 3, 2, 1 ]
    } ]
  } ],
  "instances" : [ {
    "shape" : "8d7b876e-65bf-438a-81a7-43221d42d146",
    "color" : "#FFFFFF",
    "position" : {
      "x" : 8.024922,
      "y" : 4.236068,
      "z" : -15.602632
    },
    "orientation" : 18
  }, {
    "shape" : "6c0a3cde-423c-4270-a53b-593a1f037f6f",
    "color" : "#33FF00",
    "position" : {
      "x" : -6.854102,
      "y" : 13.06099,
      "z" : -3.9124613
    },
    "orientation" : 57
  }, {
    "shape" : "ad5e18dd-5175-48a8-8366-0c3d9c409344",
    "color" : "#D77F7F",
    "position" : {
      "x" : -6.854102,
      "y" : -19.8387,
      "z" : -14.8790245
    },
    "orientation" : 30
  }, {
    "shape" : "9f536ec2-2684-41c5-8547-19f31c780719",
    "color" : "#33FF00",
    "position" : {
      "x" : 2.618034,
      "y" : -12.984597,
      "z" : -12.26099
    },
    "orientation" : 52
  }, {
    "shape" : "c707238c-c77e-4fcd-afc5-3b1529870131",
    "color" : "#FFFFFF",
    "position" : {
      "x" : -12.26099,
      "y" : -42.295433,
      "z" : -37.506577
    },
    "orientation" : 38
  }, {
    "shape" : "565e17ce-c1cf-469f-a7d3-8a1ce566dc43",
    "color" : "#FFFFFF",
    "position" : {
      "x" : -4.236068,
      "y" : 10.1193495,
      "z" : -11.413776
    },
    "orientation" : 15
  }, {
    "shape" : "b51244de-5b7d-4ff2-8c1b-ce795a4cfb4c",
    "color" : "#33FF00",
    "position" : {
      "x" : -6.854102,
      "y" : -30.805262,
      "z" : -31.576082
    },
    "orientation" : 42
  }, {
    "shape" : "b8ec3180-4ce1-4e2e-9fc1-6e0c8663a158",
    "color" : "#FFFFFF",
    "position" : {
      "x" : -0.7236068,
      "y" : 0.0,
      "z" : -14.8790245
    },
    "orientation" : 46
  }, {
    "shape" : "5747fee5-2521-46b5-8a91-4c3722d7f227",
    "color" : "#D77F7F",
    "position" : {
      "x" : -6.854102,
      "y" : -39.6774,
      "z" : -27.140015
    },
    "orientation" : 45
  }, {
    "shape" : "32617cc8-5a91-4c20-8e25-b1ee6ddab4e9",
    "color" : "#33FF00",
    "position" : {
      "x" : 2.618034,
      "y" : 6.854102,
      "z" : 0.0
    },
    "orientation" : 56
  }, {
    "shape" : "bf1c6dbd-f578-474a-b817-b4afc65a6a3e",
    "color" : "#33FF00",
    "position" : {
      "x" : 4.236068,
      "y" : -29.558048,
      "z" : -35.935757
    },
    "orientation" : 57
  }, {
    "shape" : "565e17ce-c1cf-469f-a7d3-8a1ce566dc43",
    "color" : "#FFFFFF",
    "position" : {
      "x" : -15.602632,
      "y" : -37.135757,
      "z" : -23.674767
    },
    "orientation" : 20
  }, {
    "shape" : "6c0a3cde-423c-4270-a53b-593a1f037f6f",
    "color" : "#33FF00",
    "position" : {
      "x" : -6.854102,
      "y" : 28.710835,
      "z" : 5.206888
    },
    "orientation" : 42
  }, {
    "shape" : "0b9e19e1-e6cf-4ad2-90bc-7d1684dd97e5",
    "color" : "#D77F7F",
    "position" : {
      "x" : -6.854102,
      "y" : 19.8387,
      "z" : 9.642957
    },
    "orientation" : 47
  }, {
    "shape" : "6c0a3cde-423c-4270-a53b-593a1f037f6f",
    "color" : "#33FF00",
    "position" : {
      "x" : -11.813777,
      "y" : 5.9304953,
      "z" : 7.6249223
    },
    "orientation" : 41
  }, {
    "shape" : "ad5e18dd-5175-48a8-8366-0c3d9c409344",
    "color" : "#D77F7F",
    "position" : {
      "x" : 6.854102,
      "y" : 19.8387,
      "z" : 14.8790245
    },
    "orientation" : 15
  }, {
    "shape" : "0b9e19e1-e6cf-4ad2-90bc-7d1684dd97e5",
    "color" : "#D77F7F",
    "position" : {
      "x" : 6.854102,
      "y" : -39.6774,
      "z" : -21.903946
    },
    "orientation" : 2
  }, {
    "shape" : "0b9e19e1-e6cf-4ad2-90bc-7d1684dd97e5",
    "color" : "#D77F7F",
    "position" : {
      "x" : 0.0,
      "y" : -42.295433,
      "z" : -17.66788
    },
    "orientation" : 31
  }, {
    "shape" : "5747fee5-2521-46b5-8a91-4c3722d7f227",
    "color" : "#D77F7F",
    "position" : {
      "x" : -6.854102,
      "y" : -19.8387,
      "z" : -14.8790245
    },
    "orientation" : 45
  }, {
    "shape" : "565e17ce-c1cf-469f-a7d3-8a1ce566dc43",
    "color" : "#FFFFFF",
    "position" : {
      "x" : 0.4472136,
      "y" : -35.44133,
      "z" : -36.33576
    },
    "orientation" : 16
  }, {
    "shape" : "32617cc8-5a91-4c20-8e25-b1ee6ddab4e9",
    "color" : "#33FF00",
    "position" : {
      "x" : 2.618034,
      "y" : -32.823296,
      "z" : -24.52198
    },
    "orientation" : 56
  }, {
    "shape" : "c707238c-c77e-4fcd-afc5-3b1529870131",
    "color" : "#FFFFFF",
    "position" : {
      "x" : 5.4068885,
      "y" : 19.8387,
      "z" : -4.959675
    },
    "orientation" : 54
  }, {
    "shape" : "b8ec3180-4ce1-4e2e-9fc1-6e0c8663a158",
    "color" : "#FFFFFF",
    "position" : {
      "x" : -11.537383,
      "y" : 0.0,
      "z" : -4.959675
    },
    "orientation" : 1
  }, {
    "shape" : "8d7b876e-65bf-438a-81a7-43221d42d146",
    "color" : "#FFFFFF",
    "position" : {
      "x" : 8.024922,
      "y" : -35.44133,
      "z" : -40.12461
    },
    "orientation" : 18
  }, {
    "shape" : "bf1c6dbd-f578-474a-b817-b4afc65a6a3e",
    "color" : "#33FF00",
    "position" : {
      "x" : 6.854102,
      "y" : 27.416409,
      "z" : 19.562305
    },
    "orientation" : 56
  }, {
    "shape" : "429a4374-58cb-42ce-b06f-95fc4d24ce4e",
    "color" : "#33FF00",
    "position" : {
      "x" : 15.602632,
      "y" : 2.5416408,
      "z" : 0.84721357
    },
    "orientation" : 52
  }, {
    "shape" : "429a4374-58cb-42ce-b06f-95fc4d24ce4e",
    "color" : "#33FF00",
    "position" : {
      "x" : 6.854102,
      "y" : 27.416409,
      "z" : 19.562305
    },
    "orientation" : 56
  }, {
    "shape" : "807c48a2-e3dc-44cc-ace3-6b0562669ed1",
    "color" : "#FFFFFF",
    "position" : {
      "x" : 8.024922,
      "y" : 8.024922,
      "z" : 16.497059
    },
    "orientation" : 36
  }, {
    "shape" : "cec0ed7e-4bdc-4c98-b391-76191127af1b",
    "color" : "#33FF00",
    "position" : {
      "x" : 17.220665,
      "y" : 7.5013156,
      "z" : 1.2944272
    },
    "orientation" : 52
  }, {
    "shape" : "0b9e19e1-e6cf-4ad2-90bc-7d1684dd97e5",
    "color" : "#D77F7F",
    "position" : {
      "x" : 6.854102,
      "y" : 0.0,
      "z" : 2.618034
    },
    "orientation" : 2
  }, {
    "shape" : "bf1c6dbd-f578-474a-b817-b4afc65a6a3e",
    "color" : "#33FF00",
    "position" : {
      "x" : 4.236068,
      "y" : -27.86362,
      "z" : -24.074766
    },
    "orientation" : 42
  }, {
    "shape" : "9f536ec2-2684-41c5-8547-19f31c780719",
    "color" : "#33FF00",
    "position" : {
      "x" : -4.236068,
      "y" : -35.44133,
      "z" : -20.285913
    },
    "orientation" : 41
  }, {
    "shape" : "b8ec3180-4ce1-4e2e-9fc1-6e0c8663a158",
    "color" : "#FFFFFF",
    "position" : {
      "x" : -0.7236068,
      "y" : 19.8387,
      "z" : -2.618034
    },
    "orientation" : 46
  }, {
    "shape" : "b8ec3180-4ce1-4e2e-9fc1-6e0c8663a158",
    "color" : "#FFFFFF",
    "position" : {
      "x" : -11.537383,
      "y" : 19.8387,
      "z" : 7.301316
    },
    "orientation" : 1
  }, {
    "shape" : "565e17ce-c1cf-469f-a7d3-8a1ce566dc43",
    "color" : "#FFFFFF",
    "position" : {
      "x" : -4.236068,
      "y" : 29.958048,
      "z" : 0.84721357
    },
    "orientation" : 15
  }, {
    "shape" : "807c48a2-e3dc-44cc-ace3-6b0562669ed1",
    "color" : "#FFFFFF",
    "position" : {
      "x" : 4.236068,
      "y" : 11.813777,
      "z" : 0.4472136
    },
    "orientation" : 0
  }, {
    "shape" : "565e17ce-c1cf-469f-a7d3-8a1ce566dc43",
    "color" : "#FFFFFF",
    "position" : {
      "x" : -15.602632,
      "y" : -17.297058,
      "z" : -11.413776
    },
    "orientation" : 20
  }, {
    "shape" : "4b586c87-c19c-4adc-b293-aaa4148e4ae8",
    "color" : "#D77F7F",
    "position" : {
      "x" : 4.236068,
      "y" : -15.602632,
      "z" : -8.024922
    },
    "orientation" : 1
  }, {
    "shape" : "b8ec3180-4ce1-4e2e-9fc1-6e0c8663a158",
    "color" : "#FFFFFF",
    "position" : {
      "x" : 11.813777,
      "y" : -20.285913,
      "z" : -16.497059
    },
    "orientation" : 10
  }, {
    "shape" : "565e17ce-c1cf-469f-a7d3-8a1ce566dc43",
    "color" : "#FFFFFF",
    "position" : {
      "x" : -15.602632,
      "y" : 2.5416408,
      "z" : 0.84721357
    },
    "orientation" : 20
  }, {
    "shape" : "bf1c6dbd-f578-474a-b817-b4afc65a6a3e",
    "color" : "#33FF00",
    "position" : {
      "x" : 4.236068,
      "y" : -8.024922,
      "z" : -11.813777
    },
    "orientation" : 42
  }, {
    "shape" : "bf1c6dbd-f578-474a-b817-b4afc65a6a3e",
    "color" : "#33FF00",
    "position" : {
      "x" : 6.854102,
      "y" : 7.5777087,
      "z" : 7.301316
    },
    "orientation" : 56
  }, {
    "shape" : "429a4374-58cb-42ce-b06f-95fc4d24ce4e",
    "color" : "#33FF00",
    "position" : {
      "x" : 15.602632,
      "y" : 22.38034,
      "z" : 13.108204
    },
    "orientation" : 52
  }, {
    "shape" : "32617cc8-5a91-4c20-8e25-b1ee6ddab4e9",
    "color" : "#33FF00",
    "position" : {
      "x" : -2.618034,
      "y" : 6.854102,
      "z" : 0.0
    },
    "orientation" : 42
  }, {
    "shape" : "4b586c87-c19c-4adc-b293-aaa4148e4ae8",
    "color" : "#D77F7F",
    "position" : {
      "x" : 4.236068,
      "y" : 24.074766,
      "z" : 16.497059
    },
    "orientation" : 1
  }, {
    "shape" : "32617cc8-5a91-4c20-8e25-b1ee6ddab4e9",
    "color" : "#33FF00",
    "position" : {
      "x" : -2.618034,
      "y" : -32.823296,
      "z" : -24.52198
    },
    "orientation" : 42
  }, {
    "shape" : "807c48a2-e3dc-44cc-ace3-6b0562669ed1",
    "color" : "#FFFFFF",
    "position" : {
      "x" : 11.813777,
      "y" : -40.12461,
      "z" : -28.758049
    },
    "orientation" : 17
  }, {
    "shape" : "0b9e19e1-e6cf-4ad2-90bc-7d1684dd97e5",
    "color" : "#D77F7F",
    "position" : {
      "x" : 0.0,
      "y" : -2.618034,
      "z" : 6.854102
    },
    "orientation" : 31
  }, {
    "shape" : "bf1c6dbd-f578-474a-b817-b4afc65a6a3e",
    "color" : "#33FF00",
    "position" : {
      "x" : 15.602632,
      "y" : -37.135757,
      "z" : -23.674767
    },
    "orientation" : 52
  }, {
    "shape" : "c707238c-c77e-4fcd-afc5-3b1529870131",
    "color" : "#FFFFFF",
    "position" : {
      "x" : -4.236068,
      "y" : -15.602632,
      "z" : -16.497059
    },
    "orientation" : 48
  }, {
    "shape" : "c707238c-c77e-4fcd-afc5-3b1529870131",
    "color" : "#FFFFFF",
    "position" : {
      "x" : -4.236068,
      "y" : 4.236068,
      "z" : -4.236068
    },
    "orientation" : 48
  }, {
    "shape" : "cec0ed7e-4bdc-4c98-b391-76191127af1b",
    "color" : "#33FF00",
    "position" : {
      "x" : 17.220665,
      "y" : 27.340015,
      "z" : 13.555417
    },
    "orientation" : 52
  }, {
    "shape" : "32617cc8-5a91-4c20-8e25-b1ee6ddab4e9",
    "color" : "#33FF00",
    "position" : {
      "x" : 2.618034,
      "y" : 26.6928,
      "z" : 12.26099
    },
    "orientation" : 56
  }, {
    "shape" : "807c48a2-e3dc-44cc-ace3-6b0562669ed1",
    "color" : "#FFFFFF",
    "position" : {
      "x" : 11.813777,
      "y" : -24.074766,
      "z" : -20.285913
    },
    "orientation" : 31
  }, {
    "shape" : "807c48a2-e3dc-44cc-ace3-6b0562669ed1",
    "color" : "#FFFFFF",
    "position" : {
      "x" : 11.813777,
      "y" : -0.4472136,
      "z" : -4.236068
    },
    "orientation" : 17
  }, {
    "shape" : "5747fee5-2521-46b5-8a91-4c3722d7f227",
    "color" : "#D77F7F",
    "position" : {
      "x" : 6.854102,
      "y" : 0.0,
      "z" : 2.618034
    },
    "orientation" : 0
  }, {
    "shape" : "429a4374-58cb-42ce-b06f-95fc4d24ce4e",
    "color" : "#33FF00",
    "position" : {
      "x" : -12.984597,
      "y" : 26.616407,
      "z" : 6.2541018
    },
    "orientation" : 41
  }, {
    "shape" : "c707238c-c77e-4fcd-afc5-3b1529870131",
    "color" : "#FFFFFF",
    "position" : {
      "x" : 15.602632,
      "y" : -27.86362,
      "z" : -16.497059
    },
    "orientation" : 49
  }, {
    "shape" : "6c0a3cde-423c-4270-a53b-593a1f037f6f",
    "color" : "#33FF00",
    "position" : {
      "x" : -6.854102,
      "y" : -10.966563,
      "z" : -19.315092
    },
    "orientation" : 42
  }, {
    "shape" : "cec0ed7e-4bdc-4c98-b391-76191127af1b",
    "color" : "#33FF00",
    "position" : {
      "x" : -15.602632,
      "y" : 29.958048,
      "z" : 9.319349
    },
    "orientation" : 41
  }, {
    "shape" : "c707238c-c77e-4fcd-afc5-3b1529870131",
    "color" : "#FFFFFF",
    "position" : {
      "x" : 6.854102,
      "y" : -39.6774,
      "z" : -21.903946
    },
    "orientation" : 6
  }, {
    "shape" : "807c48a2-e3dc-44cc-ace3-6b0562669ed1",
    "color" : "#FFFFFF",
    "position" : {
      "x" : 0.4472136,
      "y" : -35.44133,
      "z" : -36.33576
    },
    "orientation" : 53
  }, {
    "shape" : "0b9e19e1-e6cf-4ad2-90bc-7d1684dd97e5",
    "color" : "#D77F7F",
    "position" : {
      "x" : 5.4068885,
      "y" : 19.8387,
      "z" : -4.959675
    },
    "orientation" : 32
  }, {
    "shape" : "565e17ce-c1cf-469f-a7d3-8a1ce566dc43",
    "color" : "#FFFFFF",
    "position" : {
      "x" : 6.854102,
      "y" : -12.26099,
      "z" : -4.959675
    },
    "orientation" : 41
  }, {
    "shape" : "6c0a3cde-423c-4270-a53b-593a1f037f6f",
    "color" : "#33FF00",
    "position" : {
      "x" : 7.5777087,
      "y" : 32.623295,
      "z" : 8.795743
    },
    "orientation" : 52
  }, {
    "shape" : "b51244de-5b7d-4ff2-8c1b-ce795a4cfb4c",
    "color" : "#33FF00",
    "position" : {
      "x" : 8.024922,
      "y" : -31.252476,
      "z" : -30.852476
    },
    "orientation" : 56
  }, {
    "shape" : "bf1c6dbd-f578-474a-b817-b4afc65a6a3e",
    "color" : "#33FF00",
    "position" : {
      "x" : 4.236068,
      "y" : 29.958048,
      "z" : 0.84721357
    },
    "orientation" : 57
  }, {
    "shape" : "cec0ed7e-4bdc-4c98-b391-76191127af1b",
    "color" : "#33FF00",
    "position" : {
      "x" : 17.220665,
      "y" : -32.176083,
      "z" : -23.227554
    },
    "orientation" : 52
  }, {
    "shape" : "807c48a2-e3dc-44cc-ace3-6b0562669ed1",
    "color" : "#FFFFFF",
    "position" : {
      "x" : 11.813777,
      "y" : -20.285913,
      "z" : -16.497059
    },
    "orientation" : 17
  }, {
    "shape" : "565e17ce-c1cf-469f-a7d3-8a1ce566dc43",
    "color" : "#FFFFFF",
    "position" : {
      "x" : 11.813777,
      "y" : -24.074766,
      "z" : -20.285913
    },
    "orientation" : 33
  }, {
    "shape" : "5747fee5-2521-46b5-8a91-4c3722d7f227",
    "color" : "#D77F7F",
    "position" : {
      "x" : 0.0,
      "y" : -2.618034,
      "z" : 6.854102
    },
    "orientation" : 32
  }, {
    "shape" : "0b9e19e1-e6cf-4ad2-90bc-7d1684dd97e5",
    "color" : "#D77F7F",
    "position" : {
      "x" : -6.854102,
      "y" : 0.0,
      "z" : -2.618034
    },
    "orientation" : 47
  }, {
    "shape" : "807c48a2-e3dc-44cc-ace3-6b0562669ed1",
    "color" : "#FFFFFF",
    "position" : {
      "x" : 11.813777,
      "y" : 15.602632,
      "z" : 4.236068
    },
    "orientation" : 31
  }, {
    "shape" : "c707238c-c77e-4fcd-afc5-3b1529870131",
    "color" : "#FFFFFF",
    "position" : {
      "x" : 6.854102,
      "y" : 19.8387,
      "z" : 14.8790245
    },
    "orientation" : 6
  }, {
    "shape" : "8d7b876e-65bf-438a-81a7-43221d42d146",
    "color" : "#FFFFFF",
    "position" : {
      "x" : 17.220665,
      "y" : -5.4068885,
      "z" : 0.0
    },
    "orientation" : 40
  }, {
    "shape" : "b8ec3180-4ce1-4e2e-9fc1-6e0c8663a158",
    "color" : "#FFFFFF",
    "position" : {
      "x" : -6.854102,
      "y" : -27.416409,
      "z" : -19.562305
    },
    "orientation" : 52
  }, {
    "shape" : "b51244de-5b7d-4ff2-8c1b-ce795a4cfb4c",
    "color" : "#33FF00",
    "position" : {
      "x" : 8.024922,
      "y" : 28.263622,
      "z" : 5.9304953
    },
    "orientation" : 56
  }, {
    "shape" : "b8ec3180-4ce1-4e2e-9fc1-6e0c8663a158",
    "color" : "#FFFFFF",
    "position" : {
      "x" : -0.7236068,
      "y" : -19.8387,
      "z" : -27.140015
    },
    "orientation" : 46
  }, {
    "shape" : "807c48a2-e3dc-44cc-ace3-6b0562669ed1",
    "color" : "#FFFFFF",
    "position" : {
      "x" : 8.024922,
      "y" : -51.491177,
      "z" : -20.285913
    },
    "orientation" : 36
  }, {
    "shape" : "807c48a2-e3dc-44cc-ace3-6b0562669ed1",
    "color" : "#FFFFFF",
    "position" : {
      "x" : 11.813777,
      "y" : -4.236068,
      "z" : -8.024922
    },
    "orientation" : 31
  }, {
    "shape" : "ad5e18dd-5175-48a8-8366-0c3d9c409344",
    "color" : "#D77F7F",
    "position" : {
      "x" : 6.854102,
      "y" : 0.0,
      "z" : 2.618034
    },
    "orientation" : 15
  }, {
    "shape" : "bf1c6dbd-f578-474a-b817-b4afc65a6a3e",
    "color" : "#33FF00",
    "position" : {
      "x" : 15.602632,
      "y" : -17.297058,
      "z" : -11.413776
    },
    "orientation" : 52
  }, {
    "shape" : "0b9e19e1-e6cf-4ad2-90bc-7d1684dd97e5",
    "color" : "#D77F7F",
    "position" : {
      "x" : 6.854102,
      "y" : -19.8387,
      "z" : -9.642957
    },
    "orientation" : 2
  }, {
    "shape" : "5747fee5-2521-46b5-8a91-4c3722d7f227",
    "color" : "#D77F7F",
    "position" : {
      "x" : 0.0,
      "y" : 17.220665,
      "z" : 19.115093
    },
    "orientation" : 32
  }, {
    "shape" : "ef509495-2e46-48d4-aa36-e3da134d5a37",
    "color" : "#D77F7F",
    "position" : {
      "x" : 4.236068,
      "y" : -35.44133,
      "z" : -28.758049
    },
    "orientation" : 46
  }, {
    "shape" : "6c0a3cde-423c-4270-a53b-593a1f037f6f",
    "color" : "#33FF00",
    "position" : {
      "x" : -6.854102,
      "y" : -30.805262,
      "z" : -31.576082
    },
    "orientation" : 42
  }, {
    "shape" : "807c48a2-e3dc-44cc-ace3-6b0562669ed1",
    "color" : "#FFFFFF",
    "position" : {
      "x" : 11.813777,
      "y" : -43.913467,
      "z" : -32.5469
    },
    "orientation" : 31
  }, {
    "shape" : "bf1c6dbd-f578-474a-b817-b4afc65a6a3e",
    "color" : "#33FF00",
    "position" : {
      "x" : 4.236068,
      "y" : 31.652475,
      "z" : 12.708204
    },
    "orientation" : 42
  }, {
    "shape" : "6c0a3cde-423c-4270-a53b-593a1f037f6f",
    "color" : "#33FF00",
    "position" : {
      "x" : -6.854102,
      "y" : -6.7777085,
      "z" : -16.173452
    },
    "orientation" : 57
  }, {
    "shape" : "565e17ce-c1cf-469f-a7d3-8a1ce566dc43",
    "color" : "#FFFFFF",
    "position" : {
      "x" : -0.7236068,
      "y" : -19.8387,
      "z" : -27.140015
    },
    "orientation" : 43
  }, {
    "shape" : "b8ec3180-4ce1-4e2e-9fc1-6e0c8663a158",
    "color" : "#FFFFFF",
    "position" : {
      "x" : 4.236068,
      "y" : 11.813777,
      "z" : 0.4472136
    },
    "orientation" : 56
  }, {
    "shape" : "c707238c-c77e-4fcd-afc5-3b1529870131",
    "color" : "#FFFFFF",
    "position" : {
      "x" : -12.26099,
      "y" : -22.456734,
      "z" : -25.245588
    },
    "orientation" : 38
  }, {
    "shape" : "32617cc8-5a91-4c20-8e25-b1ee6ddab4e9",
    "color" : "#33FF00",
    "position" : {
      "x" : -2.618034,
      "y" : -12.984597,
      "z" : -12.26099
    },
    "orientation" : 42
  }, {
    "shape" : "b8ec3180-4ce1-4e2e-9fc1-6e0c8663a158",
    "color" : "#FFFFFF",
    "position" : {
      "x" : 4.236068,
      "y" : -27.86362,
      "z" : -24.074766
    },
    "orientation" : 56
  }, {
    "shape" : "5747fee5-2521-46b5-8a91-4c3722d7f227",
    "color" : "#D77F7F",
    "position" : {
      "x" : -6.854102,
      "y" : 0.0,
      "z" : -2.618034
    },
    "orientation" : 45
  }, {
    "shape" : "cec0ed7e-4bdc-4c98-b391-76191127af1b",
    "color" : "#33FF00",
    "position" : {
      "x" : -15.602632,
      "y" : -29.558048,
      "z" : -27.463621
    },
    "orientation" : 41
  }, {
    "shape" : "ef509495-2e46-48d4-aa36-e3da134d5a37",
    "color" : "#D77F7F",
    "position" : {
      "x" : -4.236068,
      "y" : 35.44133,
      "z" : 20.285913
    },
    "orientation" : 16
  }, {
    "shape" : "807c48a2-e3dc-44cc-ace3-6b0562669ed1",
    "color" : "#FFFFFF",
    "position" : {
      "x" : -11.537383,
      "y" : -39.6774,
      "z" : -29.481655
    },
    "orientation" : 39
  }, {
    "shape" : "565e17ce-c1cf-469f-a7d3-8a1ce566dc43",
    "color" : "#FFFFFF",
    "position" : {
      "x" : 8.024922,
      "y" : -31.652475,
      "z" : -8.024922
    },
    "orientation" : 47
  }, {
    "shape" : "565e17ce-c1cf-469f-a7d3-8a1ce566dc43",
    "color" : "#FFFFFF",
    "position" : {
      "x" : 11.813777,
      "y" : -40.12461,
      "z" : -28.758049
    },
    "orientation" : 19
  }, {
    "shape" : "565e17ce-c1cf-469f-a7d3-8a1ce566dc43",
    "color" : "#FFFFFF",
    "position" : {
      "x" : -11.537383,
      "y" : -19.8387,
      "z" : -17.220665
    },
    "orientation" : 28
  }, {
    "shape" : "6c0a3cde-423c-4270-a53b-593a1f037f6f",
    "color" : "#33FF00",
    "position" : {
      "x" : -12.26099,
      "y" : -18.26788,
      "z" : -7.5013156
    },
    "orientation" : 37
  }, {
    "shape" : "807c48a2-e3dc-44cc-ace3-6b0562669ed1",
    "color" : "#FFFFFF",
    "position" : {
      "x" : -0.7236068,
