{
  "field" : "golden",
  "symmetry" : "icosahedral",
  "orientations" : [ [ 1.0, 0.0, 0.0, 0.0, 0.0, 1.0, 0.0, 0.0, 0.0, 0.0, 1.0, 0.0, 0.0, 0.0, 0.0, 1.0 ], [ 0.0, 0.0, 1.0, 0.0, 1.0, 0.0, 0.0, 0.0, 0.0, 1.0, 0.0, 0.0, 0.0, 0.0, 0.0, 1.0 ], [ 0.0, 1.0, 0.0, 0.0, 0.0, 0.0, 1.0, 0.0, 1.0, 0.0, 0.0, 0.0, 0.0, 0.0, 0.0, 1.0 ], [ 0.809017, 0.309017, 0.5, 0.0, 0.309017, 0.5, -0.809017, 0.0, -0.5, 0.809017, 0.309017, 0.0, 0.0, 0.0, 0.0, 1.0 ], [ -0.5, 0.809017, 0.309017, 0.0, 0.809017, 0.309017, 0.5, 0.0, 0.309017, 0.5, -0.809017, 0.0, 0.0, 0.0, 0.0, 1.0 ], [ 0.309017, 0.5, -0.809017, 0.0, -0.5, 0.809017, 0.309017, 0.0, 0.809017, 0.309017, 0.5, 0.0, 0.0, 0.0, 0.0, 1.0 ], [ 0.5, 0.809017, 0.309017, 0.0, 0.809017, -0.309017, -0.5, 0.0, -0.309017, 0.5, -0.809017, 0.0, 0.0, 0.0, 0.0, 1.0 ], [ -0.309017, 0.5, -0.809017, 0.0, 0.5, 0.809017, 0.309017, 0.0, 0.809017, -0.309017, -0.5, 0.0, 0.0, 0.0, 0.0, 1.0 ], [ 0.809017, -0.309017, -0.5, 0.0, -0.309017, 0.5, -0.809017, 0.0, 0.5, 0.809017, 0.309017, 0.0, 0.0, 0.0, 0.0, 1.0 ], [ 0.5, 0.809017, -0.309017, 0.0, 0.809017, -0.309017, 0.5, 0.0, 0.309017, -0.5, -0.809017, 0.0, 0.0, 0.0, 0.0, 1.0 ], [ 0.309017, -0.5, -0.809017, 0.0, 0.5, 0.809017, -0.309017, 0.0, 0.809017, -0.309017, 0.5, 0.0, 0.0, 0.0, 0.0, 1.0 ], [ 0.809017, -0.309017, 0.5, 0.0, 0.309017, -0.5, -0.809017, 0.0, 0.5, 0.809017, -0.309017, 0.0, 0.0, 0.0, 0.0, 1.0 ], [ 0.809017, 0.309017, -0.5, 0.0, 0.309017, 0.5, 0.809017, 0.0, 0.5, -0.809017, 0.309017, 0.0, 0.0, 0.0, 0.0, 1.0 ], [ 0.5, -0.809017, 0.309017, 0.0, 0.809017, 0.309017, -0.5, 0.0, 0.309017, 0.5, 0.809017, 0.0, 0.0, 0.0, 0.0, 1.0 ], [ 0.309017, 0.5, 0.809017, 0.0, 0.5, -0.809017, 0.309017, 0.0, 0.809017, 0.309017, -0.5, 0.0, 0.0, 0.0, 0.0, 1.0 ], [ 1.0, 0.0, 0.0, 0.0, 0.0, -1.0, 0.0, 0.0, 0.0, 0.0, -1.0, 0.0, 0.0, 0.0, 0.0, 1.0 ], [ 0.0, 0.0, 1.0, 0.0, -1.0, 0.0, 0.0, 0.0, 0.0, -1.0, 0.0, 0.0, 0.0, 0.0, 0.0, 1.0 ], [ 0.0, 1.0, 0.0, 0.0, 0.0, 0.0, -1.0, 0.0, -1.0, 0.0, 0.0, 0.0, 0.0, 0.0, 0.0, 1.0 ], [ 0.809017, 0.309017, 0.5, 0.0, -0.309017, -0.5, 0.809017, 0.0, 0.5, -0.809017, -0.309017, 0.0, 0.0, 0.0, 0.0, 1.0 ], [ -0.5, 0.809017, 0.309017, 0.0, -0.809017, -0.309017, -0.5, 0.0, -0.309017, -0.5, 0.809017, 0.0, 0.0, 0.0, 0.0, 1.0 ], [ 0.309017, 0.5, -0.809017, 0.0, 0.5, -0.809017, -0.309017, 0.0, -0.809017, -0.309017, -0.5, 0.0, 0.0, 0.0, 0.0, 1.0 ], [ 0.5, 0.809017, 0.309017, 0.0, -0.809017, 0.309017, 0.5, 0.0, 0.309017, -0.5, 0.809017, 0.0, 0.0, 0.0, 0.0, 1.0 ], [ -0.309017, 0.5, -0.809017, 0.0, -0.5, -0.809017, -0.309017, 0.0, -0.809017, 0.309017, 0.5, 0.0, 0.0, 0.0, 0.0, 1.0 ], [ 0.809017, -0.309017, -0.5, 0.0, 0.309017, -0.5, 0.809017, 0.0, -0.5, -0.809017, -0.309017, 0.0, 0.0, 0.0, 0.0, 1.0 ], [ 0.5, 0.809017, -0.309017, 0.0, -0.809017, 0.309017, -0.5, 0.0, -0.309017, 0.5, 0.809017, 0.0, 0.0, 0.0, 0.0, 1.0 ], [ 0.309017, -0.5, -0.809017, 0.0, -0.5, -0.809017, 0.309017, 0.0, -0.809017, 0.309017, -0.5, 0.0, 0.0, 0.0, 0.0, 1.0 ], [ 0.809017, -0.309017, 0.5, 0.0, -0.309017, 0.5, 0.809017, 0.0, -0.5, -0.809017, 0.309017, 0.0, 0.0, 0.0, 0.0, 1.0 ], [ 0.809017, 0.309017, -0.5, 0.0, -0.309017, -0.5, -0.809017, 0.0, -0.5, 0.809017, -0.309017, 0.0, 0.0, 0.0, 0.0, 1.0 ], [ 0.5, -0.809017, 0.309017, 0.0, -0.809017, -0.309017, 0.5, 0.0, -0.309017, -0.5, -0.809017, 0.0, 0.0, 0.0, 0.0, 1.0 ], [ 0.309017, 0.5, 0.809017, 0.0, -0.5, 0.809017, -0.309017, 0.0, -0.809017, -0.309017, 0.5, 0.0, 0.0, 0.0, 0.0, 1.0 ], [ -1.0, 0.0, 0.0, 0.0, 0.0, -1.0, 0.0, 0.0, 0.0, 0.0, 1.0, 0.0, 0.0, 0.0, 0.0, 1.0 ], [ 0.0, 0.0, -1.0, 0.0, -1.0, 0.0, 0.0, 0.0, 0.0, 1.0, 0.0, 0.0, 0.0, 0.0, 0.0, 1.0 ], [ 0.0, -1.0, 0.0, 0.0, 0.0, 0.0, -1.0, 0.0, 1.0, 0.0, 0.0, 0.0, 0.0, 0.0, 0.0, 1.0 ], [ -0.809017, -0.309017, -0.5, 0.0, -0.309017, -0.5, 0.809017, 0.0, -0.5, 0.809017, 0.309017, 0.0, 0.0, 0.0, 0.0, 1.0 ], [ 0.5, -0.809017, -0.309017, 0.0, -0.809017, -0.309017, -0.5, 0.0, 0.309017, 0.5, -0.809017, 0.0, 0.0, 0.0, 0.0, 1.0 ], [ -0.309017, -0.5, 0.809017, 0.0, 0.5, -0.809017, -0.309017, 0.0, 0.809017, 0.309017, 0.5, 0.0, 0.0, 0.0, 0.0, 1.0 ], [ -0.5, -0.809017, -0.309017, 0.0, -0.809017, 0.309017, 0.5, 0.0, -0.309017, 0.5, -0.809017, 0.0, 0.0, 0.0, 0.0, 1.0 ], [ 0.309017, -0.5, 0.809017, 0.0, -0.5, -0.809017, -0.309017, 0.0, 0.809017, -0.309017, -0.5, 0.0, 0.0, 0.0, 0.0, 1.0 ], [ -0.809017, 0.309017, 0.5, 0.0, 0.309017, -0.5, 0.809017, 0.0, 0.5, 0.809017, 0.309017, 0.0, 0.0, 0.0, 0.0, 1.0 ], [ -0.5, -0.809017, 0.309017, 0.0, -0.809017, 0.309017, -0.5, 0.0, 0.309017, -0.5, -0.809017, 0.0, 0.0, 0.0, 0.0, 1.0 ], [ -0.309017, 0.5, 0.809017, 0.0, -0.5, -0.809017, 0.309017, 0.0, 0.809017, -0.309017, 0.5, 0.0, 0.0, 0.0, 0.0, 1.0 ], [ -0.809017, 0.309017, -0.5, 0.0, -0.309017, 0.5, 0.809017, 0.0, 0.5, 0.809017, -0.309017, 0.0, 0.0, 0.0, 0.0, 1.0 ], [ -0.809017, -0.309017, 0.5, 0.0, -0.309017, -0.5, -0.809017, 0.0, 0.5, -0.809017, 0.309017, 0.0, 0.0, 0.0, 0.0, 1.0 ], [ -0.5, 0.809017, -0.309017, 0.0, -0.809017, -0.309017, 0.5, 0.0, 0.309017, 0.5, 0.809017, 0.0, 0.0, 0.0, 0.0, 1.0 ], [ -0.309017, -0.5, -0.809017, 0.0, -0.5, 0.809017, -0.309017, 0.0, 0.809017, 0.309017, -0.5, 0.0, 0.0, 0.0, 0.0, 1.0 ], [ -1.0, 0.0, 0.0, 0.0, 0.0, 1.0, 0.0, 0.0, 0.0, 0.0, -1.0, 0.0, 0.0, 0.0, 0.0, 1.0 ], [ 0.0, 0.0, -1.0, 0.0, 1.0, 0.0, 0.0, 0.0, 0.0, -1.0, 0.0, 0.0, 0.0, 0.0, 0.0, 1.0 ], [ 0.0, -1.0, 0.0, 0.0, 0.0, 0.0, 1.0, 0.0, -1.0, 0.0, 0.0, 0.0, 0.0, 0.0, 0.0, 1.0 ], [ -0.809017, -0.309017, -0.5, 0.0, 0.309017, 0.5, -0.809017, 0.0, 0.5, -0.809017, -0.309017, 0.0, 0.0, 0.0, 0.0, 1.0 ], [ 0.5, -0.809017, -0.309017, 0.0, 0.809017, 0.309017, 0.5, 0.0, -0.309017, -0.5, 0.809017, 0.0, 0.0, 0.0, 0.0, 1.0 ], [ -0.309017, -0.5, 0.809017, 0.0, -0.5, 0.809017, 0.309017, 0.0, -0.809017, -0.309017, -0.5, 0.0, 0.0, 0.0, 0.0, 1.0 ], [ -0.5, -0.809017, -0.309017, 0.0, 0.809017, -0.309017, -0.5, 0.0, 0.309017, -0.5, 0.809017, 0.0, 0.0, 0.0, 0.0, 1.0 ], [ 0.309017, -0.5, 0.809017, 0.0, 0.5, 0.809017, 0.309017, 0.0, -0.809017, 0.309017, 0.5, 0.0, 0.0, 0.0, 0.0, 1.0 ], [ -0.809017, 0.309017, 0.5, 0.0, -0.309017, 0.5, -0.809017, 0.0, -0.5, -0.809017, -0.309017, 0.0, 0.0, 0.0, 0.0, 1.0 ], [ -0.5, -0.809017, 0.309017, 0.0, 0.809017, -0.309017, 0.5, 0.0, -0.309017, 0.5, 0.809017, 0.0, 0.0, 0.0, 0.0, 1.0 ], [ -0.309017, 0.5, 0.809017, 0.0, 0.5, 0.809017, -0.309017, 0.0, -0.809017, 0.309017, -0.5, 0.0, 0.0, 0.0, 0.0, 1.0 ], [ -0.809017, 0.309017, -0.5, 0.0, 0.309017, -0.5, -0.809017, 0.0, -0.5, -0.809017, 0.309017, 0.0, 0.0, 0.0, 0.0, 1.0 ], [ -0.809017, -0.309017, 0.5, 0.0, 0.309017, 0.5, 0.809017, 0.0, -0.5, 0.809017, -0.309017, 0.0, 0.0, 0.0, 0.0, 1.0 ], [ -0.5, 0.809017, -0.309017, 0.0, 0.809017, 0.309017, -0.5, 0.0, -0.309017, -0.5, -0.809017, 0.0, 0.0, 0.0, 0.0, 1.0 ], [ -0.309017, -0.5, -0.809017, 0.0, 0.5, -0.809017, 0.309017, 0.0, -0.809017, -0.309017, 0.5, 0.0, 0.0, 0.0, 0.0, 1.0 ] ],
  "lights" : {
    "directionalLights" : [ {
      "direction" : {
        "x" : 1.0,
        "y" : -1.0,
        "z" : -1.0
      },
      "color" : "#EBEBE4"
    }, {
      "direction" : {
        "x" : -1.0,
        "y" : 0.0,
        "z" : 0.0
      },
      "color" : "#E4E4EB"
    }, {
      "direction" : {
        "x" : 0.0,
        "y" : 0.0,
        "z" : -1.0
      },
      "color" : "#1E1E1E"
    } ],
    "ambientColor" : "#292929",
    "backgroundColor" : "#AFC8DC"
  },
  "camera" : {
    "position" : {
      "x" : 80.48191,
      "y" : 2.1520312,
      "z" : 148.39519
    },
    "width" : 75.972534,
    "nearClipDistance" : 0.42206958,
    "lookAtPoint" : {
      "x" : 0.0,
      "y" : 0.0,
      "z" : 0.0
    },
    "viewDistance" : 168.82784,
    "farClipDistance" : 337.65564,
    "perspective" : true,
    "fieldOfView" : 0.44262892,
    "stereo" : false,
    "upDirection" : {
      "x" : -0.018798072,
      "y" : -0.99951565,
      "z" : 0.024670847
    },
    "lookDirection" : {
      "x" : -0.47670996,
      "y" : -0.0127468975,
      "z" : -0.8789734
    }
  },
  "embedding" : [ 1.0, 0.0, 0.0, 0.0, 0.0, 1.0, 0.0, 0.0, 0.0, 0.0, 1.0, 0.0, 0.0, 0.0, 0.0, 1.0 ],
  "shapes" : [ {
    "id" : "eda2c2e0-71e7-4d00-8fad-c06805c620ca",
    "vertices" : [ {
      "x" : 1.0,
      "y" : 0.309017,
      "z" : 0.19098301
    }, {
      "x" : 1.0,
      "y" : -0.309017,
      "z" : 0.19098301
    }, {
      "x" : 12.708204,
      "y" : -0.309017,
      "z" : 0.19098301
    }, {
      "x" : 12.708204,
      "y" : 0.309017,
      "z" : 0.19098301
    }, {
      "x" : 12.708204,
      "y" : -0.309017,
      "z" : -0.19098301
    }, {
      "x" : 12.708204,
      "y" : 0.309017,
      "z" : -0.19098301
    }, {
      "x" : 13.326238,
      "y" : 0.0,
      "z" : 0.0
    }, {
      "x" : 0.38196602,
      "y" : 0.0,
      "z" : 0.0
    }, {
      "x" : 1.0,
      "y" : 0.309017,
      "z" : -0.19098301
    }, {
      "x" : 1.0,
      "y" : -0.309017,
      "z" : -0.19098301
    }, {
      "x" : 13.708204,
      "y" : 0.0,
      "z" : 0.0
    } ],
    "faces" : [ {
      "vertices" : [ 1, 9, 4 ]
    }, {
      "vertices" : [ 1, 4, 2 ]
    }, {
      "vertices" : [ 0, 3, 5 ]
    }, {
      "vertices" : [ 0, 5, 8 ]
    }, {
      "vertices" : [ 1, 7, 9 ]
    }, {
      "vertices" : [ 0, 1, 2 ]
    }, {
      "vertices" : [ 0, 2, 3 ]
    }, {
      "vertices" : [ 7, 8, 9 ]
    }, {
      "vertices" : [ 0, 7, 1 ]
    }, {
      "vertices" : [ 4, 9, 8 ]
    }, {
      "vertices" : [ 4, 8, 5 ]
    }, {
      "vertices" : [ 2, 6, 3 ]
    }, {
      "vertices" : [ 2, 4, 6 ]
    }, {
      "vertices" : [ 3, 6, 5 ]
    }, {
      "vertices" : [ 4, 5, 6 ]
    }, {
      "vertices" : [ 0, 8, 7 ]
    } ]
  }, {
    "id" : "755d9596-6140-42ae-b7a2-ba47d016d33e",
    "vertices" : [ {
      "x" : -14.5172205,
      "y" : 5.545085,
      "z" : 15.826238
    }, {
      "x" : -3.427051,
      "y" : 1.309017,
      "z" : 8.972136
    }, {
      "x" : -25.607391,
      "y" : 1.309017,
      "z" : 8.972136
    } ],
    "faces" : [ {
      "vertices" : [ 0, 1, 2 ]
    }, {
      "vertices" : [ 0, 2, 1 ]
    } ]
  }, {
    "id" : "7d6188e2-4acc-4764-9539-6742ff1cc8ce",
    "vertices" : [ {
      "x" : -7.663119,
      "y" : -5.545085,
      "z" : -2.118034
    }, {
      "x" : 3.427051,
      "y" : -9.781153,
      "z" : -8.972136
    }, {
      "x" : 14.5172205,
      "y" : -5.545085,
      "z" : -2.118034
    } ],
    "faces" : [ {
      "vertices" : [ 0, 1, 2 ]
    }, {
      "vertices" : [ 0, 2, 1 ]
    } ]
  }, {
    "id" : "546099d5-e1c3-485b-90e5-aaad16b240f2",
    "vertices" : [ {
      "x" : 7.663119,
      "y" : 5.545085,
      "z" : 2.118034
    }, {
      "x" : -14.5172205,
      "y" : 5.545085,
      "z" : 2.118034
    }, {
      "x" : -3.427051,
      "y" : 1.309017,
      "z" : 8.972136
    } ],
    "faces" : [ {
      "vertices" : [ 0, 1, 2 ]
    }, {
      "vertices" : [ 0, 2, 1 ]
    } ]
  }, {
    "id" : "e42446ca-cd90-4198-a7d1-79840f163cb0",
    "vertices" : [ {
      "x" : 1.0,
      "y" : 0.309017,
      "z" : 0.19098301
    }, {
      "x" : 1.0,
      "y" : -0.309017,
      "z" : 0.19098301
    }, {
      "x" : 21.18034,
      "y" : -0.309017,
      "z" : 0.19098301
    }, {
      "x" : 21.18034,
      "y" : 0.309017,
      "z" : 0.19098301
    }, {
      "x" : 21.18034,
      "y" : -0.309017,
      "z" : -0.19098301
    }, {
      "x" : 21.18034,
      "y" : 0.309017,
      "z" : -0.19098301
    }, {
      "x" : 21.798374,
      "y" : 0.0,
      "z" : 0.0
    }, {
      "x" : 0.38196602,
      "y" : 0.0,
      "z" : 0.0
    }, {
      "x" : 1.0,
      "y" : 0.309017,
      "z" : -0.19098301
    }, {
      "x" : 1.0,
      "y" : -0.309017,
      "z" : -0.19098301
    }, {
      "x" : 22.18034,
      "y" : 0.0,
      "z" : 0.0
    } ],
    "faces" : [ {
      "vertices" : [ 1, 9, 4 ]
    }, {
      "vertices" : [ 1, 4, 2 ]
    }, {
      "vertices" : [ 0, 3, 5 ]
    }, {
      "vertices" : [ 0, 5, 8 ]
    }, {
      "vertices" : [ 1, 7, 9 ]
    }, {
      "vertices" : [ 0, 1, 2 ]
    }, {
      "vertices" : [ 0, 2, 3 ]
    }, {
      "vertices" : [ 7, 8, 9 ]
    }, {
      "vertices" : [ 0, 7, 1 ]
    }, {
      "vertices" : [ 4, 9, 8 ]
    }, {
      "vertices" : [ 4, 8, 5 ]
    }, {
      "vertices" : [ 2, 6, 3 ]
    }, {
      "vertices" : [ 2, 4, 6 ]
    }, {
      "vertices" : [ 3, 6, 5 ]
    }, {
      "vertices" : [ 4, 5, 6 ]
    }, {
      "vertices" : [ 0, 8, 7 ]
    } ]
  }, {
    "id" : "54e81771-bd59-4490-aa36-550360fbbe15",
    "vertices" : [ {
      "x" : -0.309017,
      "y" : -0.19098301,
      "z" : 0.0
    }, {
      "x" : -0.309017,
      "y" : 0.19098301,
      "z" : 0.0
    }, {
      "x" : -0.19098301,
      "y" : 0.0,
      "z" : -0.309017
    }, {
      "x" : -0.19098301,
      "y" : 0.0,
      "z" : 0.309017
    }, {
      "x" : 0.0,
      "y" : -0.309017,
      "z" : -0.19098301
    }, {
      "x" : 0.0,
      "y" : -0.309017,
      "z" : 0.19098301
    }, {
      "x" : 0.0,
      "y" : 0.309017,
      "z" : -0.19098301
    }, {
      "x" : 0.0,
      "y" : 0.309017,
      "z" : 0.19098301
    }, {
      "x" : 0.19098301,
      "y" : 0.0,
      "z" : -0.309017
    }, {
      "x" : 0.19098301,
      "y" : 0.0,
      "z" : 0.309017
    }, {
      "x" : 0.309017,
      "y" : -0.19098301,
      "z" : 0.0
    }, {
      "x" : 0.309017,
      "y" : 0.19098301,
      "z" : 0.0
    } ],
    "faces" : [ {
      "vertices" : [ 0, 1, 2 ]
    }, {
      "vertices" : [ 0, 3, 1 ]
    }, {
      "vertices" : [ 0, 2, 4 ]
    }, {
      "vertices" : [ 0, 5, 3 ]
    }, {
      "vertices" : [ 0, 4, 5 ]
    }, {
      "vertices" : [ 1, 6, 2 ]
    }, {
      "vertices" : [ 1, 3, 7 ]
    }, {
      "vertices" : [ 1, 7, 6 ]
    }, {
      "vertices" : [ 2, 8, 4 ]
    }, {
      "vertices" : [ 2, 6, 8 ]
    }, {
      "vertices" : [ 3, 5, 9 ]
    }, {
      "vertices" : [ 3, 9, 7 ]
    }, {
      "vertices" : [ 4, 10, 5 ]
    }, {
      "vertices" : [ 4, 8, 10 ]
    }, {
      "vertices" : [ 5, 10, 9 ]
    }, {
      "vertices" : [ 6, 7, 11 ]
    }, {
      "vertices" : [ 6, 11, 8 ]
    }, {
      "vertices" : [ 7, 9, 11 ]
    }, {
      "vertices" : [ 8, 11, 10 ]
    }, {
      "vertices" : [ 9, 10, 11 ]
    } ]
  }, {
    "id" : "e77b5c72-9d45-4777-96fa-0b94e45c4ca3",
    "vertices" : [ {
      "x" : -7.663119,
      "y" : -5.545085,
      "z" : -2.118034
    }, {
      "x" : 3.427051,
      "y" : -1.309017,
      "z" : -8.972136
    }, {
      "x" : 14.5172205,
      "y" : -5.545085,
      "z" : -2.118034
    } ],
    "faces" : [ {
      "vertices" : [ 0, 1, 2 ]
    }, {
      "vertices" : [ 0, 2, 1 ]
    } ]
  }, {
    "id" : "b77d6aed-cdb2-4f49-ad8e-c943e822c70b",
    "vertices" : [ {
      "x" : -14.5172205,
      "y" : 5.545085,
      "z" : 2.118034
    }, {
      "x" : -25.607391,
      "y" : 1.309017,
      "z" : 8.972136
    }, {
      "x" : -3.427051,
      "y" : 1.309017,
      "z" : 8.972136
    } ],
    "faces" : [ {
      "vertices" : [ 0, 1, 2 ]
    }, {
      "vertices" : [ 0, 2, 1 ]
    } ]
  }, {
    "id" : "0e443b2c-fafa-41fa-b0c7-8dc5ceb85de5",
    "vertices" : [ {
      "x" : -14.5172205,
      "y" : 5.545085,
      "z" : 2.118034
    }, {
      "x" : -7.663119,
      "y" : -5.545085,
      "z" : -2.118034
    }, {
      "x" : -25.607391,
      "y" : 1.309017,
      "z" : 8.972136
    } ],
    "faces" : [ {
      "vertices" : [ 0, 1, 2 ]
    }, {
      "vertices" : [ 0, 2, 1 ]
    } ]
  }, {
    "id" : "62d7aa54-ecda-4354-9c45-6d94732ec73b",
    "vertices" : [ {
      "x" : 7.663119,
      "y" : 5.545085,
      "z" : 2.118034
    }, {
      "x" : 14.5172205,
      "y" : -5.545085,
      "z" : -2.118034
    }, {
      "x" : 25.607391,
      "y" : -1.309017,
      "z" : -8.972136
    } ],
    "faces" : [ {
      "vertices" : [ 0, 1, 2 ]
    }, {
      "vertices" : [ 0, 2, 1 ]
    } ]
  }, {
    "id" : "29355cd0-9f15-4f89-a8e5-c23e81a04fae",
    "vertices" : [ {
      "x" : 3.427051,
      "y" : -1.309017,
      "z" : -8.972136
    }, {
      "x" : 7.663119,
      "y" : 5.545085,
      "z" : 2.118034
    }, {
      "x" : 25.607391,
      "y" : -1.309017,
      "z" : -8.972136
    } ],
    "faces" : [ {
      "vertices" : [ 0, 1, 2 ]
    }, {
      "vertices" : [ 0, 2, 1 ]
    } ]
  }, {
    "id" : "f6e6fcfd-4d52-4a05-ba7c-c70beccb59bd",
    "vertices" : [ {
      "x" : -25.607391,
      "y" : 1.309017,
      "z" : 8.972136
    }, {
      "x" : -7.663119,
      "y" : -5.545085,
      "z" : -2.118034
    }, {
      "x" : -21.371323,
      "y" : -5.545085,
      "z" : -2.118034
    } ],
    "faces" : [ {
      "vertices" : [ 0, 1, 2 ]
    }, {
      "vertices" : [ 0, 2, 1 ]
    } ]
  }, {
    "id" : "da85ac17-5e18-4c1b-bb52-5a518141bd31",
    "vertices" : [ {
      "x" : 7.663119,
      "y" : 5.545085,
      "z" : 2.118034
    }, {
      "x" : -3.427051,
      "y" : 9.781153,
      "z" : 8.972136
    }, {
      "x" : -14.5172205,
      "y" : 5.545085,
      "z" : 2.118034
    } ],
    "faces" : [ {
      "vertices" : [ 0, 1, 2 ]
    }, {
      "vertices" : [ 0, 2, 1 ]
    } ]
  }, {
    "id" : "c713918e-a9d1-414b-b154-5cdf749d4a22",
    "vertices" : [ {
      "x" : 3.427051,
      "y" : -1.309017,
      "z" : -8.972136
    }, {
      "x" : -14.5172205,
      "y" : 5.545085,
      "z" : 2.118034
    }, {
      "x" : -10.281153,
      "y" : -1.309017,
      "z" : -8.972136
    } ],
    "faces" : [ {
      "vertices" : [ 0, 1, 2 ]
    }, {
      "vertices" : [ 0, 2, 1 ]
    } ]
  }, {
    "id" : "627af6a0-deff-4b9c-bd8b-fcf53260be21",
    "vertices" : [ {
      "x" : 3.427051,
      "y" : -1.309017,
      "z" : -8.972136
    }, {
      "x" : 25.607391,
      "y" : -1.309017,
      "z" : -8.972136
    }, {
      "x" : 14.5172205,
      "y" : -5.545085,
      "z" : -2.118034
    } ],
    "faces" : [ {
      "vertices" : [ 0, 1, 2 ]
    }, {
      "vertices" : [ 0, 2, 1 ]
    } ]
  }, {
    "id" : "9b6b601a-0227-485d-9d78-df7b9f98413f",
    "vertices" : [ {
      "x" : -14.5172205,
      "y" : 5.545085,
      "z" : 2.118034
    }, {
      "x" : 3.427051,
      "y" : -1.309017,
      "z" : -8.972136
    }, {
      "x" : 7.663119,
      "y" : 5.545085,
      "z" : 2.118034
    } ],
    "faces" : [ {
      "vertices" : [ 0, 1, 2 ]
    }, {
      "vertices" : [ 0, 2, 1 ]
    } ]
  }, {
    "id" : "4f4b20d8-7859-4e5d-8667-f8d1c945406a",
    "vertices" : [ {
      "x" : 14.5172205,
      "y" : -5.545085,
      "z" : -2.118034
    }, {
      "x" : 7.663119,
      "y" : 5.545085,
      "z" : 2.118034
    }, {
      "x" : -3.427051,
      "y" : 1.309017,
      "z" : 8.972136
    } ],
    "faces" : [ {
      "vertices" : [ 0, 1, 2 ]
    }, {
      "vertices" : [ 0, 2, 1 ]
    } ]
  }, {
    "id" : "a2b45929-0738-4ca1-9c46-a81e807b0674",
    "vertices" : [ {
      "x" : 14.5172205,
      "y" : -5.545085,
      "z" : -2.118034
    }, {
      "x" : -3.427051,
      "y" : 1.309017,
      "z" : 8.972136
    }, {
      "x" : -7.663119,
      "y" : -5.545085,
      "z" : -2.118034
    } ],
    "faces" : [ {
      "vertices" : [ 0, 1, 2 ]
    }, {
      "vertices" : [ 0, 2, 1 ]
    } ]
  }, {
    "id" : "2ce35818-6c7b-4342-a1ae-9a77882233e5",
    "vertices" : [ {
      "x" : 25.607391,
      "y" : -1.309017,
      "z" : -8.972136
    }, {
      "x" : 7.663119,
      "y" : 5.545085,
      "z" : 2.118034
    }, {
      "x" : 21.371323,
      "y" : 5.545085,
      "z" : 2.118034
    } ],
    "faces" : [ {
      "vertices" : [ 0, 1, 2 ]
    }, {
      "vertices" : [ 0, 2, 1 ]
    } ]
  }, {
    "id" : "c1602f65-021d-46dc-910e-7bcd9c15b346",
    "vertices" : [ {
      "x" : 14.5172205,
      "y" : -5.545085,
      "z" : -15.826238
    }, {
      "x" : 3.427051,
      "y" : -1.309017,
      "z" : -8.972136
    }, {
      "x" : 25.607391,
      "y" : -1.309017,
      "z" : -8.972136
    } ],
    "faces" : [ {
      "vertices" : [ 0, 1, 2 ]
    }, {
      "vertices" : [ 0, 2, 1 ]
    } ]
  }, {
    "id" : "b59f6f36-9575-4a50-ad71-4d1bf4e7f728",
    "vertices" : [ {
      "x" : 3.427051,
      "y" : -1.309017,
      "z" : -8.972136
    }, {
      "x" : -7.663119,
      "y" : -5.545085,
      "z" : -2.118034
    }, {
      "x" : -14.5172205,
      "y" : 5.545085,
      "z" : 2.118034
    } ],
    "faces" : [ {
      "vertices" : [ 0, 1, 2 ]
    }, {
      "vertices" : [ 0, 2, 1 ]
    } ]
  }, {
    "id" : "e472df51-99cb-4933-8ac3-4376e59c8301",
    "vertices" : [ {
      "x" : -3.427051,
      "y" : 1.309017,
      "z" : 8.972136
    }, {
      "x" : -7.663119,
      "y" : -5.545085,
      "z" : -2.118034
    }, {
      "x" : -25.607391,
      "y" : 1.309017,
      "z" : 8.972136
    } ],
    "faces" : [ {
      "vertices" : [ 0, 1, 2 ]
    }, {
      "vertices" : [ 0, 2, 1 ]
    } ]
  }, {
    "id" : "d660e9fb-ff16-4bd0-98fd-4cda951a94e5",
    "vertices" : [ {
      "x" : -3.427051,
      "y" : 1.309017,
      "z" : 8.972136
    }, {
      "x" : 14.5172205,
      "y" : -5.545085,
      "z" : -2.118034
    }, {
      "x" : 10.281153,
      "y" : 1.309017,
      "z" : 8.972136
    } ],
    "faces" : [ {
      "vertices" : [ 0, 1, 2 ]
    }, {
      "vertices" : [ 0, 2, 1 ]
    } ]
  }, {
    "id" : "511d1b97-471e-402d-94ff-fe4fc62285f3",
    "vertices" : [ {
      "x" : -14.5172205,
      "y" : 5.545085,
      "z" : 2.118034
    }, {
      "x" : -7.663119,
      "y" : -5.545085,
      "z" : -2.118034
    }, {
      "x" : -25.607391,
      "y" : 1.309017,
      "z" : 8.972136
    } ],
    "faces" : [ {
      "vertices" : [ 0, 1, 2 ]
    }, {
      "vertices" : [ 0, 2, 1 ]
    } ]
  }, {
    "id" : "71e7aa5a-1b3d-4a80-8f3a-32c49b08a4ea",
    "vertices" : [ {
      "x" : 3.427051,
      "y" : -1.309017,
      "z" : -8.972136
    }, {
      "x" : 25.607391,
      "y" : -1.309017,
      "z" : -8.972136
    }, {
      "x" : 14.5172205,
      "y" : -5.545085,
      "z" : -2.118034
    } ],
    "faces" : [ {
      "vertices" : [ 0, 1, 2 ]
    }, {
      "vertices" : [ 0, 2, 1 ]
    } ]
  }, {
    "id" : "dff7a857-be33-48c1-aacf-6abe78fd5fd8",
    "vertices" : [ {
      "x" : 7.663119,
      "y" : 5.545085,
      "z" : 2.118034
    }, {
      "x" : 14.5172205,
      "y" : -5.545085,
      "z" : -2.118034
    }, {
      "x" : 25.607391,
      "y" : -1.309017,
      "z" : -8.972136
    } ],
    "faces" : [ {
      "vertices" : [ 0, 1, 2 ]
    }, {
      "vertices" : [ 0, 2, 1 ]
    } ]
  }, {
    "id" : "51af91e1-add3-4da6-88db-fcb4fc185e61",
    "vertices" : [ {
      "x" : 3.427051,
      "y" : -1.309017,
      "z" : -8.972136
    }, {
      "x" : -7.663119,
      "y" : -5.545085,
      "z" : -2.118034
    }, {
      "x" : -14.5172205,
      "y" : 5.545085,
      "z" : 2.118034
    } ],
    "faces" : [ {
      "vertices" : [ 0, 1, 2 ]
    }, {
      "vertices" : [ 0, 2, 1 ]
    } ]
  }, {
    "id" : "448f923f-bc85-4285-bb62-51e52c7b96c3",
    "vertices" : [ {
      "x" : -14.5172205,
      "y" : 5.545085,
      "z" : 2.118034
    }, {
      "x" : -25.607391,
      "y" : 1.309017,
      "z" : 8.972136
    }, {
      "x" : -3.427051,
      "y" : 1.309017,
      "z" : 8.972136
    } ],
    "faces" : [ {
      "vertices" : [ 0, 1, 2 ]
    }, {
      "vertices" : [ 0, 2, 1 ]
    } ]
  }, {
    "id" : "c33341e0-5230-447b-9945-de84869c1a00",
    "vertices" : [ {
      "x" : -7.663119,
      "y" : -5.545085,
      "z" : -2.118034
    }, {
      "x" : 3.427051,
      "y" : -1.309017,
      "z" : -8.972136
    }, {
      "x" : 14.5172205,
      "y" : -5.545085,
      "z" : -2.118034
    } ],
    "faces" : [ {
      "vertices" : [ 0, 1, 2 ]
    }, {
      "vertices" : [ 0, 2, 1 ]
    } ]
  }, {
    "id" : "0c628f4b-4d42-48c2-924b-98cc602b663f",
    "vertices" : [ {
      "x" : 7.663119,
      "y" : 5.545085,
      "z" : 2.118034
    }, {
      "x" : -14.5172205,
      "y" : 5.545085,
      "z" : 2.118034
    }, {
      "x" : -3.427051,
      "y" : 1.309017,
      "z" : 8.972136
    } ],
    "faces" : [ {
      "vertices" : [ 0, 1, 2 ]
    }, {
      "vertices" : [ 0, 2, 1 ]
    } ]
  }, {
    "id" : "df0802d6-a3b1-48c3-bf4e-5d8f1d8c6ab4",
    "vertices" : [ {
      "x" : 14.5172205,
      "y" : -5.545085,
      "z" : -2.118034
    }, {
      "x" : 7.663119,
      "y" : 5.545085,
      "z" : 2.118034
    }, {
      "x" : -3.427051,
      "y" : 1.309017,
      "z" : 8.972136
    } ],
    "faces" : [ {
      "vertices" : [ 0, 1, 2 ]
    }, {
      "vertices" : [ 0, 2, 1 ]
    } ]
  } ],
  "instances" : [ {
    "shape" : "eda2c2e0-71e7-4d00-8fad-c06805c620ca",
    "color" : "#007695",
    "position" : {
      "x" : -14.5172205,
      "y" : 5.545085,
      "z" : 2.118034
    },
    "orientation" : 8
  }, {
    "shape" : "755d9596-6140-42ae-b7a2-ba47d016d33e",
    "color" : "#0066FF",
    "position" : {
      "x" : 0.0,
      "y" : 0.0,
      "z" : 0.0
    }
  }, {
    "shape" : "7d6188e2-4acc-4764-9539-6742ff1cc8ce",
    "color" : "#FF9900",
    "position" : {
      "x" : 0.0,
      "y" : 0.0,
      "z" : 0.0
    }
  }, {
    "shape" : "546099d5-e1c3-485b-90e5-aaad16b240f2",
    "color" : "#FF66FF",
    "position" : {
      "x" : 0.0,
      "y" : 0.0,
      "z" : 0.0
    }
  }, {
    "shape" : "e42446ca-cd90-4198-a7d1-79840f163cb0",
    "color" : "#007695",
    "position" : {
      "x" : 3.427051,
      "y" : -1.309017,
      "z" : -8.972136
    },
    "orientation" : 0
  }, {
    "shape" : "54e81771-bd59-4490-aa36-550360fbbe15",
    "color" : "#FFFFFF",
    "position" : {
      "x" : 25.607391,
      "y" : -1.309017,
      "z" : -8.972136
    }
  }, {
    "shape" : "e77b5c72-9d45-4777-96fa-0b94e45c4ca3",
    "color" : "#FF9900",
    "position" : {
      "x" : 0.0,
      "y" : 0.0,
      "z" : 0.0
    }
  }, {
    "shape" : "b77d6aed-cdb2-4f49-ad8e-c943e822c70b",
    "color" : "#0066FF",
    "position" : {
      "x" : 0.0,
      "y" : 0.0,
      "z" : 0.0
    }
  }, {
    "shape" : "0e443b2c-fafa-41fa-b0c7-8dc5ceb85de5",
    "color" : "#0066FF",
    "position" : {
      "x" : 0.0,
      "y" : 0.0,
      "z" : 0.0
    }
  }, {
    "shape" : "62d7aa54-ecda-4354-9c45-6d94732ec73b",
    "color" : "#009966",
    "position" : {
      "x" : 0.0,
      "y" : 0.0,
      "z" : 0.0
    }
  }, {
    "shape" : "e42446ca-cd90-4198-a7d1-79840f163cb0",
    "color" : "#007695",
    "position" : {
      "x" : 25.607391,
      "y" : -1.309017,
      "z" : -8.972136
    },
    "orientation" : 38
  }, {
    "shape" : "e42446ca-cd90-4198-a7d1-79840f163cb0",
    "color" : "#007695",
    "position" : {
      "x" : 7.663119,
      "y" : 5.545085,
      "z" : 2.118034
    },
    "orientation" : 45
  }, {
    "shape" : "54e81771-bd59-4490-aa36-550360fbbe15",
    "color" : "#FFFFFF",
    "position" : {
      "x" : 7.663119,
      "y" : 5.545085,
      "z" : 2.118034
    }
  }, {
    "shape" : "eda2c2e0-71e7-4d00-8fad-c06805c620ca",
    "color" : "#007695",
    "position" : {
      "x" : 25.607391,
      "y" : -1.309017,
      "z" : -8.972136
    },
    "orientation" : 41
  }, {
    "shape" : "54e81771-bd59-4490-aa36-550360fbbe15",
    "color" : "#FFFFFF",
    "position" : {
      "x" : 3.427051,
      "y" : -1.309017,
      "z" : -8.972136
    }
  }, {
    "shape" : "29355cd0-9f15-4f89-a8e5-c23e81a04fae",
    "color" : "#009966",
    "position" : {
      "x" : 0.0,
      "y" : 0.0,
      "z" : 0.0
    }
  }, {
    "shape" : "54e81771-bd59-4490-aa36-550360fbbe15",
    "color" : "#FFFFFF",
    "position" : {
      "x" : -7.663119,
      "y" : -5.545085,
      "z" : -2.118034
    }
  }, {
    "shape" : "f6e6fcfd-4d52-4a05-ba7c-c70beccb59bd",
    "color" : "#0066FF",
    "position" : {
      "x" : 0.0,
      "y" : 0.0,
      "z" : 0.0
    }
  }, {
    "shape" : "da85ac17-5e18-4c1b-bb52-5a518141bd31",
    "color" : "#FF66FF",
    "position" : {
      "x" : 0.0,
      "y" : 0.0,
      "z" : 0.0
    }
  }, {
    "shape" : "c713918e-a9d1-414b-b154-5cdf749d4a22",
    "color" : "#FF66FF",
    "position" : {
      "x" : 0.0,
      "y" : 0.0,
      "z" : 0.0
    }
  }, {
    "shape" : "eda2c2e0-71e7-4d00-8fad-c06805c620ca",
    "color" : "#007695",
    "position" : {
      "x" : 7.663119,
      "y" : 5.545085,
      "z" : 2.118034
    },
    "orientation" : 41
  }, {
    "shape" : "eda2c2e0-71e7-4d00-8fad-c06805c620ca",
    "color" : "#007695",
    "position" : {
      "x" : -25.607391,
      "y" : 1.309017,
      "z" : 8.972136
    },
    "orientation" : 23
  }, {
    "shape" : "627af6a0-deff-4b9c-bd8b-fcf53260be21",
    "color" : "#009966",
    "position" : {
      "x" : 0.0,
      "y" : 0.0,
      "z" : 0.0
    }
  }, {
    "shape" : "9b6b601a-0227-485d-9d78-df7b9f98413f",
    "color" : "#FF66FF",
    "position" : {
      "x" : 0.0,
      "y" : 0.0,
      "z" : 0.0
    }
  }, {
    "shape" : "4f4b20d8-7859-4e5d-8667-f8d1c945406a",
    "color" : "#FF9900",
    "position" : {
      "x" : 0.0,
      "y" : 0.0,
      "z" : 0.0
    }
  }, {
    "shape" : "54e81771-bd59-4490-aa36-550360fbbe15",
    "color" : "#FFFFFF",
    "position" : {
      "x" : -25.607391,
      "y" : 1.309017,
      "z" : 8.972136
    }
  }, {
    "shape" : "54e81771-bd59-4490-aa36-550360fbbe15",
    "color" : "#FFFFFF",
    "position" : {
      "x" : -14.5172205,
      "y" : 5.545085,
      "z" : 2.118034
    }
  }, {
    "shape" : "eda2c2e0-71e7-4d00-8fad-c06805c620ca",
    "color" : "#007695",
    "position" : {
      "x" : 14.5172205,
      "y" : -5.545085,
      "z" : -2.118034
    },
    "orientation" : 51
  }, {
    "shape" : "a2b45929-0738-4ca1-9c46-a81e807b0674",
    "color" : "#FF9900",
    "position" : {
      "x" : 0.0,
      "y" : 0.0,
      "z" : 0.0
    }
  }, {
    "shape" : "eda2c2e0-71e7-4d00-8fad-c06805c620ca",
    "color" : "#007695",
    "position" : {
      "x" : 3.427051,
      "y" : -1.309017,
      "z" : -8.972136
    },
    "orientation" : 8
  }, {
    "shape" : "54e81771-bd59-4490-aa36-550360fbbe15",
    "color" : "#FFFFFF",
    "position" : {
      "x" : 14.5172205,
      "y" : -5.545085,
      "z" : -2.118034
    }
  }, {
    "shape" : "e42446ca-cd90-4198-a7d1-79840f163cb0",
    "color" : "#007695",
    "position" : {
      "x" : 3.427051,
      "y" : -1.309017,
      "z" : -8.972136
    },
    "orientation" : 38
  }, {
    "shape" : "e42446ca-cd90-4198-a7d1-79840f163cb0",
    "color" : "#007695",
    "position" : {
      "x" : -3.427051,
      "y" : 1.309017,
      "z" : 8.972136
    },
    "orientation" : 45
  }, {
    "shape" : "2ce35818-6c7b-4342-a1ae-9a77882233e5",
    "color" : "#009966",
    "position" : {
      "x" : 0.0,
      "y" : 0.0,
      "z" : 0.0
    }
  }, {
    "shape" : "54e81771-bd59-4490-aa36-550360fbbe15",
    "color" : "#FFFFFF",
    "position" : {
      "x" : -3.427051,
      "y" : 1.309017,
      "z" : 8.972136
    }
  }, {
    "shape" : "c1602f65-021d-46dc-910e-7bcd9c15b346",
    "color" : "#009966",
    "position" : {
      "x" : 0.0,
      "y" : 0.0,
      "z" : 0.0
    }
  }, {
    "shape" : "b59f6f36-9575-4a50-ad71-4d1bf4e7f728",
    "color" : "#FF66FF",
    "position" : {
      "x" : 0.0,
      "y" : 0.0,
      "z" : 0.0
    }
  }, {
    "shape" : "e42446ca-cd90-4198-a7d1-79840f163cb0",
    "color" : "#007695",
    "position" : {
      "x" : -3.427051,
      "y" : 1.309017,
      "z" : 8.972136
    },
    "orientation" : 26
  }, {
    "shape" : "e42446ca-cd90-4198-a7d1-79840f163cb0",
    "color" : "#007695",
    "position" : {
      "x" : -7.663119,
      "y" : -5.545085,
      "z" : -2.118034
    },
    "orientation" : 0
  }, {
    "shape" : "e472df51-99cb-4933-8ac3-4376e59c8301",
    "color" : "#0066FF",
    "position" : {
      "x" : 0.0,
      "y" : 0.0,
      "z" : 0.0
    }
  }, {
    "shape" : "e42446ca-cd90-4198-a7d1-79840f163cb0",
    "color" : "#007695",
    "position" : {
      "x" : -25.607391,
      "y" : 1.309017,
      "z" : 8.972136
    },
    "orientation" : 26
  }, {
    "shape" : "eda2c2e0-71e7-4d00-8fad-c06805c620ca",
    "color" : "#007695",
    "position" : {
      "x" : 3.427051,
      "y" : -1.309017,
      "z" : -8.972136
    },
    "orientation" : 41
  }, {
    "shape" : "eda2c2e0-71e7-4d00-8fad-c06805c620ca",
    "color" : "#007695",
    "position" : {
      "x" : -14.5172205,
      "y" : 5.545085,
      "z" : 2.118034
    },
    "orientation" : 24
  }, {
    "shape" : "54e81771-bd59-4490-aa36-550360fbbe15",
    "color" : "#FFFFFF",
    "position" : {
      "x" : 0.0,
      "y" : 0.0,
      "z" : 0.0
    }
  }, {
    "shape" : "eda2c2e0-71e7-4d00-8fad-c06805c620ca",
    "color" : "#007695",
    "position" : {
      "x" : 7.663119,
      "y" : 5.545085,
      "z" : 2.118034
    },
    "orientation" : 22
  }, {
    "shape" : "eda2c2e0-71e7-4d00-8fad-c06805c620ca",
    "color" : "#007695",
    "position" : {
      "x" : -7.663119,
      "y" : -5.545085,
      "z" : -2.118034
    },
    "orientation" : 10
  }, {
    "shape" : "d660e9fb-ff16-4bd0-98fd-4cda951a94e5",
    "color" : "#FF9900",
    "position" : {
      "x" : 0.0,
      "y" : 0.0,
      "z" : 0.0
    }
  } ],
  "scenes" : [ {
    "title" : "folded pentagons",
    "content" : "https://www.youtube.com/watch?v=ZPMR_UT75a8&t=953s",
    "view" : {
      "position" : {
        "x" : 15.229251,
        "y" : 116.86678,
        "z" : 61.21507
      },
      "width" : 59.762115,
      "nearClipDistance" : 0.33201173,
      "lookAtPoint" : {
        "x" : 0.0,
        "y" : 0.0,
        "z" : 0.0
      },
      "viewDistance" : 132.80469,
      "farClipDistance" : 265.60938,
      "perspective" : true,
      "fieldOfView" : 0.44262892,
      "stereo" : false,
      "upDirection" : {
        "x" : -0.3197283,
        "y" : 0.4720071,
        "z" : -0.82157326
      },
      "lookDirection" : {
        "x" : -0.11467405,
        "y" : -0.8799899,
        "z" : -0.46094057
      }
    },
    "snapshot" : 0
  }, {
    "title" : "unfolded pentagons",
    "content" : "",
    "view" : {
      "position" : {
        "x" : 15.229251,
        "y" : 116.86678,
        "z" : 61.21507
      },
      "width" : 59.762115,
      "nearClipDistance" : 0.33201173,
      "lookAtPoint" : {
        "x" : 0.0,
        "y" : 0.0,
        "z" : 0.0
      },
      "viewDistance" : 132.80469,
      "farClipDistance" : 265.60938,
      "perspective" : true,
      "fieldOfView" : 0.44262892,
      "stereo" : false,
      "upDirection" : {
        "x" : -0.3197283,
        "y" : 0.4720071,
        "z" : -0.82157326
      },
      "lookDirection" : {
        "x" : -0.11467405,
        "y" : -0.8799899,
        "z" : -0.46094057
      }
    },
    "snapshot" : 1
  } ],
  "snapshots" : [ [ {
    "shape" : "e42446ca-cd90-4198-a7d1-79840f163cb0",
    "color" : "#007695",
    "position" : {
      "x" : -25.607391,
      "y" : 1.309017,
      "z" : 8.972136
    },
    "orientation" : 26
  }, {
    "shape" : "54e81771-bd59-4490-aa36-550360fbbe15",
    "color" : "#FFFFFF",
    "position" : {
      "x" : -14.5172205,
      "y" : 5.545085,
      "z" : 2.118034
    },
    "orientation" : 0
  }, {
    "shape" : "eda2c2e0-71e7-4d00-8fad-c06805c620ca",
    "color" : "#007695",
    "position" : {
      "x" : 3.427051,
      "y" : -1.309017,
      "z" : -8.972136
    },
    "orientation" : 41
  }, {
    "shape" : "511d1b97-471e-402d-94ff-fe4fc62285f3",
    "color" : "#0066FF",
    "position" : {
      "x" : 0.0,
      "y" : 0.0,
      "z" : 0.0
    },
    "orientation" : 0
  }, {
    "shape" : "eda2c2e0-71e7-4d00-8fad-c06805c620ca",
    "color" : "#007695",
    "position" : {
      "x" : 14.5172205,
      "y" : -5.545085,
      "z" : -2.118034
    },
    "orientation" : 51
  }, {
    "shape" : "e472df51-99cb-4933-8ac3-4376e59c8301",
    "color" : "#0066FF",
    "position" : {
      "x" : 0.0,
      "y" : 0.0,
      "z" : 0.0
    },
    "orientation" : 0
  }, {
    "shape" : "9b6b601a-0227-485d-9d78-df7b9f98413f",
    "color" : "#FF66FF",
    "position" : {
      "x" : 0.0,
      "y" : 0.0,
      "z" : 0.0
    },
    "orientation" : 0
  }, {
    "shape" : "71e7aa5a-1b3d-4a80-8f3a-32c49b08a4ea",
    "color" : "#009966",
    "position" : {
      "x" : 0.0,
      "y" : 0.0,
      "z" : 0.0
    },
    "orientation" : 0
  }, {
    "shape" : "54e81771-bd59-4490-aa36-550360fbbe15",
    "color" : "#FFFFFF",
    "position" : {
      "x" : 14.5172205,
      "y" : -5.545085,
      "z" : -2.118034
    },
    "orientation" : 0
  }, {
    "shape" : "29355cd0-9f15-4f89-a8e5-c23e81a04fae",
    "color" : "#009966",
    "position" : {
      "x" : 0.0,
      "y" : 0.0,
      "z" : 0.0
    },
    "orientation" : 0
  }, {
    "shape" : "54e81771-bd59-4490-aa36-550360fbbe15",
    "color" : "#FFFFFF",
    "position" : {
      "x" : -3.427051,
      "y" : 1.309017,
      "z" : 8.972136
    },
    "orientation" : 0
  }, {
    "shape" : "dff7a857-be33-48c1-aacf-6abe78fd5fd8",
    "color" : "#009966",
    "position" : {
      "x" : 0.0,
      "y" : 0.0,
      "z" : 0.0
    },
    "orientation" : 0
  }, {
    "shape" : "e42446ca-cd90-4198-a7d1-79840f163cb0",
    "color" : "#007695",
    "position" : {
      "x" : 3.427051,
      "y" : -1.309017,
      "z" : -8.972136
    },
    "orientation" : 38
  }, {
    "shape" : "51af91e1-add3-4da6-88db-fcb4fc185e61",
    "color" : "#FF66FF",
    "position" : {
      "x" : 0.0,
      "y" : 0.0,
      "z" : 0.0
    },
    "orientation" : 0
  }, {
    "shape" : "e42446ca-cd90-4198-a7d1-79840f163cb0",
    "color" : "#007695",
    "position" : {
      "x" : -3.427051,
      "y" : 1.309017,
      "z" : 8.972136
    },
    "orientation" : 26
  }, {
    "shape" : "eda2c2e0-71e7-4d00-8fad-c06805c620ca",
    "color" : "#007695",
    "position" : {
      "x" : -14.5172205,
      "y" : 5.545085,
      "z" : 2.118034
    },
    "orientation" : 24
  }, {
    "shape" : "54e81771-bd59-4490-aa36-550360fbbe15",
    "color" : "#FFFFFF",
    "position" : {
      "x" : 3.427051,
      "y" : -1.309017,
      "z" : -8.972136
    },
    "orientation" : 0
  }, {
    "shape" : "eda2c2e0-71e7-4d00-8fad-c06805c620ca",
    "color" : "#007695",
    "position" : {
      "x" : -25.607391,
      "y" : 1.309017,
      "z" : 8.972136
    },
    "orientation" : 23
  }, {
    "shape" : "e42446ca-cd90-4198-a7d1-79840f163cb0",
    "color" : "#007695",
    "position" : {
      "x" : 3.427051,
      "y" : -1.309017,
      "z" : -8.972136
    },
    "orientation" : 0
  }, {
    "shape" : "eda2c2e0-71e7-4d00-8fad-c06805c620ca",
    "color" : "#007695",
    "position" : {
      "x" : -14.5172205,
      "y" : 5.545085,
      "z" : 2.118034
    },
    "orientation" : 8
  }, {
    "shape" : "eda2c2e0-71e7-4d00-8fad-c06805c620ca",
    "color" : "#007695",
    "position" : {
      "x" : 25.607391,
      "y" : -1.309017,
      "z" : -8.972136
    },
    "orientation" : 41
  }, {
    "shape" : "eda2c2e0-71e7-4d00-8fad-c06805c620ca",
    "color" : "#007695",
    "position" : {
      "x" : 3.427051,
      "y" : -1.309017,
