{
  "polygons" : "true",
  "field" : "golden",
  "symmetry" : "icosahedral",
  "orientations" : [ [ 1.0, 0.0, 0.0, 0.0, 0.0, 1.0, 0.0, 0.0, 0.0, 0.0, 1.0, 0.0, 0.0, 0.0, 0.0, 1.0 ], [ 0.0, 0.0, 1.0, 0.0, 1.0, 0.0, 0.0, 0.0, 0.0, 1.0, 0.0, 0.0, 0.0, 0.0, 0.0, 1.0 ], [ 0.0, 1.0, 0.0, 0.0, 0.0, 0.0, 1.0, 0.0, 1.0, 0.0, 0.0, 0.0, 0.0, 0.0, 0.0, 1.0 ], [ 0.809017, 0.309017, 0.5, 0.0, 0.309017, 0.5, -0.809017, 0.0, -0.5, 0.809017, 0.309017, 0.0, 0.0, 0.0, 0.0, 1.0 ], [ -0.5, 0.809017, 0.309017, 0.0, 0.809017, 0.309017, 0.5, 0.0, 0.309017, 0.5, -0.809017, 0.0, 0.0, 0.0, 0.0, 1.0 ], [ 0.309017, 0.5, -0.809017, 0.0, -0.5, 0.809017, 0.309017, 0.0, 0.809017, 0.309017, 0.5, 0.0, 0.0, 0.0, 0.0, 1.0 ], [ 0.5, 0.809017, 0.309017, 0.0, 0.809017, -0.309017, -0.5, 0.0, -0.309017, 0.5, -0.809017, 0.0, 0.0, 0.0, 0.0, 1.0 ], [ -0.309017, 0.5, -0.809017, 0.0, 0.5, 0.809017, 0.309017, 0.0, 0.809017, -0.309017, -0.5, 0.0, 0.0, 0.0, 0.0, 1.0 ], [ 0.809017, -0.309017, -0.5, 0.0, -0.309017, 0.5, -0.809017, 0.0, 0.5, 0.809017, 0.309017, 0.0, 0.0, 0.0, 0.0, 1.0 ], [ 0.5, 0.809017, -0.309017, 0.0, 0.809017, -0.309017, 0.5, 0.0, 0.309017, -0.5, -0.809017, 0.0, 0.0, 0.0, 0.0, 1.0 ], [ 0.309017, -0.5, -0.809017, 0.0, 0.5, 0.809017, -0.309017, 0.0, 0.809017, -0.309017, 0.5, 0.0, 0.0, 0.0, 0.0, 1.0 ], [ 0.809017, -0.309017, 0.5, 0.0, 0.309017, -0.5, -0.809017, 0.0, 0.5, 0.809017, -0.309017, 0.0, 0.0, 0.0, 0.0, 1.0 ], [ 0.809017, 0.309017, -0.5, 0.0, 0.309017, 0.5, 0.809017, 0.0, 0.5, -0.809017, 0.309017, 0.0, 0.0, 0.0, 0.0, 1.0 ], [ 0.5, -0.809017, 0.309017, 0.0, 0.809017, 0.309017, -0.5, 0.0, 0.309017, 0.5, 0.809017, 0.0, 0.0, 0.0, 0.0, 1.0 ], [ 0.309017, 0.5, 0.809017, 0.0, 0.5, -0.809017, 0.309017, 0.0, 0.809017, 0.309017, -0.5, 0.0, 0.0, 0.0, 0.0, 1.0 ], [ 1.0, 0.0, 0.0, 0.0, 0.0, -1.0, 0.0, 0.0, 0.0, 0.0, -1.0, 0.0, 0.0, 0.0, 0.0, 1.0 ], [ 0.0, 0.0, 1.0, 0.0, -1.0, 0.0, 0.0, 0.0, 0.0, -1.0, 0.0, 0.0, 0.0, 0.0, 0.0, 1.0 ], [ 0.0, 1.0, 0.0, 0.0, 0.0, 0.0, -1.0, 0.0, -1.0, 0.0, 0.0, 0.0, 0.0, 0.0, 0.0, 1.0 ], [ 0.809017, 0.309017, 0.5, 0.0, -0.309017, -0.5, 0.809017, 0.0, 0.5, -0.809017, -0.309017, 0.0, 0.0, 0.0, 0.0, 1.0 ], [ -0.5, 0.809017, 0.309017, 0.0, -0.809017, -0.309017, -0.5, 0.0, -0.309017, -0.5, 0.809017, 0.0, 0.0, 0.0, 0.0, 1.0 ], [ 0.309017, 0.5, -0.809017, 0.0, 0.5, -0.809017, -0.309017, 0.0, -0.809017, -0.309017, -0.5, 0.0, 0.0, 0.0, 0.0, 1.0 ], [ 0.5, 0.809017, 0.309017, 0.0, -0.809017, 0.309017, 0.5, 0.0, 0.309017, -0.5, 0.809017, 0.0, 0.0, 0.0, 0.0, 1.0 ], [ -0.309017, 0.5, -0.809017, 0.0, -0.5, -0.809017, -0.309017, 0.0, -0.809017, 0.309017, 0.5, 0.0, 0.0, 0.0, 0.0, 1.0 ], [ 0.809017, -0.309017, -0.5, 0.0, 0.309017, -0.5, 0.809017, 0.0, -0.5, -0.809017, -0.309017, 0.0, 0.0, 0.0, 0.0, 1.0 ], [ 0.5, 0.809017, -0.309017, 0.0, -0.809017, 0.309017, -0.5, 0.0, -0.309017, 0.5, 0.809017, 0.0, 0.0, 0.0, 0.0, 1.0 ], [ 0.309017, -0.5, -0.809017, 0.0, -0.5, -0.809017, 0.309017, 0.0, -0.809017, 0.309017, -0.5, 0.0, 0.0, 0.0, 0.0, 1.0 ], [ 0.809017, -0.309017, 0.5, 0.0, -0.309017, 0.5, 0.809017, 0.0, -0.5, -0.809017, 0.309017, 0.0, 0.0, 0.0, 0.0, 1.0 ], [ 0.809017, 0.309017, -0.5, 0.0, -0.309017, -0.5, -0.809017, 0.0, -0.5, 0.809017, -0.309017, 0.0, 0.0, 0.0, 0.0, 1.0 ], [ 0.5, -0.809017, 0.309017, 0.0, -0.809017, -0.309017, 0.5, 0.0, -0.309017, -0.5, -0.809017, 0.0, 0.0, 0.0, 0.0, 1.0 ], [ 0.309017, 0.5, 0.809017, 0.0, -0.5, 0.809017, -0.309017, 0.0, -0.809017, -0.309017, 0.5, 0.0, 0.0, 0.0, 0.0, 1.0 ], [ -1.0, 0.0, 0.0, 0.0, 0.0, -1.0, 0.0, 0.0, 0.0, 0.0, 1.0, 0.0, 0.0, 0.0, 0.0, 1.0 ], [ 0.0, 0.0, -1.0, 0.0, -1.0, 0.0, 0.0, 0.0, 0.0, 1.0, 0.0, 0.0, 0.0, 0.0, 0.0, 1.0 ], [ 0.0, -1.0, 0.0, 0.0, 0.0, 0.0, -1.0, 0.0, 1.0, 0.0, 0.0, 0.0, 0.0, 0.0, 0.0, 1.0 ], [ -0.809017, -0.309017, -0.5, 0.0, -0.309017, -0.5, 0.809017, 0.0, -0.5, 0.809017, 0.309017, 0.0, 0.0, 0.0, 0.0, 1.0 ], [ 0.5, -0.809017, -0.309017, 0.0, -0.809017, -0.309017, -0.5, 0.0, 0.309017, 0.5, -0.809017, 0.0, 0.0, 0.0, 0.0, 1.0 ], [ -0.309017, -0.5, 0.809017, 0.0, 0.5, -0.809017, -0.309017, 0.0, 0.809017, 0.309017, 0.5, 0.0, 0.0, 0.0, 0.0, 1.0 ], [ -0.5, -0.809017, -0.309017, 0.0, -0.809017, 0.309017, 0.5, 0.0, -0.309017, 0.5, -0.809017, 0.0, 0.0, 0.0, 0.0, 1.0 ], [ 0.309017, -0.5, 0.809017, 0.0, -0.5, -0.809017, -0.309017, 0.0, 0.809017, -0.309017, -0.5, 0.0, 0.0, 0.0, 0.0, 1.0 ], [ -0.809017, 0.309017, 0.5, 0.0, 0.309017, -0.5, 0.809017, 0.0, 0.5, 0.809017, 0.309017, 0.0, 0.0, 0.0, 0.0, 1.0 ], [ -0.5, -0.809017, 0.309017, 0.0, -0.809017, 0.309017, -0.5, 0.0, 0.309017, -0.5, -0.809017, 0.0, 0.0, 0.0, 0.0, 1.0 ], [ -0.309017, 0.5, 0.809017, 0.0, -0.5, -0.809017, 0.309017, 0.0, 0.809017, -0.309017, 0.5, 0.0, 0.0, 0.0, 0.0, 1.0 ], [ -0.809017, 0.309017, -0.5, 0.0, -0.309017, 0.5, 0.809017, 0.0, 0.5, 0.809017, -0.309017, 0.0, 0.0, 0.0, 0.0, 1.0 ], [ -0.809017, -0.309017, 0.5, 0.0, -0.309017, -0.5, -0.809017, 0.0, 0.5, -0.809017, 0.309017, 0.0, 0.0, 0.0, 0.0, 1.0 ], [ -0.5, 0.809017, -0.309017, 0.0, -0.809017, -0.309017, 0.5, 0.0, 0.309017, 0.5, 0.809017, 0.0, 0.0, 0.0, 0.0, 1.0 ], [ -0.309017, -0.5, -0.809017, 0.0, -0.5, 0.809017, -0.309017, 0.0, 0.809017, 0.309017, -0.5, 0.0, 0.0, 0.0, 0.0, 1.0 ], [ -1.0, 0.0, 0.0, 0.0, 0.0, 1.0, 0.0, 0.0, 0.0, 0.0, -1.0, 0.0, 0.0, 0.0, 0.0, 1.0 ], [ 0.0, 0.0, -1.0, 0.0, 1.0, 0.0, 0.0, 0.0, 0.0, -1.0, 0.0, 0.0, 0.0, 0.0, 0.0, 1.0 ], [ 0.0, -1.0, 0.0, 0.0, 0.0, 0.0, 1.0, 0.0, -1.0, 0.0, 0.0, 0.0, 0.0, 0.0, 0.0, 1.0 ], [ -0.809017, -0.309017, -0.5, 0.0, 0.309017, 0.5, -0.809017, 0.0, 0.5, -0.809017, -0.309017, 0.0, 0.0, 0.0, 0.0, 1.0 ], [ 0.5, -0.809017, -0.309017, 0.0, 0.809017, 0.309017, 0.5, 0.0, -0.309017, -0.5, 0.809017, 0.0, 0.0, 0.0, 0.0, 1.0 ], [ -0.309017, -0.5, 0.809017, 0.0, -0.5, 0.809017, 0.309017, 0.0, -0.809017, -0.309017, -0.5, 0.0, 0.0, 0.0, 0.0, 1.0 ], [ -0.5, -0.809017, -0.309017, 0.0, 0.809017, -0.309017, -0.5, 0.0, 0.309017, -0.5, 0.809017, 0.0, 0.0, 0.0, 0.0, 1.0 ], [ 0.309017, -0.5, 0.809017, 0.0, 0.5, 0.809017, 0.309017, 0.0, -0.809017, 0.309017, 0.5, 0.0, 0.0, 0.0, 0.0, 1.0 ], [ -0.809017, 0.309017, 0.5, 0.0, -0.309017, 0.5, -0.809017, 0.0, -0.5, -0.809017, -0.309017, 0.0, 0.0, 0.0, 0.0, 1.0 ], [ -0.5, -0.809017, 0.309017, 0.0, 0.809017, -0.309017, 0.5, 0.0, -0.309017, 0.5, 0.809017, 0.0, 0.0, 0.0, 0.0, 1.0 ], [ -0.309017, 0.5, 0.809017, 0.0, 0.5, 0.809017, -0.309017, 0.0, -0.809017, 0.309017, -0.5, 0.0, 0.0, 0.0, 0.0, 1.0 ], [ -0.809017, 0.309017, -0.5, 0.0, 0.309017, -0.5, -0.809017, 0.0, -0.5, -0.809017, 0.309017, 0.0, 0.0, 0.0, 0.0, 1.0 ], [ -0.809017, -0.309017, 0.5, 0.0, 0.309017, 0.5, 0.809017, 0.0, -0.5, 0.809017, -0.309017, 0.0, 0.0, 0.0, 0.0, 1.0 ], [ -0.5, 0.809017, -0.309017, 0.0, 0.809017, 0.309017, -0.5, 0.0, -0.309017, -0.5, -0.809017, 0.0, 0.0, 0.0, 0.0, 1.0 ], [ -0.309017, -0.5, -0.809017, 0.0, 0.5, -0.809017, 0.309017, 0.0, -0.809017, -0.309017, 0.5, 0.0, 0.0, 0.0, 0.0, 1.0 ] ],
  "lights" : {
    "directionalLights" : [ {
      "direction" : [ 1.0, -1.0, -1.0 ],
      "color" : "#EBEBE4"
    }, {
      "direction" : [ -1.0, 0.0, 0.0 ],
      "color" : "#E4E4EB"
    }, {
      "direction" : [ 0.0, 0.0, -1.0 ],
      "color" : "#1E1E1E"
    } ],
    "ambientColor" : "#292929",
    "backgroundColor" : "#AFC8DC"
  },
  "camera" : {
    "stereo" : false,
    "lookAtPoint" : {
      "x" : 0.0,
      "y" : 0.0,
      "z" : 0.0
    },
    "lookDirection" : {
      "x" : -0.5257311,
      "y" : 0.0,
      "z" : -0.8506508
    },
    "upDirection" : {
      "x" : 0.0,
      "y" : 1.0,
      "z" : 0.0
    },
    "width" : 135.68985,
    "position" : {
      "x" : 158.52527,
      "y" : 0.0,
      "z" : 256.49927
    },
    "perspective" : true,
    "nearClipDistance" : 0.75383246,
    "viewDistance" : 301.533,
    "farClipDistance" : 603.0658,
    "fieldOfView" : 0.4426289
  },
  "embedding" : [ 1.0, 0.0, 0.0, 0.0, 0.0, 1.0, 0.0, 0.0, 0.0, 0.0, 1.0, 0.0, 0.0, 0.0, 0.0, 1.0 ],
  "shapes" : [ {
    "id" : "d5fde13d-e11d-4b66-91e1-0bd7436a7505",
    "vertices" : [ {
      "x" : 0.0,
      "y" : 0.0,
      "z" : 0.0
    }, {
      "x" : 0.0,
      "y" : 3.8196602,
      "z" : 0.0
    }, {
      "x" : 8.09017,
      "y" : -35.45085,
      "z" : 21.18034
    }, {
      "x" : 6.90983,
      "y" : -33.54102,
      "z" : 18.09017
    } ],
    "faces" : [ {
      "vertices" : [ 0, 1, 2, 3 ]
    }, {
      "vertices" : [ 0, 3, 2, 1 ]
    } ]
  }, {
    "id" : "c762a2c8-ade5-4670-9792-74b4d0e55eb3",
    "vertices" : [ {
      "x" : 0.0,
      "y" : 0.0,
      "z" : 0.0
    }, {
      "x" : 0.0,
      "y" : 5.236068,
      "z" : 0.0
    }, {
      "x" : 11.09017,
      "y" : -48.59675,
      "z" : 29.034441
    }, {
      "x" : 9.472136,
      "y" : -45.978714,
      "z" : 24.798374
    } ],
    "faces" : [ {
      "vertices" : [ 0, 1, 2, 3 ]
    }, {
      "vertices" : [ 0, 3, 2, 1 ]
    } ]
  }, {
    "id" : "e28c5df7-750c-4b56-b23d-108d4ba6c6e8",
    "vertices" : [ {
      "x" : 0.0,
      "y" : 0.0,
      "z" : 0.0
    }, {
      "x" : -1.1803399,
      "y" : -1.9098301,
      "z" : -3.09017
    }, {
      "x" : 6.90983,
      "y" : 37.36068,
      "z" : 18.09017
    }, {
      "x" : 6.90983,
      "y" : 33.54102,
      "z" : 18.09017
    } ],
    "faces" : [ {
      "vertices" : [ 0, 1, 2, 3 ]
    }, {
      "vertices" : [ 0, 3, 2, 1 ]
    } ]
  }, {
    "id" : "37cb7797-0d62-4b4e-b8d0-044152f1b9de",
    "vertices" : [ {
      "x" : 0.0,
      "y" : 0.0,
      "z" : 0.0
    }, {
      "x" : 1.618034,
      "y" : -2.618034,
      "z" : 4.236068
    }, {
      "x" : -20.562305,
      "y" : -2.618034,
      "z" : -53.832817
    }, {
      "x" : -18.944271,
      "y" : 0.0,
      "z" : -49.59675
    } ],
    "faces" : [ {
      "vertices" : [ 0, 1, 2, 3 ]
    }, {
      "vertices" : [ 0, 3, 2, 1 ]
    } ]
  }, {
    "id" : "f3baba05-def2-467f-b39f-c2b661bf7683",
    "vertices" : [ {
      "x" : 0.0,
      "y" : 0.0,
      "z" : 0.0
    }, {
      "x" : 1.1803399,
      "y" : -1.9098301,
      "z" : 3.09017
    }, {
      "x" : -15.0,
      "y" : -1.9098301,
      "z" : -39.27051
    }, {
      "x" : -13.81966,
      "y" : 0.0,
      "z" : -36.18034
    } ],
    "faces" : [ {
      "vertices" : [ 0, 1, 2, 3 ]
    }, {
      "vertices" : [ 0, 3, 2, 1 ]
    } ]
  }, {
    "id" : "9f8f261b-478f-437f-aecc-f5e74bc37925",
    "vertices" : [ {
      "x" : 0.0,
      "y" : 0.0,
      "z" : 0.0
    }, {
      "x" : -1.618034,
      "y" : -2.618034,
      "z" : -4.236068
    }, {
      "x" : 9.472136,
      "y" : 51.214783,
      "z" : 24.798374
    }, {
      "x" : 9.472136,
      "y" : 45.978714,
      "z" : 24.798374
    } ],
    "faces" : [ {
      "vertices" : [ 0, 1, 2, 3 ]
    }, {
      "vertices" : [ 0, 3, 2, 1 ]
    } ]
  } ],
  "instances" : [ {
    "shape" : "d5fde13d-e11d-4b66-91e1-0bd7436a7505",
    "color" : "#FF0033",
    "position" : {
      "x" : 18.09017,
      "y" : 6.90983,
      "z" : -11.18034
    },
    "orientation" : 21
  }, {
    "shape" : "c762a2c8-ade5-4670-9792-74b4d0e55eb3",
    "color" : "#00CC00",
    "position" : {
      "x" : 24.798374,
      "y" : 9.472136,
      "z" : 15.326238
    },
    "orientation" : 24
  }, {
    "shape" : "e28c5df7-750c-4b56-b23d-108d4ba6c6e8",
    "color" : "#FF0033",
    "position" : {
      "x" : 6.90983,
      "y" : -11.18034,
      "z" : -18.09017
    },
    "orientation" : 54
  }, {
    "shape" : "e28c5df7-750c-4b56-b23d-108d4ba6c6e8",
    "color" : "#FF0033",
    "position" : {
      "x" : -18.09017,
      "y" : 6.90983,
      "z" : -11.18034
    },
    "orientation" : 3
  }, {
    "shape" : "37cb7797-0d62-4b4e-b8d0-044152f1b9de",
    "color" : "#00CC00",
    "position" : {
      "x" : 0.0,
      "y" : 30.652475,
      "z" : 0.0
    },
    "orientation" : 38
  }, {
    "shape" : "e28c5df7-750c-4b56-b23d-108d4ba6c6e8",
    "color" : "#FF0033",
    "position" : {
      "x" : -11.18034,
      "y" : 18.09017,
      "z" : -6.90983
    },
    "orientation" : 19
  }, {
    "shape" : "c762a2c8-ade5-4670-9792-74b4d0e55eb3",
    "color" : "#00CC00",
    "position" : {
      "x" : 15.326238,
      "y" : 24.798374,
      "z" : 9.472136
    },
    "orientation" : 5
  }, {
    "shape" : "37cb7797-0d62-4b4e-b8d0-044152f1b9de",
    "color" : "#00CC00",
    "position" : {
      "x" : 0.0,
      "y" : 0.0,
      "z" : -30.652475
    },
    "orientation" : 6
  }, {
    "shape" : "f3baba05-def2-467f-b39f-c2b661bf7683",
    "color" : "#FF0033",
    "position" : {
      "x" : -6.90983,
      "y" : 11.18034,
      "z" : 18.09017
    },
    "orientation" : 30
  }, {
    "shape" : "37cb7797-0d62-4b4e-b8d0-044152f1b9de",
    "color" : "#00CC00",
    "position" : {
      "x" : -30.652475,
      "y" : 0.0,
      "z" : 0.0
    },
    "orientation" : 22
  }, {
    "shape" : "c762a2c8-ade5-4670-9792-74b4d0e55eb3",
    "color" : "#00CC00",
    "position" : {
      "x" : 30.652475,
      "y" : 0.0,
      "z" : 0.0
    },
    "orientation" : 17
  }, {
    "shape" : "c762a2c8-ade5-4670-9792-74b4d0e55eb3",
    "color" : "#00CC00",
    "position" : {
      "x" : 24.798374,
      "y" : 9.472136,
      "z" : 15.326238
    },
    "orientation" : 4
  }, {
    "shape" : "c762a2c8-ade5-4670-9792-74b4d0e55eb3",
    "color" : "#00CC00",
    "position" : {
      "x" : 30.652475,
      "y" : 0.0,
      "z" : 0.0
    },
    "orientation" : 2
  }, {
    "shape" : "37cb7797-0d62-4b4e-b8d0-044152f1b9de",
    "color" : "#00CC00",
    "position" : {
      "x" : -9.472136,
      "y" : 15.326238,
      "z" : 24.798374
    },
    "orientation" : 30
  }, {
    "shape" : "d5fde13d-e11d-4b66-91e1-0bd7436a7505",
    "color" : "#FF0033",
    "position" : {
      "x" : 0.0,
      "y" : 0.0,
      "z" : -22.36068
    },
    "orientation" : 16
  }, {
    "shape" : "c762a2c8-ade5-4670-9792-74b4d0e55eb3",
    "color" : "#00CC00",
    "position" : {
      "x" : 9.472136,
      "y" : 15.326238,
      "z" : 24.798374
    },
    "orientation" : 3
  }, {
    "shape" : "e28c5df7-750c-4b56-b23d-108d4ba6c6e8",
    "color" : "#FF0033",
    "position" : {
      "x" : -11.18034,
      "y" : 18.09017,
      "z" : 6.90983
    },
    "orientation" : 17
  }, {
    "shape" : "37cb7797-0d62-4b4e-b8d0-044152f1b9de",
    "color" : "#00CC00",
    "position" : {
      "x" : -9.472136,
      "y" : -15.326238,
      "z" : 24.798374
    },
    "orientation" : 19
  }, {
    "shape" : "37cb7797-0d62-4b4e-b8d0-044152f1b9de",
    "color" : "#00CC00",
    "position" : {
      "x" : -15.326238,
      "y" : -24.798374,
      "z" : 9.472136
    },
    "orientation" : 24
  }, {
    "shape" : "d5fde13d-e11d-4b66-91e1-0bd7436a7505",
    "color" : "#FF0033",
    "position" : {
      "x" : 6.90983,
      "y" : -11.18034,
      "z" : 18.09017
    },
    "orientation" : 38
  }, {
    "shape" : "d5fde13d-e11d-4b66-91e1-0bd7436a7505",
    "color" : "#FF0033",
    "position" : {
      "x" : -18.09017,
      "y" : 6.90983,
      "z" : -11.18034
    },
    "orientation" : 39
  }, {
    "shape" : "d5fde13d-e11d-4b66-91e1-0bd7436a7505",
    "color" : "#FF0033",
    "position" : {
      "x" : 0.0,
      "y" : -22.36068,
      "z" : 0.0
    },
    "orientation" : 30
  }, {
    "shape" : "37cb7797-0d62-4b4e-b8d0-044152f1b9de",
    "color" : "#00CC00",
    "position" : {
      "x" : 0.0,
      "y" : 0.0,
      "z" : 30.652475
    },
    "orientation" : 21
  }, {
    "shape" : "f3baba05-def2-467f-b39f-c2b661bf7683",
    "color" : "#FF0033",
    "position" : {
      "x" : -22.36068,
      "y" : 0.0,
      "z" : 0.0
    },
    "orientation" : 22
  }, {
    "shape" : "f3baba05-def2-467f-b39f-c2b661bf7683",
    "color" : "#FF0033",
    "position" : {
      "x" : 0.0,
      "y" : 22.36068,
      "z" : 0.0
    },
    "orientation" : 38
  }, {
    "shape" : "9f8f261b-478f-437f-aecc-f5e74bc37925",
    "color" : "#00CC00",
    "position" : {
      "x" : -9.472136,
      "y" : -15.326238,
      "z" : -24.798374
    },
    "orientation" : 38
  }, {
    "shape" : "f3baba05-def2-467f-b39f-c2b661bf7683",
    "color" : "#FF0033",
    "position" : {
      "x" : 0.0,
      "y" : 0.0,
      "z" : -22.36068
    },
    "orientation" : 6
  }, {
    "shape" : "e28c5df7-750c-4b56-b23d-108d4ba6c6e8",
    "color" : "#FF0033",
    "position" : {
      "x" : -11.18034,
      "y" : -18.09017,
      "z" : 6.90983
    },
    "orientation" : 4
  }, {
    "shape" : "c762a2c8-ade5-4670-9792-74b4d0e55eb3",
    "color" : "#00CC00",
    "position" : {
      "x" : 0.0,
      "y" : 30.652475,
      "z" : 0.0
    },
    "orientation" : 0
  }, {
    "shape" : "e28c5df7-750c-4b56-b23d-108d4ba6c6e8",
    "color" : "#FF0033",
    "position" : {
      "x" : -6.90983,
      "y" : -11.18034,
      "z" : -18.09017
    },
    "orientation" : 38
  }, {
    "shape" : "37cb7797-0d62-4b4e-b8d0-044152f1b9de",
    "color" : "#00CC00",
    "position" : {
      "x" : -15.326238,
      "y" : -24.798374,
      "z" : -9.472136
    },
    "orientation" : 17
  }, {
    "shape" : "f3baba05-def2-467f-b39f-c2b661bf7683",
    "color" : "#FF0033",
    "position" : {
      "x" : -6.90983,
      "y" : 11.18034,
      "z" : -18.09017
    },
    "orientation" : 4
  }, {
    "shape" : "f3baba05-def2-467f-b39f-c2b661bf7683",
    "color" : "#FF0033",
    "position" : {
      "x" : 18.09017,
      "y" : -6.90983,
      "z" : 11.18034
    },
    "orientation" : 16
  }, {
    "shape" : "e28c5df7-750c-4b56-b23d-108d4ba6c6e8",
    "color" : "#FF0033",
    "position" : {
      "x" : -18.09017,
      "y" : -6.90983,
      "z" : -11.18034
    },
    "orientation" : 1
  }, {
    "shape" : "f3baba05-def2-467f-b39f-c2b661bf7683",
    "color" : "#FF0033",
    "position" : {
      "x" : -6.90983,
      "y" : -11.18034,
      "z" : 18.09017
    },
    "orientation" : 19
  }, {
    "shape" : "9f8f261b-478f-437f-aecc-f5e74bc37925",
    "color" : "#00CC00",
    "position" : {
      "x" : 9.472136,
      "y" : 15.326238,
      "z" : 24.798374
    },
    "orientation" : 39
  }, {
    "shape" : "f3baba05-def2-467f-b39f-c2b661bf7683",
    "color" : "#FF0033",
    "position" : {
      "x" : 11.18034,
      "y" : -18.09017,
      "z" : -6.90983
    },
    "orientation" : 39
  }, {
    "shape" : "d5fde13d-e11d-4b66-91e1-0bd7436a7505",
    "color" : "#FF0033",
    "position" : {
      "x" : -18.09017,
      "y" : -6.90983,
      "z" : 11.18034
    },
    "orientation" : 54
  }, {
    "shape" : "37cb7797-0d62-4b4e-b8d0-044152f1b9de",
    "color" : "#00CC00",
    "position" : {
      "x" : 15.326238,
      "y" : 24.798374,
      "z" : 9.472136
    },
    "orientation" : 54
  }, {
    "shape" : "e28c5df7-750c-4b56-b23d-108d4ba6c6e8",
    "color" : "#FF0033",
    "position" : {
      "x" : -11.18034,
      "y" : -18.09017,
      "z" : -6.90983
    },
    "orientation" : 2
  }, {
    "shape" : "9f8f261b-478f-437f-aecc-f5e74bc37925",
    "color" : "#00CC00",
    "position" : {
      "x" : 15.326238,
      "y" : 24.798374,
      "z" : -9.472136
    },
    "orientation" : 22
  }, {
    "shape" : "37cb7797-0d62-4b4e-b8d0-044152f1b9de",
    "color" : "#00CC00",
    "position" : {
      "x" : -30.652475,
      "y" : 0.0,
      "z" : 0.0
    },
    "orientation" : 7
  }, {
    "shape" : "37cb7797-0d62-4b4e-b8d0-044152f1b9de",
    "color" : "#00CC00",
    "position" : {
      "x" : 0.0,
      "y" : -30.652475,
      "z" : 0.0
    },
    "orientation" : 8
  }, {
    "shape" : "e28c5df7-750c-4b56-b23d-108d4ba6c6e8",
    "color" : "#FF0033",
    "position" : {
      "x" : 6.90983,
      "y" : 11.18034,
      "z" : -18.09017
    },
    "orientation" : 30
  }, {
    "shape" : "d5fde13d-e11d-4b66-91e1-0bd7436a7505",
    "color" : "#FF0033",
    "position" : {
      "x" : 18.09017,
      "y" : -6.90983,
      "z" : -11.18034
    },
    "orientation" : 19
  }, {
    "shape" : "e28c5df7-750c-4b56-b23d-108d4ba6c6e8",
    "color" : "#FF0033",
    "position" : {
      "x" : 11.18034,
      "y" : 18.09017,
      "z" : -6.90983
    },
    "orientation" : 22
  }, {
    "shape" : "f3baba05-def2-467f-b39f-c2b661bf7683",
    "color" : "#FF0033",
    "position" : {
      "x" : 11.18034,
      "y" : 18.09017,
      "z" : 6.90983
    },
    "orientation" : 54
  }, {
    "shape" : "f3baba05-def2-467f-b39f-c2b661bf7683",
    "color" : "#FF0033",
    "position" : {
      "x" : -11.18034,
      "y" : -18.09017,
      "z" : -6.90983
    },
    "orientation" : 17
  }, {
    "shape" : "c762a2c8-ade5-4670-9792-74b4d0e55eb3",
    "color" : "#00CC00",
    "position" : {
      "x" : 24.798374,
      "y" : -9.472136,
      "z" : -15.326238
    },
    "orientation" : 9
  }, {
    "shape" : "37cb7797-0d62-4b4e-b8d0-044152f1b9de",
    "color" : "#00CC00",
    "position" : {
      "x" : 24.798374,
      "y" : 9.472136,
      "z" : -15.326238
    },
    "orientation" : 1
  }, {
    "shape" : "c762a2c8-ade5-4670-9792-74b4d0e55eb3",
    "color" : "#00CC00",
    "position" : {
      "x" : 0.0,
      "y" : -30.652475,
      "z" : 0.0
    },
    "orientation" : 30
  }, {
    "shape" : "e28c5df7-750c-4b56-b23d-108d4ba6c6e8",
    "color" : "#FF0033",
    "position" : {
      "x" : -6.90983,
      "y" : 11.18034,
      "z" : -18.09017
    },
    "orientation" : 24
  }, {
    "shape" : "f3baba05-def2-467f-b39f-c2b661bf7683",
    "color" : "#FF0033",
    "position" : {
      "x" : 18.09017,
      "y" : 6.90983,
      "z" : -11.18034
    },
    "orientation" : 1
  }, {
    "shape" : "c762a2c8-ade5-4670-9792-74b4d0e55eb3",
    "color" : "#00CC00",
    "position" : {
      "x" : 0.0,
      "y" : 0.0,
      "z" : 30.652475
    },
    "orientation" : 1
  }, {
    "shape" : "37cb7797-0d62-4b4e-b8d0-044152f1b9de",
    "color" : "#00CC00",
    "position" : {
      "x" : 15.326238,
      "y" : -24.798374,
      "z" : -9.472136
    },
    "orientation" : 3
  }, {
    "shape" : "37cb7797-0d62-4b4e-b8d0-044152f1b9de",
    "color" : "#00CC00",
    "position" : {
      "x" : 24.798374,
      "y" : -9.472136,
      "z" : 15.326238
    },
    "orientation" : 16
  }, {
    "shape" : "c762a2c8-ade5-4670-9792-74b4d0e55eb3",
    "color" : "#00CC00",
    "position" : {
      "x" : 0.0,
      "y" : 0.0,
      "z" : -30.652475
    },
    "orientation" : 16
  }, {
    "shape" : "f3baba05-def2-467f-b39f-c2b661bf7683",
    "color" : "#FF0033",
    "position" : {
      "x" : -22.36068,
      "y" : 0.0,
      "z" : 0.0
    },
    "orientation" : 7
  }, {
    "shape" : "c762a2c8-ade5-4670-9792-74b4d0e55eb3",
    "color" : "#00CC00",
    "position" : {
      "x" : 24.798374,
      "y" : -9.472136,
      "z" : -15.326238
    },
    "orientation" : 19
  }, {
    "shape" : "9f8f261b-478f-437f-aecc-f5e74bc37925",
    "color" : "#00CC00",
    "position" : {
      "x" : 9.472136,
      "y" : -15.326238,
      "z" : -24.798374
    },
    "orientation" : 54
  } ],
  "scenes" : [ ],
  "snapshots" : [ ]
}