{
  "field" : "golden",
  "symmetry" : "icosahedral",
  "orientations" : [ [ 1.0, 0.0, 0.0, 0.0, 0.0, 1.0, 0.0, 0.0, 0.0, 0.0, 1.0, 0.0, 0.0, 0.0, 0.0, 1.0 ], [ 0.0, 0.0, 1.0, 0.0, 1.0, 0.0, 0.0, 0.0, 0.0, 1.0, 0.0, 0.0, 0.0, 0.0, 0.0, 1.0 ], [ 0.0, 1.0, 0.0, 0.0, 0.0, 0.0, 1.0, 0.0, 1.0, 0.0, 0.0, 0.0, 0.0, 0.0, 0.0, 1.0 ], [ 0.809017, 0.309017, 0.5, 0.0, 0.309017, 0.5, -0.809017, 0.0, -0.5, 0.809017, 0.309017, 0.0, 0.0, 0.0, 0.0, 1.0 ], [ -0.5, 0.809017, 0.309017, 0.0, 0.809017, 0.309017, 0.5, 0.0, 0.309017, 0.5, -0.809017, 0.0, 0.0, 0.0, 0.0, 1.0 ], [ 0.309017, 0.5, -0.809017, 0.0, -0.5, 0.809017, 0.309017, 0.0, 0.809017, 0.309017, 0.5, 0.0, 0.0, 0.0, 0.0, 1.0 ], [ 0.5, 0.809017, 0.309017, 0.0, 0.809017, -0.309017, -0.5, 0.0, -0.309017, 0.5, -0.809017, 0.0, 0.0, 0.0, 0.0, 1.0 ], [ -0.309017, 0.5, -0.809017, 0.0, 0.5, 0.809017, 0.309017, 0.0, 0.809017, -0.309017, -0.5, 0.0, 0.0, 0.0, 0.0, 1.0 ], [ 0.809017, -0.309017, -0.5, 0.0, -0.309017, 0.5, -0.809017, 0.0, 0.5, 0.809017, 0.309017, 0.0, 0.0, 0.0, 0.0, 1.0 ], [ 0.5, 0.809017, -0.309017, 0.0, 0.809017, -0.309017, 0.5, 0.0, 0.309017, -0.5, -0.809017, 0.0, 0.0, 0.0, 0.0, 1.0 ], [ 0.309017, -0.5, -0.809017, 0.0, 0.5, 0.809017, -0.309017, 0.0, 0.809017, -0.309017, 0.5, 0.0, 0.0, 0.0, 0.0, 1.0 ], [ 0.809017, -0.309017, 0.5, 0.0, 0.309017, -0.5, -0.809017, 0.0, 0.5, 0.809017, -0.309017, 0.0, 0.0, 0.0, 0.0, 1.0 ], [ 0.809017, 0.309017, -0.5, 0.0, 0.309017, 0.5, 0.809017, 0.0, 0.5, -0.809017, 0.309017, 0.0, 0.0, 0.0, 0.0, 1.0 ], [ 0.5, -0.809017, 0.309017, 0.0, 0.809017, 0.309017, -0.5, 0.0, 0.309017, 0.5, 0.809017, 0.0, 0.0, 0.0, 0.0, 1.0 ], [ 0.309017, 0.5, 0.809017, 0.0, 0.5, -0.809017, 0.309017, 0.0, 0.809017, 0.309017, -0.5, 0.0, 0.0, 0.0, 0.0, 1.0 ], [ 1.0, 0.0, 0.0, 0.0, 0.0, -1.0, 0.0, 0.0, 0.0, 0.0, -1.0, 0.0, 0.0, 0.0, 0.0, 1.0 ], [ 0.0, 0.0, 1.0, 0.0, -1.0, 0.0, 0.0, 0.0, 0.0, -1.0, 0.0, 0.0, 0.0, 0.0, 0.0, 1.0 ], [ 0.0, 1.0, 0.0, 0.0, 0.0, 0.0, -1.0, 0.0, -1.0, 0.0, 0.0, 0.0, 0.0, 0.0, 0.0, 1.0 ], [ 0.809017, 0.309017, 0.5, 0.0, -0.309017, -0.5, 0.809017, 0.0, 0.5, -0.809017, -0.309017, 0.0, 0.0, 0.0, 0.0, 1.0 ], [ -0.5, 0.809017, 0.309017, 0.0, -0.809017, -0.309017, -0.5, 0.0, -0.309017, -0.5, 0.809017, 0.0, 0.0, 0.0, 0.0, 1.0 ], [ 0.309017, 0.5, -0.809017, 0.0, 0.5, -0.809017, -0.309017, 0.0, -0.809017, -0.309017, -0.5, 0.0, 0.0, 0.0, 0.0, 1.0 ], [ 0.5, 0.809017, 0.309017, 0.0, -0.809017, 0.309017, 0.5, 0.0, 0.309017, -0.5, 0.809017, 0.0, 0.0, 0.0, 0.0, 1.0 ], [ -0.309017, 0.5, -0.809017, 0.0, -0.5, -0.809017, -0.309017, 0.0, -0.809017, 0.309017, 0.5, 0.0, 0.0, 0.0, 0.0, 1.0 ], [ 0.809017, -0.309017, -0.5, 0.0, 0.309017, -0.5, 0.809017, 0.0, -0.5, -0.809017, -0.309017, 0.0, 0.0, 0.0, 0.0, 1.0 ], [ 0.5, 0.809017, -0.309017, 0.0, -0.809017, 0.309017, -0.5, 0.0, -0.309017, 0.5, 0.809017, 0.0, 0.0, 0.0, 0.0, 1.0 ], [ 0.309017, -0.5, -0.809017, 0.0, -0.5, -0.809017, 0.309017, 0.0, -0.809017, 0.309017, -0.5, 0.0, 0.0, 0.0, 0.0, 1.0 ], [ 0.809017, -0.309017, 0.5, 0.0, -0.309017, 0.5, 0.809017, 0.0, -0.5, -0.809017, 0.309017, 0.0, 0.0, 0.0, 0.0, 1.0 ], [ 0.809017, 0.309017, -0.5, 0.0, -0.309017, -0.5, -0.809017, 0.0, -0.5, 0.809017, -0.309017, 0.0, 0.0, 0.0, 0.0, 1.0 ], [ 0.5, -0.809017, 0.309017, 0.0, -0.809017, -0.309017, 0.5, 0.0, -0.309017, -0.5, -0.809017, 0.0, 0.0, 0.0, 0.0, 1.0 ], [ 0.309017, 0.5, 0.809017, 0.0, -0.5, 0.809017, -0.309017, 0.0, -0.809017, -0.309017, 0.5, 0.0, 0.0, 0.0, 0.0, 1.0 ], [ -1.0, 0.0, 0.0, 0.0, 0.0, -1.0, 0.0, 0.0, 0.0, 0.0, 1.0, 0.0, 0.0, 0.0, 0.0, 1.0 ], [ 0.0, 0.0, -1.0, 0.0, -1.0, 0.0, 0.0, 0.0, 0.0, 1.0, 0.0, 0.0, 0.0, 0.0, 0.0, 1.0 ], [ 0.0, -1.0, 0.0, 0.0, 0.0, 0.0, -1.0, 0.0, 1.0, 0.0, 0.0, 0.0, 0.0, 0.0, 0.0, 1.0 ], [ -0.809017, -0.309017, -0.5, 0.0, -0.309017, -0.5, 0.809017, 0.0, -0.5, 0.809017, 0.309017, 0.0, 0.0, 0.0, 0.0, 1.0 ], [ 0.5, -0.809017, -0.309017, 0.0, -0.809017, -0.309017, -0.5, 0.0, 0.309017, 0.5, -0.809017, 0.0, 0.0, 0.0, 0.0, 1.0 ], [ -0.309017, -0.5, 0.809017, 0.0, 0.5, -0.809017, -0.309017, 0.0, 0.809017, 0.309017, 0.5, 0.0, 0.0, 0.0, 0.0, 1.0 ], [ -0.5, -0.809017, -0.309017, 0.0, -0.809017, 0.309017, 0.5, 0.0, -0.309017, 0.5, -0.809017, 0.0, 0.0, 0.0, 0.0, 1.0 ], [ 0.309017, -0.5, 0.809017, 0.0, -0.5, -0.809017, -0.309017, 0.0, 0.809017, -0.309017, -0.5, 0.0, 0.0, 0.0, 0.0, 1.0 ], [ -0.809017, 0.309017, 0.5, 0.0, 0.309017, -0.5, 0.809017, 0.0, 0.5, 0.809017, 0.309017, 0.0, 0.0, 0.0, 0.0, 1.0 ], [ -0.5, -0.809017, 0.309017, 0.0, -0.809017, 0.309017, -0.5, 0.0, 0.309017, -0.5, -0.809017, 0.0, 0.0, 0.0, 0.0, 1.0 ], [ -0.309017, 0.5, 0.809017, 0.0, -0.5, -0.809017, 0.309017, 0.0, 0.809017, -0.309017, 0.5, 0.0, 0.0, 0.0, 0.0, 1.0 ], [ -0.809017, 0.309017, -0.5, 0.0, -0.309017, 0.5, 0.809017, 0.0, 0.5, 0.809017, -0.309017, 0.0, 0.0, 0.0, 0.0, 1.0 ], [ -0.809017, -0.309017, 0.5, 0.0, -0.309017, -0.5, -0.809017, 0.0, 0.5, -0.809017, 0.309017, 0.0, 0.0, 0.0, 0.0, 1.0 ], [ -0.5, 0.809017, -0.309017, 0.0, -0.809017, -0.309017, 0.5, 0.0, 0.309017, 0.5, 0.809017, 0.0, 0.0, 0.0, 0.0, 1.0 ], [ -0.309017, -0.5, -0.809017, 0.0, -0.5, 0.809017, -0.309017, 0.0, 0.809017, 0.309017, -0.5, 0.0, 0.0, 0.0, 0.0, 1.0 ], [ -1.0, 0.0, 0.0, 0.0, 0.0, 1.0, 0.0, 0.0, 0.0, 0.0, -1.0, 0.0, 0.0, 0.0, 0.0, 1.0 ], [ 0.0, 0.0, -1.0, 0.0, 1.0, 0.0, 0.0, 0.0, 0.0, -1.0, 0.0, 0.0, 0.0, 0.0, 0.0, 1.0 ], [ 0.0, -1.0, 0.0, 0.0, 0.0, 0.0, 1.0, 0.0, -1.0, 0.0, 0.0, 0.0, 0.0, 0.0, 0.0, 1.0 ], [ -0.809017, -0.309017, -0.5, 0.0, 0.309017, 0.5, -0.809017, 0.0, 0.5, -0.809017, -0.309017, 0.0, 0.0, 0.0, 0.0, 1.0 ], [ 0.5, -0.809017, -0.309017, 0.0, 0.809017, 0.309017, 0.5, 0.0, -0.309017, -0.5, 0.809017, 0.0, 0.0, 0.0, 0.0, 1.0 ], [ -0.309017, -0.5, 0.809017, 0.0, -0.5, 0.809017, 0.309017, 0.0, -0.809017, -0.309017, -0.5, 0.0, 0.0, 0.0, 0.0, 1.0 ], [ -0.5, -0.809017, -0.309017, 0.0, 0.809017, -0.309017, -0.5, 0.0, 0.309017, -0.5, 0.809017, 0.0, 0.0, 0.0, 0.0, 1.0 ], [ 0.309017, -0.5, 0.809017, 0.0, 0.5, 0.809017, 0.309017, 0.0, -0.809017, 0.309017, 0.5, 0.0, 0.0, 0.0, 0.0, 1.0 ], [ -0.809017, 0.309017, 0.5, 0.0, -0.309017, 0.5, -0.809017, 0.0, -0.5, -0.809017, -0.309017, 0.0, 0.0, 0.0, 0.0, 1.0 ], [ -0.5, -0.809017, 0.309017, 0.0, 0.809017, -0.309017, 0.5, 0.0, -0.309017, 0.5, 0.809017, 0.0, 0.0, 0.0, 0.0, 1.0 ], [ -0.309017, 0.5, 0.809017, 0.0, 0.5, 0.809017, -0.309017, 0.0, -0.809017, 0.309017, -0.5, 0.0, 0.0, 0.0, 0.0, 1.0 ], [ -0.809017, 0.309017, -0.5, 0.0, 0.309017, -0.5, -0.809017, 0.0, -0.5, -0.809017, 0.309017, 0.0, 0.0, 0.0, 0.0, 1.0 ], [ -0.809017, -0.309017, 0.5, 0.0, 0.309017, 0.5, 0.809017, 0.0, -0.5, 0.809017, -0.309017, 0.0, 0.0, 0.0, 0.0, 1.0 ], [ -0.5, 0.809017, -0.309017, 0.0, 0.809017, 0.309017, -0.5, 0.0, -0.309017, -0.5, -0.809017, 0.0, 0.0, 0.0, 0.0, 1.0 ], [ -0.309017, -0.5, -0.809017, 0.0, 0.5, -0.809017, 0.309017, 0.0, -0.809017, -0.309017, 0.5, 0.0, 0.0, 0.0, 0.0, 1.0 ] ],
  "lights" : {
    "directionalLights" : [ {
      "direction" : {
        "x" : 1.0,
        "y" : -1.0,
        "z" : -1.0
      },
      "color" : "#EBEBE4"
    }, {
      "direction" : {
        "x" : -1.0,
        "y" : 0.0,
        "z" : 0.0
      },
      "color" : "#E4E4EB"
    }, {
      "direction" : {
        "x" : 0.0,
        "y" : 0.0,
        "z" : -1.0
      },
      "color" : "#1E1E1E"
    } ],
    "ambientColor" : "#292929",
    "backgroundColor" : "#AFC8DC"
  },
  "camera" : {
    "position" : {
      "x" : 16.726667,
      "y" : 313.33694,
      "z" : 178.49779
    },
    "width" : 162.45032,
    "farClipDistance" : 722.00073,
    "nearClipDistance" : 0.9025013,
    "perspective" : true,
    "viewDistance" : 361.00055,
    "lookAtPoint" : {
      "x" : 0.0,
      "y" : 0.0,
      "z" : 0.0
    },
    "fieldOfView" : 0.44262907,
    "stereo" : false,
    "upDirection" : {
      "x" : -0.75040776,
      "y" : 0.35696325,
      "z" : -0.5562975
    },
    "lookDirection" : {
      "x" : -0.04633419,
      "y" : -0.8679681,
      "z" : -0.49445295
    }
  },
  "embedding" : [ 1.0, 0.0, 0.0, 0.0, 0.0, 1.0, 0.0, 0.0, 0.0, 0.0, 1.0, 0.0, 0.0, 0.0, 0.0, 1.0 ],
  "shapes" : [ {
    "id" : "ee3e542b-f67e-4955-b1ec-75efc7c1967f",
    "vertices" : [ {
      "x" : -7.784183,
      "y" : 4.6108723,
      "z" : -7.04481
    }, {
      "x" : -7.884183,
      "y" : 4.210872,
      "z" : -7.1448097
    }, {
      "x" : -0.37893614,
      "y" : 0.12519594,
      "z" : -0.61830914
    }, {
      "x" : -0.27893615,
      "y" : 0.52519596,
      "z" : -0.5183091
    }, {
      "x" : -7.6508493,
      "y" : 4.3442054,
      "z" : -7.44481
    }, {
      "x" : -7.5508494,
      "y" : 4.7442055,
      "z" : -7.34481
    }, {
      "x" : -0.5122695,
      "y" : 0.3918626,
      "z" : -0.21830915
    }, {
      "x" : -0.61226946,
      "y" : -0.0081373975,
      "z" : -0.31830916
    } ],
    "faces" : [ {
      "vertices" : [ 2, 3, 6 ]
    }, {
      "vertices" : [ 2, 6, 7 ]
    }, {
      "vertices" : [ 0, 5, 4 ]
    }, {
      "vertices" : [ 0, 4, 1 ]
    }, {
      "vertices" : [ 2, 4, 5 ]
    }, {
      "vertices" : [ 2, 5, 3 ]
    }, {
      "vertices" : [ 0, 6, 3 ]
    }, {
      "vertices" : [ 0, 3, 5 ]
    }, {
      "vertices" : [ 0, 1, 7 ]
    }, {
      "vertices" : [ 0, 7, 6 ]
    }, {
      "vertices" : [ 1, 4, 2 ]
    }, {
      "vertices" : [ 1, 2, 7 ]
    } ]
  }, {
    "id" : "d87a24a8-1d9c-4fb5-b72d-bca662eeb391",
    "vertices" : [ {
      "x" : 0.309017,
      "y" : -0.309017,
      "z" : -0.309017
    }, {
      "x" : 0.5,
      "y" : 0.0,
      "z" : -0.19098301
    }, {
      "x" : 0.5,
      "y" : 0.0,
      "z" : 0.19098301
    }, {
      "x" : 0.309017,
      "y" : -0.309017,
      "z" : 0.309017
    }, {
      "x" : 0.19098301,
      "y" : -0.5,
      "z" : 0.0
    }, {
      "x" : 0.0,
      "y" : 0.19098301,
      "z" : 0.5
    }, {
      "x" : 0.0,
      "y" : -0.19098301,
      "z" : 0.5
    }, {
      "x" : 0.309017,
      "y" : 0.309017,
      "z" : 0.309017
    }, {
      "x" : -0.309017,
      "y" : -0.309017,
      "z" : 0.309017
    }, {
      "x" : -0.309017,
      "y" : 0.309017,
      "z" : 0.309017
    }, {
      "x" : -0.5,
      "y" : 0.0,
      "z" : 0.19098301
    }, {
      "x" : 0.0,
      "y" : -0.19098301,
      "z" : -0.5
    }, {
      "x" : 0.0,
      "y" : 0.19098301,
      "z" : -0.5
    }, {
      "x" : 0.309017,
      "y" : 0.309017,
      "z" : -0.309017
    }, {
      "x" : -0.309017,
      "y" : -0.309017,
      "z" : -0.309017
    }, {
      "x" : -0.19098301,
      "y" : -0.5,
      "z" : 0.0
    }, {
      "x" : -0.5,
      "y" : 0.0,
      "z" : -0.19098301
    }, {
      "x" : 0.19098301,
      "y" : 0.5,
      "z" : 0.0
    }, {
      "x" : -0.309017,
      "y" : 0.309017,
      "z" : -0.309017
    }, {
      "x" : 0.0,
      "y" : 0.0,
      "z" : 0.0
    }, {
      "x" : -0.19098301,
      "y" : 0.5,
      "z" : 0.0
    } ],
    "faces" : [ {
      "vertices" : [ 12, 18, 20 ]
    }, {
      "vertices" : [ 12, 20, 17 ]
    }, {
      "vertices" : [ 12, 17, 13 ]
    }, {
      "vertices" : [ 3, 6, 8 ]
    }, {
      "vertices" : [ 3, 8, 15 ]
    }, {
      "vertices" : [ 3, 15, 4 ]
    }, {
      "vertices" : [ 0, 11, 12 ]
    }, {
      "vertices" : [ 0, 12, 13 ]
    }, {
      "vertices" : [ 0, 13, 1 ]
    }, {
      "vertices" : [ 5, 9, 10 ]
    }, {
      "vertices" : [ 5, 10, 8 ]
    }, {
      "vertices" : [ 5, 8, 6 ]
    }, {
      "vertices" : [ 2, 7, 5 ]
    }, {
      "vertices" : [ 2, 5, 6 ]
    }, {
      "vertices" : [ 2, 6, 3 ]
    }, {
      "vertices" : [ 11, 14, 16 ]
    }, {
      "vertices" : [ 11, 16, 18 ]
    }, {
      "vertices" : [ 11, 18, 12 ]
    }, {
      "vertices" : [ 1, 13, 17 ]
    }, {
      "vertices" : [ 1, 17, 7 ]
    }, {
      "vertices" : [ 1, 7, 2 ]
    }, {
      "vertices" : [ 9, 20, 18 ]
    }, {
      "vertices" : [ 9, 18, 16 ]
    }, {
      "vertices" : [ 9, 16, 10 ]
    }, {
      "vertices" : [ 0, 1, 2 ]
    }, {
      "vertices" : [ 0, 2, 3 ]
    }, {
      "vertices" : [ 0, 3, 4 ]
    }, {
      "vertices" : [ 5, 7, 17 ]
    }, {
      "vertices" : [ 5, 17, 20 ]
    }, {
      "vertices" : [ 5, 20, 9 ]
    }, {
      "vertices" : [ 0, 4, 15 ]
    }, {
      "vertices" : [ 0, 15, 14 ]
    }, {
      "vertices" : [ 0, 14, 11 ]
    }, {
      "vertices" : [ 8, 10, 16 ]
    }, {
      "vertices" : [ 8, 16, 14 ]
    }, {
      "vertices" : [ 8, 14, 15 ]
    } ]
  }, {
    "id" : "e639957d-390f-4517-8837-ba3db96f615f",
    "vertices" : [ {
      "x" : 1.0195054,
      "y" : 9.9326725,
      "z" : 0.8870291
    }, {
      "x" : 1.1195053,
      "y" : 10.032672,
      "z" : 0.48702908
    }, {
      "x" : 0.28951165,
      "y" : 0.6574978,
      "z" : -0.07801209
    }, {
      "x" : 0.18951166,
      "y" : 0.55749786,
      "z" : 0.32198793
    }, {
      "x" : 1.4195054,
      "y" : 9.799338,
      "z" : 0.6203624
    }, {
      "x" : 1.3195053,
      "y" : 9.699339,
      "z" : 1.0203624
    }, {
      "x" : -0.11048835,
      "y" : 0.79083115,
      "z" : 0.18865457
    }, {
      "x" : -0.010488344,
      "y" : 0.8908312,
      "z" : -0.21134542
    } ],
    "faces" : [ {
      "vertices" : [ 2, 3, 6 ]
    }, {
      "vertices" : [ 2, 6, 7 ]
    }, {
      "vertices" : [ 0, 5, 4 ]
    }, {
      "vertices" : [ 0, 4, 1 ]
    }, {
      "vertices" : [ 2, 4, 5 ]
    }, {
      "vertices" : [ 2, 5, 3 ]
    }, {
      "vertices" : [ 0, 6, 3 ]
    }, {
      "vertices" : [ 0, 3, 5 ]
    }, {
      "vertices" : [ 0, 1, 7 ]
    }, {
      "vertices" : [ 0, 7, 6 ]
    }, {
      "vertices" : [ 1, 4, 2 ]
    }, {
      "vertices" : [ 1, 2, 7 ]
    } ]
  } ],
  "instances" : [ {
    "shape" : "ee3e542b-f67e-4955-b1ec-75efc7c1967f",
    "color" : "#FFFFFF",
    "position" : {
      "x" : -20.062305,
      "y" : -17.135256,
      "z" : 12.399187
    },
    "orientation" : 3
  }, {
    "shape" : "d87a24a8-1d9c-4fb5-b72d-bca662eeb391",
    "color" : "#FFFFFF",
    "position" : {
      "x" : -20.062305,
      "y" : -17.135256,
      "z" : 12.399187
    }
  }, {
    "shape" : "ee3e542b-f67e-4955-b1ec-75efc7c1967f",
    "color" : "#FFFFFF",
    "position" : {
      "x" : 12.399187,
      "y" : -20.062305,
      "z" : -17.135256
    },
    "orientation" : 4
  }, {
    "shape" : "ee3e542b-f67e-4955-b1ec-75efc7c1967f",
    "color" : "#FFFFFF",
    "position" : {
      "x" : -11.09017,
      "y" : -17.944271,
      "z" : 29.034441
    },
    "orientation" : 40
  }, {
    "shape" : "ee3e542b-f67e-4955-b1ec-75efc7c1967f",
    "color" : "#FFFFFF",
    "position" : {
      "x" : 20.062305,
      "y" : -17.135256,
      "z" : -12.399187
    },
    "orientation" : 48
  }, {
    "shape" : "e639957d-390f-4517-8837-ba3db96f615f",
    "color" : "#000000",
    "position" : {
      "x" : -29.034441,
      "y" : 0.0,
      "z" : -17.944271
    },
    "orientation" : 22
  }, {
    "shape" : "d87a24a8-1d9c-4fb5-b72d-bca662eeb391",
    "color" : "#FFFFFF",
    "position" : {
      "x" : 0.0,
      "y" : 0.0,
      "z" : 35.888542
    }
  }, {
    "shape" : "d87a24a8-1d9c-4fb5-b72d-bca662eeb391",
    "color" : "#FFFFFF",
    "position" : {
      "x" : 29.034441,
      "y" : -11.09017,
      "z" : -17.944271
    }
  }, {
    "shape" : "e639957d-390f-4517-8837-ba3db96f615f",
    "color" : "#000000",
    "position" : {
      "x" : 32.461494,
      "y" : -5.545085,
      "z" : 8.972136
    },
    "orientation" : 26
  }, {
    "shape" : "d87a24a8-1d9c-4fb5-b72d-bca662eeb391",
    "color" : "#FFFFFF",
    "position" : {
      "x" : 17.944271,
      "y" : 29.034441,
      "z" : 11.09017
    }
  }, {
    "shape" : "ee3e542b-f67e-4955-b1ec-75efc7c1967f",
    "color" : "#FFFFFF",
    "position" : {
      "x" : 11.09017,
      "y" : 17.944271,
      "z" : 29.034441
    },
    "orientation" : 10
  }, {
    "shape" : "d87a24a8-1d9c-4fb5-b72d-bca662eeb391",
    "color" : "#FFFFFF",
    "position" : {
      "x" : 14.5172205,
      "y" : -23.489357,
      "z" : -20.062305
    }
  }, {
    "shape" : "e639957d-390f-4517-8837-ba3db96f615f",
    "color" : "#000000",
    "position" : {
      "x" : 9.472136,
      "y" : -15.326238,
      "z" : 24.798374
    },
    "orientation" : 20
  }, {
    "shape" : "ee3e542b-f67e-4955-b1ec-75efc7c1967f",
    "color" : "#FFFFFF",
    "position" : {
      "x" : -20.062305,
      "y" : 17.135256,
      "z" : 12.399187
    },
    "orientation" : 24
  }, {
    "shape" : "d87a24a8-1d9c-4fb5-b72d-bca662eeb391",
    "color" : "#FFFFFF",
    "position" : {
      "x" : -30.652475,
      "y" : 0.0,
      "z" : 0.0
    }
  }, {
    "shape" : "d87a24a8-1d9c-4fb5-b72d-bca662eeb391",
    "color" : "#FFFFFF",
    "position" : {
      "x" : -8.972136,
      "y" : -32.461494,
      "z" : -5.545085
    }
  }, {
    "shape" : "d87a24a8-1d9c-4fb5-b72d-bca662eeb391",
    "color" : "#FFFFFF",
    "position" : {
      "x" : 17.135256,
      "y" : -12.399187,
      "z" : 20.062305
    }
  }, {
    "shape" : "d87a24a8-1d9c-4fb5-b72d-bca662eeb391",
    "color" : "#FFFFFF",
    "position" : {
      "x" : 0.0,
      "y" : 0.0,
      "z" : -35.888542
    }
  }, {
    "shape" : "ee3e542b-f67e-4955-b1ec-75efc7c1967f",
    "color" : "#FFFFFF",
    "position" : {
      "x" : 4.736068,
      "y" : 7.663119,
      "z" : -27.725426
    },
    "orientation" : 44
  }, {
    "shape" : "d87a24a8-1d9c-4fb5-b72d-bca662eeb391",
    "color" : "#FFFFFF",
    "position" : {
      "x" : 0.0,
      "y" : -17.944271,
      "z" : -29.034441
    }
  }, {
    "shape" : "e639957d-390f-4517-8837-ba3db96f615f",
    "color" : "#000000",
    "position" : {
      "x" : 15.326238,
      "y" : -24.798374,
      "z" : -9.472136
    },
    "orientation" : 38
  }, {
    "shape" : "ee3e542b-f67e-4955-b1ec-75efc7c1967f",
    "color" : "#FFFFFF",
    "position" : {
      "x" : 17.944271,
      "y" : 29.034441,
      "z" : 11.09017
    },
    "orientation" : 9
  }, {
    "shape" : "e639957d-390f-4517-8837-ba3db96f615f",
    "color" : "#000000",
    "position" : {
      "x" : 9.472136,
      "y" : 15.326238,
      "z" : 24.798374
    },
    "orientation" : 36
  }, {
    "shape" : "d87a24a8-1d9c-4fb5-b72d-bca662eeb391",
    "color" : "#FFFFFF",
    "position" : {
      "x" : 9.472136,
      "y" : 15.326238,
      "z" : 24.798374
    }
  }, {
    "shape" : "ee3e542b-f67e-4955-b1ec-75efc7c1967f",
    "color" : "#FFFFFF",
    "position" : {
      "x" : 24.798374,
      "y" : 0.0,
      "z" : -15.326238
    },
    "orientation" : 38
  }, {
    "shape" : "e639957d-390f-4517-8837-ba3db96f615f",
    "color" : "#000000",
    "position" : {
      "x" : 20.062305,
      "y" : 14.5172205,
      "z" : -23.489357
    },
    "orientation" : 47
  }, {
    "shape" : "ee3e542b-f67e-4955-b1ec-75efc7c1967f",
    "color" : "#FFFFFF",
    "position" : {
      "x" : 29.034441,
      "y" : 11.09017,
      "z" : -17.944271
    },
    "orientation" : 23
  }, {
    "shape" : "ee3e542b-f67e-4955-b1ec-75efc7c1967f",
    "color" : "#FFFFFF",
    "position" : {
      "x" : -11.09017,
      "y" : 17.944271,
      "z" : -29.034441
    },
    "orientation" : 59
  }, {
    "shape" : "e639957d-390f-4517-8837-ba3db96f615f",
    "color" : "#000000",
    "position" : {
      "x" : 20.062305,
      "y" : -14.5172205,
      "z" : 23.489357
    },
    "orientation" : 32
  }, {
    "shape" : "d87a24a8-1d9c-4fb5-b72d-bca662eeb391",
    "color" : "#FFFFFF",
    "position" : {
      "x" : -17.135256,
      "y" : -12.399187,
      "z" : -20.062305
    }
  }, {
    "shape" : "ee3e542b-f67e-4955-b1ec-75efc7c1967f",
    "color" : "#FFFFFF",
    "position" : {
      "x" : -20.062305,
      "y" : -17.135256,
      "z" : -12.399187
    },
    "orientation" : 9
  }, {
    "shape" : "ee3e542b-f67e-4955-b1ec-75efc7c1967f",
    "color" : "#FFFFFF",
    "position" : {
      "x" : 17.135256,
      "y" : -12.399187,
      "z" : 20.062305
    },
    "orientation" : 56
  }, {
    "shape" : "d87a24a8-1d9c-4fb5-b72d-bca662eeb391",
    "color" : "#FFFFFF",
    "position" : {
      "x" : 14.5172205,
      "y" : 23.489357,
      "z" : -20.062305
    }
  }, {
    "shape" : "e639957d-390f-4517-8837-ba3db96f615f",
    "color" : "#000000",
    "position" : {
      "x" : 0.0,
      "y" : -17.944271,
      "z" : -29.034441
    },
    "orientation" : 36
  }, {
    "shape" : "e639957d-390f-4517-8837-ba3db96f615f",
    "color" : "#000000",
    "position" : {
      "x" : -29.034441,
      "y" : 0.0,
      "z" : 17.944271
    },
    "orientation" : 7
  }, {
    "shape" : "d87a24a8-1d9c-4fb5-b72d-bca662eeb391",
    "color" : "#FFFFFF",
    "position" : {
      "x" : 29.034441,
      "y" : 0.0,
      "z" : -17.944271
    }
  }, {
    "shape" : "ee3e542b-f67e-4955-b1ec-75efc7c1967f",
    "color" : "#FFFFFF",
    "position" : {
      "x" : -17.135256,
      "y" : -12.399187,
      "z" : 20.062305
    },
    "orientation" : 20
  }, {
    "shape" : "e639957d-390f-4517-8837-ba3db96f615f",
    "color" : "#000000",
    "position" : {
      "x" : 0.0,
      "y" : 0.0,
      "z" : 30.652475
    },
    "orientation" : 55
  }, {
    "shape" : "d87a24a8-1d9c-4fb5-b72d-bca662eeb391",
    "color" : "#FFFFFF",
    "position" : {
      "x" : 8.972136,
      "y" : -32.461494,
      "z" : 5.545085
    }
  }, {
    "shape" : "ee3e542b-f67e-4955-b1ec-75efc7c1967f",
    "color" : "#FFFFFF",
    "position" : {
      "x" : 0.0,
      "y" : 0.0,
      "z" : -35.888542
    },
    "orientation" : 17
  }, {
    "shape" : "ee3e542b-f67e-4955-b1ec-75efc7c1967f",
    "color" : "#FFFFFF",
    "position" : {
      "x" : -17.135256,
      "y" : 12.399187,
      "z" : 20.062305
    },
    "orientation" : 26
  }, {
    "shape" : "d87a24a8-1d9c-4fb5-b72d-bca662eeb391",
    "color" : "#FFFFFF",
    "position" : {
      "x" : 5.545085,
      "y" : 8.972136,
      "z" : -32.461494
    }
  }, {
    "shape" : "d87a24a8-1d9c-4fb5-b72d-bca662eeb391",
    "color" : "#FFFFFF",
    "position" : {
      "x" : -20.062305,
      "y" : 17.135256,
      "z" : -12.399187
    }
  }, {
    "shape" : "d87a24a8-1d9c-4fb5-b72d-bca662eeb391",
    "color" : "#FFFFFF",
    "position" : {
      "x" : 7.663119,
      "y" : -27.725426,
      "z" : 4.736068
    }
  }, {
    "shape" : "e639957d-390f-4517-8837-ba3db96f615f",
    "color" : "#000000",
    "position" : {
      "x" : 32.461494,
      "y" : 5.545085,
      "z" : -8.972136
    },
    "orientation" : 11
  }, {
    "shape" : "d87a24a8-1d9c-4fb5-b72d-bca662eeb391",
    "color" : "#FFFFFF",
    "position" : {
      "x" : -5.545085,
      "y" : -8.972136,
      "z" : 32.461494
    }
  }, {
    "shape" : "e639957d-390f-4517-8837-ba3db96f615f",
    "color" : "#000000",
    "position" : {
      "x" : 8.972136,
      "y" : -32.461494,
      "z" : 5.545085
    },
    "orientation" : 39
  }, {
    "shape" : "e639957d-390f-4517-8837-ba3db96f615f",
    "color" : "#000000",
    "position" : {
      "x" : 23.489357,
      "y" : 20.062305,
      "z" : 14.5172205
    },
    "orientation" : 49
  }, {
    "shape" : "e639957d-390f-4517-8837-ba3db96f615f",
    "color" : "#000000",
    "position" : {
      "x" : 29.034441,
      "y" : 0.0,
      "z" : -17.944271
    },
    "orientation" : 52
  }, {
    "shape" : "e639957d-390f-4517-8837-ba3db96f615f",
    "color" : "#000000",
    "position" : {
      "x" : -20.062305,
      "y" : -14.5172205,
      "z" : 23.489357
    },
    "orientation" : 48
  }, {
    "shape" : "ee3e542b-f67e-4955-b1ec-75efc7c1967f",
    "color" : "#FFFFFF",
    "position" : {
      "x" : -20.062305,
      "y" : 17.135256,
      "z" : -12.399187
    },
    "orientation" : 18
  }, {
    "shape" : "ee3e542b-f67e-4955-b1ec-75efc7c1967f",
    "color" : "#FFFFFF",
    "position" : {
      "x" : -17.135256,
      "y" : 12.399187,
      "z" : -20.062305
    },
    "orientation" : 5
  }, {
    "shape" : "d87a24a8-1d9c-4fb5-b72d-bca662eeb391",
    "color" : "#FFFFFF",
    "position" : {
      "x" : -4.736068,
      "y" : -7.663119,
      "z" : -27.725426
    }
  }, {
    "shape" : "d87a24a8-1d9c-4fb5-b72d-bca662eeb391",
    "color" : "#FFFFFF",
    "position" : {
      "x" : -14.5172205,
      "y" : -23.489357,
      "z" : 20.062305
    }
  }, {
    "shape" : "ee3e542b-f67e-4955-b1ec-75efc7c1967f",
    "color" : "#FFFFFF",
    "position" : {
      "x" : 12.399187,
      "y" : -20.062305,
      "z" : 17.135256
    },
    "orientation" : 55
  }, {
    "shape" : "e639957d-390f-4517-8837-ba3db96f615f",
    "color" : "#000000",
    "position" : {
      "x" : -15.326238,
      "y" : 24.798374,
      "z" : -9.472136
    },
    "orientation" : 16
  }, {
    "shape" : "ee3e542b-f67e-4955-b1ec-75efc7c1967f",
    "color" : "#FFFFFF",
    "position" : {
      "x" : -11.09017,
      "y" : -17.944271,
      "z" : -29.034441
    },
    "orientation" : 50
  }, {
    "shape" : "d87a24a8-1d9c-4fb5-b72d-bca662eeb391",
    "color" : "#FFFFFF",
    "position" : {
      "x" : 24.798374,
      "y" : -9.472136,
      "z" : 15.326238
    }
  }, {
    "shape" : "d87a24a8-1d9c-4fb5-b72d-bca662eeb391",
    "color" : "#FFFFFF",
    "position" : {
      "x" : 27.725426,
      "y" : 4.736068,
      "z" : 7.663119
    }
  }, {
    "shape" : "ee3e542b-f67e-4955-b1ec-75efc7c1967f",
    "color" : "#FFFFFF",
    "position" : {
      "x" : -17.135256,
      "y" : -12.399187,
      "z" : -20.062305
    },
    "orientation" : 11
  }, {
    "shape" : "e639957d-390f-4517-8837-ba3db96f615f",
    "color" : "#000000",
    "position" : {
      "x" : 14.5172205,
      "y" : -23.489357,
      "z" : 20.062305
    },
    "orientation" : 16
  }, {
    "shape" : "e639957d-390f-4517-8837-ba3db96f615f",
    "color" : "#000000",
    "position" : {
      "x" : -5.545085,
      "y" : -8.972136,
      "z" : -32.461494
    },
    "orientation" : 55
  }, {
    "shape" : "ee3e542b-f67e-4955-b1ec-75efc7c1967f",
    "color" : "#FFFFFF",
    "position" : {
      "x" : 0.0,
      "y" : 35.888542,
      "z" : 0.0
    },
    "orientation" : 46
  }, {
    "shape" : "e639957d-390f-4517-8837-ba3db96f615f",
    "color" : "#000000",
    "position" : {
      "x" : 9.472136,
      "y" : 15.326238,
      "z" : 24.798374
    },
    "orientation" : 17
  }, {
    "shape" : "e639957d-390f-4517-8837-ba3db96f615f",
    "color" : "#000000",
    "position" : {
      "x" : -17.944271,
      "y" : 29.034441,
      "z" : 0.0
    },
    "orientation" : 38
  }, {
    "shape" : "ee3e542b-f67e-4955-b1ec-75efc7c1967f",
    "color" : "#FFFFFF",
    "position" : {
      "x" : 11.09017,
      "y" : -17.944271,
      "z" : 29.034441
    },
    "orientation" : 37
  }, {
    "shape" : "ee3e542b-f67e-4955-b1ec-75efc7c1967f",
    "color" : "#FFFFFF",
    "position" : {
      "x" : -4.736068,
      "y" : 7.663119,
      "z" : 27.725426
    },
    "orientation" : 29
  }, {
    "shape" : "ee3e542b-f67e-4955-b1ec-75efc7c1967f",
    "color" : "#FFFFFF",
    "position" : {
      "x" : 0.0,
      "y" : -15.326238,
      "z" : -24.798374
    },
    "orientation" : 7
  }, {
    "shape" : "ee3e542b-f67e-4955-b1ec-75efc7c1967f",
    "color" : "#FFFFFF",
    "position" : {
      "x" : 11.09017,
      "y" : -17.944271,
      "z" : -29.034441
    },
    "orientation" : 29
  }, {
    "shape" : "e639957d-390f-4517-8837-ba3db96f615f",
    "color" : "#000000",
    "position" : {
      "x" : 8.972136,
      "y" : 32.461494,
      "z" : 5.545085
    },
    "orientation" : 14
  }, {
    "shape" : "ee3e542b-f67e-4955-b1ec-75efc7c1967f",
    "color" : "#FFFFFF",
    "position" : {
      "x" : -17.944271,
      "y" : -29.034441,
      "z" : -11.09017
    },
    "orientation" : 19
  }, {
    "shape" : "d87a24a8-1d9c-4fb5-b72d-bca662eeb391",
    "color" : "#FFFFFF",
    "position" : {
      "x" : 14.5172205,
      "y" : 23.489357,
      "z" : 20.062305
    }
  }, {
    "shape" : "ee3e542b-f67e-4955-b1ec-75efc7c1967f",
    "color" : "#FFFFFF",
    "position" : {
      "x" : 11.09017,
      "y" : -17.944271,
      "z" : -29.034441
    },
    "orientation" : 25
  }, {
    "shape" : "d87a24a8-1d9c-4fb5-b72d-bca662eeb391",
    "color" : "#FFFFFF",
    "position" : {
      "x" : -12.399187,
      "y" : 20.062305,
      "z" : 17.135256
    }
  }, {
    "shape" : "d87a24a8-1d9c-4fb5-b72d-bca662eeb391",
    "color" : "#FFFFFF",
    "position" : {
      "x" : 5.545085,
      "y" : 8.972136,
      "z" : 32.461494
    }
  }, {
    "shape" : "ee3e542b-f67e-4955-b1ec-75efc7c1967f",
    "color" : "#FFFFFF",
    "position" : {
      "x" : 7.663119,
      "y" : 27.725426,
      "z" : -4.736068
    },
    "orientation" : 43
  }, {
    "shape" : "e639957d-390f-4517-8837-ba3db96f615f",
    "color" : "#000000",
    "position" : {
      "x" : 0.0,
      "y" : 0.0,
      "z" : 30.652475
    },
    "orientation" : 25
  }, {
    "shape" : "e639957d-390f-4517-8837-ba3db96f615f",
    "color" : "#000000",
    "position" : {
      "x" : 32.461494,
      "y" : 5.545085,
      "z" : 8.972136
    },
    "orientation" : 13
  }, {
    "shape" : "e639957d-390f-4517-8837-ba3db96f615f",
    "color" : "#000000",
    "position" : {
      "x" : -24.798374,
      "y" : 9.472136,
      "z" : -15.326238
    },
    "orientation" : 0
  }, {
    "shape" : "ee3e542b-f67e-4955-b1ec-75efc7c1967f",
    "color" : "#FFFFFF",
    "position" : {
      "x" : -11.09017,
      "y" : 17.944271,
      "z" : -29.034441
    },
    "orientation" : 55
  }, {
    "shape" : "ee3e542b-f67e-4955-b1ec-75efc7c1967f",
    "color" : "#FFFFFF",
    "position" : {
      "x" : -7.663119,
      "y" : 27.725426,
      "z" : -4.736068
    },
    "orientation" : 31
  }, {
    "shape" : "ee3e542b-f67e-4955-b1ec-75efc7c1967f",
    "color" : "#FFFFFF",
    "position" : {
      "x" : -27.725426,
      "y" : 4.736068,
      "z" : -7.663119
    },
    "orientation" : 15
  }, {
    "shape" : "e639957d-390f-4517-8837-ba3db96f615f",
    "color" : "#000000",
    "position" : {
      "x" : -14.5172205,
      "y" : -23.489357,
      "z" : 20.062305
    },
    "orientation" : 5
  }, {
    "shape" : "e639957d-390f-4517-8837-ba3db96f615f",
    "color" : "#000000",
    "position" : {
      "x" : 5.545085,
      "y" : -8.972136,
      "z" : -32.461494
    },
    "orientation" : 27
  }, {
    "shape" : "d87a24a8-1d9c-4fb5-b72d-bca662eeb391",
    "color" : "#FFFFFF",
    "position" : {
      "x" : -14.5172205,
      "y" : 23.489357,
      "z" : 20.062305
    }
  }, {
    "shape" : "e639957d-390f-4517-8837-ba3db96f615f",
    "color" : "#000000",
    "position" : {
      "x" : -9.472136,
      "y" : -15.326238,
      "z" : 24.798374
    },
    "orientation" : 6
  }, {
    "shape" : "ee3e542b-f67e-4955-b1ec-75efc7c1967f",
    "color" : "#FFFFFF",
    "position" : {
      "x" : 15.326238,
      "y" : -24.798374,
      "z" : 0.0
    },
    "orientation" : 51
  }, {
    "shape" : "ee3e542b-f67e-4955-b1ec-75efc7c1967f",
    "color" : "#FFFFFF",
    "position" : {
      "x" : -29.034441,
      "y" : 11.09017,
      "z" : -17.944271
    },
    "orientation" : 56
  }, {
    "shape" : "d87a24a8-1d9c-4fb5-b72d-bca662eeb391",
    "color" : "#FFFFFF",
    "position" : {
      "x" : 20.062305,
      "y" : -17.135256,
      "z" : -12.399187
    }
  }, {
    "shape" : "ee3e542b-f67e-4955-b1ec-75efc7c1967f",
    "color" : "#FFFFFF",
    "position" : {
      "x" : -15.326238,
      "y" : 24.798374,
      "z" : 0.0
    },
    "orientation" : 21
  }, {
    "shape" : "d87a24a8-1d9c-4fb5-b72d-bca662eeb391",
    "color" : "#FFFFFF",
    "position" : {
      "x" : -8.972136,
      "y" : 32.461494,
      "z" : -5.545085
    }
  }, {
    "shape" : "d87a24a8-1d9c-4fb5-b72d-bca662eeb391",
    "color" : "#FFFFFF",
    "position" : {
      "x" : 24.798374,
      "y" : 9.472136,
      "z" : 15.326238
    }
  }, {
    "shape" : "e639957d-390f-4517-8837-ba3db96f615f",
    "color" : "#000000",
    "position" : {
      "x" : -9.472136,
      "y" : 15.326238,
      "z" : -24.798374
    },
    "orientation" : 32
  }, {
    "shape" : "e639957d-390f-4517-8837-ba3db96f615f",
    "color" : "#000000",
    "position" : {
      "x" : -9.472136,
      "y" : -15.326238,
      "z" : -24.798374
    },
    "orientation" : 35
  }, {
    "shape" : "ee3e542b-f67e-4955-b1ec-75efc7c1967f",
    "color" : "#FFFFFF",
    "position" : {
      "x" : -7.663119,
      "y" : 27.725426,
      "z" : 4.736068
    },
    "orientation" : 28
  }, {
    "shape" : "e639957d-390f-4517-8837-ba3db96f615f",
    "color" : "#000000",
    "position" : {
      "x" : -15.326238,
      "y" : 24.798374,
      "z" : -9.472136
    },
    "orientation" : 8
  }, {
    "shape" : "d87a24a8-1d9c-4fb5-b72d-bca662eeb391",
    "color" : "#FFFFFF",
    "position" : {
      "x" : -14.5172205,
      "y" : -23.489357,
      "z" : -20.062305
    }
  }, {
    "shape" : "ee3e542b-f67e-4955-b1ec-75efc7c1967f",
    "color" : "#FFFFFF",
    "position" : {
      "x" : 0.0,
      "y" : -15.326238,
      "z" : 24.798374
    },
    "orientation" : 52
  }, {
    "shape" : "ee3e542b-f67e-4955-b1ec-75efc7c1967f",
    "color" : "#FFFFFF",
    "position" : {
      "x" : 4.736068,
      "y" : 7.663119,
      "z" : 27.725426
    },
    "orientation" : 47
  }, {
    "shape" : "e639957d-390f-4517-8837-ba3db96f615f",
    "color" : "#000000",
    "position" : {
      "x" : -5.545085,
      "y" : -8.972136,
      "z" : 32.461494
    },
    "orientation" : 42
  }, {
    "shape" : "d87a24a8-1d9c-4fb5-b72d-bca662eeb391",
    "color" : "#FFFFFF",
    "position" : {
      "x" : 12.399187,
      "y" : -20.062305,
      "z" : -17.135256
    }
  }, {
    "shape" : "d87a24a8-1d9c-4fb5-b72d-bca662eeb391",
    "color" : "#FFFFFF",
    "position" : {
      "x" : -24.798374,
      "y" : 0.0,
      "z" : 15.326238
    }
  }, {
    "shape" : "d87a24a8-1d9c-4fb5-b72d-bca662eeb391",
    "color" : "#FFFFFF",
    "position" : {
      "x" : -29.034441,
      "y" : 0.0,
      "z" : -17.944271
    }
  }, {
    "shape" : "e639957d-390f-4517-8837-ba3db96f615f",
    "color" : "#000000",
    "position" : {
      "x" : -15.326238,
      "y" : 24.798374,
      "z" : 9.472136
    },
    "orientation" : 34
  }, {
    "shape" : "d87a24a8-1d9c-4fb5-b72d-bca662eeb391",
    "color" : "#FFFFFF",
    "position" : {
      "x" : 29.034441,
      "y" : 11.09017,
      "z" : 17.944271
    }
  }, {
    "shape" : "e639957d-390f-4517-8837-ba3db96f615f",
    "color" : "#000000",
    "position" : {
      "x" : -15.326238,
      "y" : -24.798374,
      "z" : 9.472136
    },
    "orientation" : 23
  }, {
    "shape" : "d87a24a8-1d9c-4fb5-b72d-bca662eeb391",
    "color" : "#FFFFFF",
    "position" : {
      "x" : -29.034441,
      "y" : 11.09017,
      "z" : -17.944271
    }
  }, {
    "shape" : "d87a24a8-1d9c-4fb5-b72d-bca662eeb391",
    "color" : "#FFFFFF",
    "position" : {
      "x" : 4.736068,
      "y" : 7.663119,
      "z" : 27.725426
    }
  }, {
    "shape" : "e639957d-390f-4517-8837-ba3db96f615f",
    "color" : "#000000",
    "position" : {
      "x" : 9.472136,
      "y" : 15.326238,
      "z" : -24.798374
    },
    "orientation" : 5
  }, {
    "shape" : "e639957d-390f-4517-8837-ba3db96f615f",
    "color" : "#000000",
    "position" : {
      "x" : -9.472136,
      "y" : 15.326238,
      "z" : 24.798374
    },
    "orientation" : 50
  }, {
    "shape" : "d87a24a8-1d9c-4fb5-b72d-bca662eeb391",
    "color" : "#FFFFFF",
    "position" : {
      "x" : -32.461494,
      "y" : 5.545085,
      "z" : 8.972136
    }
  }, {
    "shape" : "ee3e542b-f67e-4955-b1ec-75efc7c1967f",
    "color" : "#FFFFFF",
    "position" : {
      "x" : 35.888542,
      "y" : 0.0,
      "z" : 0.0
    },
    "orientation" : 0
  }, {
    "shape" : "e639957d-390f-4517-8837-ba3db96f615f",
    "color" : "#000000",
    "position" : {
      "x" : -20.062305,
      "y" : 14.5172205,
      "z" : 23.489357
    },
    "orientation" : 2
  }, {
    "shape" : "d87a24a8-1d9c-4fb5-b72d-bca662eeb391",
    "color" : "#FFFFFF",
    "position" : {
      "x" : 11.09017,
      "y" : -17.944271,
      "z" : -29.034441
    }
  }, {
    "shape" : "d87a24a8-1d9c-4fb5-b72d-bca662eeb391",
    "color" : "#FFFFFF",
    "position" : {
      "x" : 0.0,
      "y" : 17.944271,
      "z" : 29.034441
    }
  }, {
    "shape" : "d87a24a8-1d9c-4fb5-b72d-bca662eeb391",
    "color" : "#FFFFFF",
    "position" : {
      "x" : -15.326238,
      "y" : 24.798374,
      "z" : -9.472136
    }
  }, {
    "shape" : "e639957d-390f-4517-8837-ba3db96f615f",
    "color" : "#000000",
    "position" : {
      "x" : 15.326238,
      "y" : 24.798374,
      "z" : -9.472136
    },
    "orientation" : 19
  }, {
    "shape" : "d87a24a8-1d9c-4fb5-b72d-bca662eeb391",
    "color" : "#FFFFFF",
    "position" : {
      "x" : 32.461494,
      "y" : -5.545085,
      "z" : -8.972136
    }
  }, {
    "shape" : "ee3e542b-f67e-4955-b1ec-75efc7c1967f",
    "color" : "#FFFFFF",
    "position" : {
      "x" : 15.326238,
      "y" : 24.798374,
      "z" : 0.0
    },
    "orientation" : 36
  }, {
    "shape" : "e639957d-390f-4517-8837-ba3db96f615f",
    "color" : "#000000",
    "position" : {
      "x" : 24.798374,
      "y" : -9.472136,
      "z" : -15.326238
    },
    "orientation" : 7
  }, {
    "shape" : "ee3e542b-f67e-4955-b1ec-75efc7c1967f",
    "color" : "#FFFFFF",
    "position" : {
      "x" : 20.062305,
      "y" : 17.135256,
      "z" : -12.399187
    },
    "orientation" : 39
  }, {
    "shape" : "e639957d-390f-4517-8837-ba3db96f615f",
    "color" : "#000000",
    "position" : {
      "x" : 15.326238,
      "y" : -24.798374,
      "z" : -9.472136
    },
    "orientation" : 46
  }, {
    "shape" : "d87a24a8-1d9c-4fb5-b72d-bca662eeb391",
    "color" : "#FFFFFF",
    "position" : {
      "x" : -27.725426,
      "y" : -4.736068,
      "z" : 7.663119
    }
  }, {
    "shape" : "d87a24a8-1d9c-4fb5-b72d-bca662eeb391",
    "color" : "#FFFFFF",
    "position" : {
      "x" : -20.062305,
      "y" : -14.5172205,
      "z" : -23.489357
    }
  }, {
    "shape" : "e639957d-390f-4517-8837-ba3db96f615f",
    "color" : "#000000",
    "position" : {
      "x" : -9.472136,
      "y" : -15.326238,
      "z" : 24.798374
    },
    "orientation" : 47
  }, {
    "shape" : "ee3e542b-f67e-4955-b1ec-75efc7c1967f",
    "color" : "#FFFFFF",
    "position" : {
      "x" : 17.135256,
      "y" : 12.399187,
      "z" : -20.062305
    },
    "orientation" : 41
  }, {
    "shape" : "d87a24a8-1d9c-4fb5-b72d-bca662eeb391",
    "color" : "#FFFFFF",
    "position" : {
      "x" : 17.135256,
      "y" : 12.399187,
      "z" : 20.062305
    }
  }, {
    "shape" : "e639957d-390f-4517-8837-ba3db96f615f",
    "color" : "#000000",
    "position" : {
      "x" : -24.798374,
      "y" : 9.472136,
      "z" : 15.326238
    },
    "orientation" : 3
  }, {
    "shape" : "d87a24a8-1d9c-4fb5-b72d-bca662eeb391",
    "color" : "#FFFFFF",
    "position" : {
      "x" : -20.062305,
      "y" : 17.135256,
      "z" : 12.399187
    }
  }, {
    "shape" : "ee3e542b-f67e-4955-b1ec-75efc7c1967f",
    "color" : "#FFFFFF",
