{
  "field" : "golden",
  "symmetry" : "icosahedral",
  "orientations" : [ [ 1.0, 0.0, 0.0, 0.0, 0.0, 1.0, 0.0, 0.0, 0.0, 0.0, 1.0, 0.0, 0.0, 0.0, 0.0, 1.0 ], [ 0.0, 0.0, 1.0, 0.0, 1.0, 0.0, 0.0, 0.0, 0.0, 1.0, 0.0, 0.0, 0.0, 0.0, 0.0, 1.0 ], [ 0.0, 1.0, 0.0, 0.0, 0.0, 0.0, 1.0, 0.0, 1.0, 0.0, 0.0, 0.0, 0.0, 0.0, 0.0, 1.0 ], [ 0.809017, 0.309017, 0.5, 0.0, 0.309017, 0.5, -0.809017, 0.0, -0.5, 0.809017, 0.309017, 0.0, 0.0, 0.0, 0.0, 1.0 ], [ -0.5, 0.809017, 0.309017, 0.0, 0.809017, 0.309017, 0.5, 0.0, 0.309017, 0.5, -0.809017, 0.0, 0.0, 0.0, 0.0, 1.0 ], [ 0.309017, 0.5, -0.809017, 0.0, -0.5, 0.809017, 0.309017, 0.0, 0.809017, 0.309017, 0.5, 0.0, 0.0, 0.0, 0.0, 1.0 ], [ 0.5, 0.809017, 0.309017, 0.0, 0.809017, -0.309017, -0.5, 0.0, -0.309017, 0.5, -0.809017, 0.0, 0.0, 0.0, 0.0, 1.0 ], [ -0.309017, 0.5, -0.809017, 0.0, 0.5, 0.809017, 0.309017, 0.0, 0.809017, -0.309017, -0.5, 0.0, 0.0, 0.0, 0.0, 1.0 ], [ 0.809017, -0.309017, -0.5, 0.0, -0.309017, 0.5, -0.809017, 0.0, 0.5, 0.809017, 0.309017, 0.0, 0.0, 0.0, 0.0, 1.0 ], [ 0.5, 0.809017, -0.309017, 0.0, 0.809017, -0.309017, 0.5, 0.0, 0.309017, -0.5, -0.809017, 0.0, 0.0, 0.0, 0.0, 1.0 ], [ 0.309017, -0.5, -0.809017, 0.0, 0.5, 0.809017, -0.309017, 0.0, 0.809017, -0.309017, 0.5, 0.0, 0.0, 0.0, 0.0, 1.0 ], [ 0.809017, -0.309017, 0.5, 0.0, 0.309017, -0.5, -0.809017, 0.0, 0.5, 0.809017, -0.309017, 0.0, 0.0, 0.0, 0.0, 1.0 ], [ 0.809017, 0.309017, -0.5, 0.0, 0.309017, 0.5, 0.809017, 0.0, 0.5, -0.809017, 0.309017, 0.0, 0.0, 0.0, 0.0, 1.0 ], [ 0.5, -0.809017, 0.309017, 0.0, 0.809017, 0.309017, -0.5, 0.0, 0.309017, 0.5, 0.809017, 0.0, 0.0, 0.0, 0.0, 1.0 ], [ 0.309017, 0.5, 0.809017, 0.0, 0.5, -0.809017, 0.309017, 0.0, 0.809017, 0.309017, -0.5, 0.0, 0.0, 0.0, 0.0, 1.0 ], [ 1.0, 0.0, 0.0, 0.0, 0.0, -1.0, 0.0, 0.0, 0.0, 0.0, -1.0, 0.0, 0.0, 0.0, 0.0, 1.0 ], [ 0.0, 0.0, 1.0, 0.0, -1.0, 0.0, 0.0, 0.0, 0.0, -1.0, 0.0, 0.0, 0.0, 0.0, 0.0, 1.0 ], [ 0.0, 1.0, 0.0, 0.0, 0.0, 0.0, -1.0, 0.0, -1.0, 0.0, 0.0, 0.0, 0.0, 0.0, 0.0, 1.0 ], [ 0.809017, 0.309017, 0.5, 0.0, -0.309017, -0.5, 0.809017, 0.0, 0.5, -0.809017, -0.309017, 0.0, 0.0, 0.0, 0.0, 1.0 ], [ -0.5, 0.809017, 0.309017, 0.0, -0.809017, -0.309017, -0.5, 0.0, -0.309017, -0.5, 0.809017, 0.0, 0.0, 0.0, 0.0, 1.0 ], [ 0.309017, 0.5, -0.809017, 0.0, 0.5, -0.809017, -0.309017, 0.0, -0.809017, -0.309017, -0.5, 0.0, 0.0, 0.0, 0.0, 1.0 ], [ 0.5, 0.809017, 0.309017, 0.0, -0.809017, 0.309017, 0.5, 0.0, 0.309017, -0.5, 0.809017, 0.0, 0.0, 0.0, 0.0, 1.0 ], [ -0.309017, 0.5, -0.809017, 0.0, -0.5, -0.809017, -0.309017, 0.0, -0.809017, 0.309017, 0.5, 0.0, 0.0, 0.0, 0.0, 1.0 ], [ 0.809017, -0.309017, -0.5, 0.0, 0.309017, -0.5, 0.809017, 0.0, -0.5, -0.809017, -0.309017, 0.0, 0.0, 0.0, 0.0, 1.0 ], [ 0.5, 0.809017, -0.309017, 0.0, -0.809017, 0.309017, -0.5, 0.0, -0.309017, 0.5, 0.809017, 0.0, 0.0, 0.0, 0.0, 1.0 ], [ 0.309017, -0.5, -0.809017, 0.0, -0.5, -0.809017, 0.309017, 0.0, -0.809017, 0.309017, -0.5, 0.0, 0.0, 0.0, 0.0, 1.0 ], [ 0.809017, -0.309017, 0.5, 0.0, -0.309017, 0.5, 0.809017, 0.0, -0.5, -0.809017, 0.309017, 0.0, 0.0, 0.0, 0.0, 1.0 ], [ 0.809017, 0.309017, -0.5, 0.0, -0.309017, -0.5, -0.809017, 0.0, -0.5, 0.809017, -0.309017, 0.0, 0.0, 0.0, 0.0, 1.0 ], [ 0.5, -0.809017, 0.309017, 0.0, -0.809017, -0.309017, 0.5, 0.0, -0.309017, -0.5, -0.809017, 0.0, 0.0, 0.0, 0.0, 1.0 ], [ 0.309017, 0.5, 0.809017, 0.0, -0.5, 0.809017, -0.309017, 0.0, -0.809017, -0.309017, 0.5, 0.0, 0.0, 0.0, 0.0, 1.0 ], [ -1.0, 0.0, 0.0, 0.0, 0.0, -1.0, 0.0, 0.0, 0.0, 0.0, 1.0, 0.0, 0.0, 0.0, 0.0, 1.0 ], [ 0.0, 0.0, -1.0, 0.0, -1.0, 0.0, 0.0, 0.0, 0.0, 1.0, 0.0, 0.0, 0.0, 0.0, 0.0, 1.0 ], [ 0.0, -1.0, 0.0, 0.0, 0.0, 0.0, -1.0, 0.0, 1.0, 0.0, 0.0, 0.0, 0.0, 0.0, 0.0, 1.0 ], [ -0.809017, -0.309017, -0.5, 0.0, -0.309017, -0.5, 0.809017, 0.0, -0.5, 0.809017, 0.309017, 0.0, 0.0, 0.0, 0.0, 1.0 ], [ 0.5, -0.809017, -0.309017, 0.0, -0.809017, -0.309017, -0.5, 0.0, 0.309017, 0.5, -0.809017, 0.0, 0.0, 0.0, 0.0, 1.0 ], [ -0.309017, -0.5, 0.809017, 0.0, 0.5, -0.809017, -0.309017, 0.0, 0.809017, 0.309017, 0.5, 0.0, 0.0, 0.0, 0.0, 1.0 ], [ -0.5, -0.809017, -0.309017, 0.0, -0.809017, 0.309017, 0.5, 0.0, -0.309017, 0.5, -0.809017, 0.0, 0.0, 0.0, 0.0, 1.0 ], [ 0.309017, -0.5, 0.809017, 0.0, -0.5, -0.809017, -0.309017, 0.0, 0.809017, -0.309017, -0.5, 0.0, 0.0, 0.0, 0.0, 1.0 ], [ -0.809017, 0.309017, 0.5, 0.0, 0.309017, -0.5, 0.809017, 0.0, 0.5, 0.809017, 0.309017, 0.0, 0.0, 0.0, 0.0, 1.0 ], [ -0.5, -0.809017, 0.309017, 0.0, -0.809017, 0.309017, -0.5, 0.0, 0.309017, -0.5, -0.809017, 0.0, 0.0, 0.0, 0.0, 1.0 ], [ -0.309017, 0.5, 0.809017, 0.0, -0.5, -0.809017, 0.309017, 0.0, 0.809017, -0.309017, 0.5, 0.0, 0.0, 0.0, 0.0, 1.0 ], [ -0.809017, 0.309017, -0.5, 0.0, -0.309017, 0.5, 0.809017, 0.0, 0.5, 0.809017, -0.309017, 0.0, 0.0, 0.0, 0.0, 1.0 ], [ -0.809017, -0.309017, 0.5, 0.0, -0.309017, -0.5, -0.809017, 0.0, 0.5, -0.809017, 0.309017, 0.0, 0.0, 0.0, 0.0, 1.0 ], [ -0.5, 0.809017, -0.309017, 0.0, -0.809017, -0.309017, 0.5, 0.0, 0.309017, 0.5, 0.809017, 0.0, 0.0, 0.0, 0.0, 1.0 ], [ -0.309017, -0.5, -0.809017, 0.0, -0.5, 0.809017, -0.309017, 0.0, 0.809017, 0.309017, -0.5, 0.0, 0.0, 0.0, 0.0, 1.0 ], [ -1.0, 0.0, 0.0, 0.0, 0.0, 1.0, 0.0, 0.0, 0.0, 0.0, -1.0, 0.0, 0.0, 0.0, 0.0, 1.0 ], [ 0.0, 0.0, -1.0, 0.0, 1.0, 0.0, 0.0, 0.0, 0.0, -1.0, 0.0, 0.0, 0.0, 0.0, 0.0, 1.0 ], [ 0.0, -1.0, 0.0, 0.0, 0.0, 0.0, 1.0, 0.0, -1.0, 0.0, 0.0, 0.0, 0.0, 0.0, 0.0, 1.0 ], [ -0.809017, -0.309017, -0.5, 0.0, 0.309017, 0.5, -0.809017, 0.0, 0.5, -0.809017, -0.309017, 0.0, 0.0, 0.0, 0.0, 1.0 ], [ 0.5, -0.809017, -0.309017, 0.0, 0.809017, 0.309017, 0.5, 0.0, -0.309017, -0.5, 0.809017, 0.0, 0.0, 0.0, 0.0, 1.0 ], [ -0.309017, -0.5, 0.809017, 0.0, -0.5, 0.809017, 0.309017, 0.0, -0.809017, -0.309017, -0.5, 0.0, 0.0, 0.0, 0.0, 1.0 ], [ -0.5, -0.809017, -0.309017, 0.0, 0.809017, -0.309017, -0.5, 0.0, 0.309017, -0.5, 0.809017, 0.0, 0.0, 0.0, 0.0, 1.0 ], [ 0.309017, -0.5, 0.809017, 0.0, 0.5, 0.809017, 0.309017, 0.0, -0.809017, 0.309017, 0.5, 0.0, 0.0, 0.0, 0.0, 1.0 ], [ -0.809017, 0.309017, 0.5, 0.0, -0.309017, 0.5, -0.809017, 0.0, -0.5, -0.809017, -0.309017, 0.0, 0.0, 0.0, 0.0, 1.0 ], [ -0.5, -0.809017, 0.309017, 0.0, 0.809017, -0.309017, 0.5, 0.0, -0.309017, 0.5, 0.809017, 0.0, 0.0, 0.0, 0.0, 1.0 ], [ -0.309017, 0.5, 0.809017, 0.0, 0.5, 0.809017, -0.309017, 0.0, -0.809017, 0.309017, -0.5, 0.0, 0.0, 0.0, 0.0, 1.0 ], [ -0.809017, 0.309017, -0.5, 0.0, 0.309017, -0.5, -0.809017, 0.0, -0.5, -0.809017, 0.309017, 0.0, 0.0, 0.0, 0.0, 1.0 ], [ -0.809017, -0.309017, 0.5, 0.0, 0.309017, 0.5, 0.809017, 0.0, -0.5, 0.809017, -0.309017, 0.0, 0.0, 0.0, 0.0, 1.0 ], [ -0.5, 0.809017, -0.309017, 0.0, 0.809017, 0.309017, -0.5, 0.0, -0.309017, -0.5, -0.809017, 0.0, 0.0, 0.0, 0.0, 1.0 ], [ -0.309017, -0.5, -0.809017, 0.0, 0.5, -0.809017, 0.309017, 0.0, -0.809017, -0.309017, 0.5, 0.0, 0.0, 0.0, 0.0, 1.0 ] ],
  "lights" : {
    "directionalLights" : [ {
      "direction" : {
        "x" : 1.0,
        "y" : -1.0,
        "z" : -1.0
      },
      "color" : "#EBEBE4"
    }, {
      "direction" : {
        "x" : -1.0,
        "y" : 0.0,
        "z" : 0.0
      },
      "color" : "#E4E4EB"
    }, {
      "direction" : {
        "x" : 0.0,
        "y" : 0.0,
        "z" : -1.0
      },
      "color" : "#1E1E1E"
    } ],
    "backgroundColor" : "#999999",
    "ambientColor" : "#292929"
  },
  "camera" : {
    "position" : {
      "x" : 1195.6156,
      "y" : 815.9826,
      "z" : 722.6481
    },
    "width" : 728.05255,
    "farClipDistance" : 3235.7905,
    "nearClipDistance" : 4.044734,
    "lookDirection" : {
      "x" : -0.73899585,
      "y" : -0.5043492,
      "z" : -0.4466602
    },
    "upDirection" : {
      "x" : -0.6474138,
      "y" : 0.71502763,
      "z" : 0.26377103
    },
    "lookAtPoint" : {
      "x" : 0.0,
      "y" : 0.0,
      "z" : 0.0
    },
    "stereo" : false,
    "viewDistance" : 1617.8922,
    "fieldOfView" : 0.4426295,
    "perspective" : true
  },
  "embedding" : [ 1.0, 0.0, 0.0, 0.0, 0.0, 1.0, 0.0, 0.0, 0.0, 0.0, 1.0, 0.0, 0.0, 0.0, 0.0, 1.0 ],
  "shapes" : [ {
    "id" : "c02cdd52-777b-4a95-9e2c-3c220939bcde",
    "vertices" : [ {
      "x" : -119.0,
      "y" : -21.0,
      "z" : -21.0
    }, {
      "x" : -119.0,
      "y" : 21.0,
      "z" : 21.0
    }, {
      "x" : -77.0,
      "y" : 14.0,
      "z" : -7.0
    } ],
    "faces" : [ {
      "vertices" : [ 0, 1, 2 ]
    }, {
      "vertices" : [ 0, 2, 1 ]
    } ]
  }, {
    "id" : "e1c31d72-6721-4437-99d7-9162d4d9dc85",
    "vertices" : [ {
      "x" : 19.0,
      "y" : 25.0,
      "z" : 25.0
    }, {
      "x" : 21.0,
      "y" : 21.0,
      "z" : 28.0
    }, {
      "x" : -21.0,
      "y" : -21.0,
      "z" : 28.0
    }, {
      "x" : -25.0,
      "y" : -19.0,
      "z" : 25.0
    }, {
      "x" : -14.0,
      "y" : 14.0,
      "z" : 14.0
    } ],
    "faces" : [ {
      "vertices" : [ 0, 1, 2 ]
    }, {
      "vertices" : [ 0, 2, 3 ]
    }, {
      "vertices" : [ 0, 3, 4 ]
    }, {
      "vertices" : [ 0, 4, 3 ]
    }, {
      "vertices" : [ 0, 3, 2 ]
    }, {
      "vertices" : [ 0, 2, 1 ]
    } ]
  }, {
    "id" : "4de3cf16-9edb-4c8d-abcd-9d76830f8a72",
    "vertices" : [ {
      "x" : 21.0,
      "y" : 119.0,
      "z" : -21.0
    }, {
      "x" : 7.0,
      "y" : 77.0,
      "z" : 14.0
    }, {
      "x" : 21.0,
      "y" : 21.0,
      "z" : 28.0
    } ],
    "faces" : [ {
      "vertices" : [ 0, 1, 2 ]
    }, {
      "vertices" : [ 0, 2, 1 ]
    } ]
  }, {
    "id" : "824043c1-cad5-406e-9e4f-cb9f5d9c8d6d",
    "vertices" : [ {
      "x" : -21.0,
      "y" : 119.0,
      "z" : 21.0
    }, {
      "x" : -21.0,
      "y" : 21.0,
      "z" : -28.0
    }, {
      "x" : -19.0,
      "y" : 25.0,
      "z" : -25.0
    }, {
      "x" : 7.0,
      "y" : 77.0,
      "z" : 14.0
    } ],
    "faces" : [ {
      "vertices" : [ 0, 1, 2 ]
    }, {
      "vertices" : [ 0, 2, 3 ]
    }, {
      "vertices" : [ 0, 3, 2 ]
    }, {
      "vertices" : [ 0, 2, 1 ]
    } ]
  }, {
    "id" : "b7ae6b05-532c-4ccd-ba95-a0e51f66891d",
    "vertices" : [ {
      "x" : -25.0,
      "y" : 19.0,
      "z" : -25.0
    }, {
      "x" : -28.0,
      "y" : 21.0,
      "z" : -21.0
    }, {
      "x" : -28.0,
      "y" : -21.0,
      "z" : 21.0
    }, {
      "x" : -25.0,
      "y" : -25.0,
      "z" : 19.0
    }, {
      "x" : -14.0,
      "y" : -14.0,
      "z" : -14.0
    } ],
    "faces" : [ {
      "vertices" : [ 0, 1, 2 ]
    }, {
      "vertices" : [ 0, 2, 3 ]
    }, {
      "vertices" : [ 0, 3, 4 ]
    }, {
      "vertices" : [ 0, 4, 3 ]
    }, {
      "vertices" : [ 0, 3, 2 ]
    }, {
      "vertices" : [ 0, 2, 1 ]
    } ]
  }, {
    "id" : "1b5cb7ce-c36a-410e-b4cd-9e45101f1c59",
    "vertices" : [ {
      "x" : 21.0,
      "y" : -21.0,
      "z" : 119.0
    }, {
      "x" : -21.0,
      "y" : 21.0,
      "z" : 119.0
    }, {
      "x" : -14.0,
      "y" : -7.0,
      "z" : 77.0
    } ],
    "faces" : [ {
      "vertices" : [ 0, 1, 2 ]
    }, {
      "vertices" : [ 0, 2, 1 ]
    } ]
  }, {
    "id" : "39efc888-957e-459e-84e8-3fd5f056fb32",
    "vertices" : [ {
      "x" : 14.0,
      "y" : 7.0,
      "z" : 77.0
    }, {
      "x" : 119.0,
      "y" : -119.0,
      "z" : 119.0
    }, {
      "x" : 77.0,
      "y" : -14.0,
      "z" : -7.0
    }, {
      "x" : 28.0,
      "y" : 21.0,
      "z" : 21.0
    } ],
    "faces" : [ {
      "vertices" : [ 0, 1, 2 ]
    }, {
      "vertices" : [ 0, 2, 3 ]
    }, {
      "vertices" : [ 0, 3, 2 ]
    }, {
      "vertices" : [ 0, 2, 1 ]
    } ]
  }, {
    "id" : "a0597670-3ce8-47dc-a55b-73fdf4defeae",
    "vertices" : [ {
      "x" : -14.0,
      "y" : -7.0,
      "z" : 77.0
    }, {
      "x" : -119.0,
      "y" : 119.0,
      "z" : 119.0
    }, {
      "x" : -77.0,
      "y" : 14.0,
      "z" : -7.0
    }, {
      "x" : -28.0,
      "y" : -21.0,
      "z" : 21.0
    } ],
    "faces" : [ {
      "vertices" : [ 0, 1, 2 ]
    }, {
      "vertices" : [ 0, 2, 3 ]
    }, {
      "vertices" : [ 0, 3, 2 ]
    }, {
      "vertices" : [ 0, 2, 1 ]
    } ]
  }, {
    "id" : "36edbd0c-0c1f-48fc-bed2-1ba406f7b1f1",
    "vertices" : [ {
      "x" : 21.0,
      "y" : -28.0,
      "z" : -21.0
    }, {
      "x" : -7.0,
      "y" : -77.0,
      "z" : 14.0
    }, {
      "x" : 19.0,
      "y" : -25.0,
      "z" : -25.0
    } ],
    "faces" : [ {
      "vertices" : [ 0, 1, 2 ]
    }, {
      "vertices" : [ 0, 2, 1 ]
    } ]
  }, {
    "id" : "8a0ec4c4-e4f0-4937-8b7d-a74f3f87870c",
    "vertices" : [ {
      "x" : -19.0,
      "y" : 25.0,
      "z" : -25.0
    }, {
      "x" : -21.0,
      "y" : 21.0,
      "z" : -28.0
    }, {
      "x" : 21.0,
      "y" : -21.0,
      "z" : -28.0
    }, {
      "x" : 25.0,
      "y" : -19.0,
      "z" : -25.0
    }, {
      "x" : 14.0,
      "y" : 14.0,
      "z" : -14.0
    } ],
    "faces" : [ {
      "vertices" : [ 0, 1, 2 ]
    }, {
      "vertices" : [ 0, 2, 3 ]
    }, {
      "vertices" : [ 0, 3, 4 ]
    }, {
      "vertices" : [ 0, 4, 3 ]
    }, {
      "vertices" : [ 0, 3, 2 ]
    }, {
      "vertices" : [ 0, 2, 1 ]
    } ]
  }, {
    "id" : "1eb38c4c-367a-44a4-a097-1d6a98486491",
    "vertices" : [ {
      "x" : 19.0,
      "y" : -25.0,
      "z" : -25.0
    }, {
      "x" : 21.0,
      "y" : -21.0,
      "z" : -28.0
    }, {
      "x" : -21.0,
      "y" : 21.0,
      "z" : -28.0
    }, {
      "x" : -25.0,
      "y" : 19.0,
      "z" : -25.0
    }, {
      "x" : -14.0,
      "y" : -14.0,
      "z" : -14.0
    } ],
    "faces" : [ {
      "vertices" : [ 0, 1, 2 ]
    }, {
      "vertices" : [ 0, 2, 3 ]
    }, {
      "vertices" : [ 0, 3, 4 ]
    }, {
      "vertices" : [ 0, 4, 3 ]
    }, {
      "vertices" : [ 0, 3, 2 ]
    }, {
      "vertices" : [ 0, 2, 1 ]
    } ]
  }, {
    "id" : "68d68045-47d0-49c9-be72-fceb90f74634",
    "vertices" : [ {
      "x" : -77.0,
      "y" : 14.0,
      "z" : -7.0
    }, {
      "x" : -119.0,
      "y" : 119.0,
      "z" : 119.0
    }, {
      "x" : 7.0,
      "y" : 77.0,
      "z" : 14.0
    }, {
      "x" : -21.0,
      "y" : 28.0,
      "z" : -21.0
    } ],
    "faces" : [ {
      "vertices" : [ 0, 1, 2 ]
    }, {
      "vertices" : [ 0, 2, 3 ]
    }, {
      "vertices" : [ 0, 3, 2 ]
    }, {
      "vertices" : [ 0, 2, 1 ]
    } ]
  }, {
    "id" : "a31db95c-faf5-44eb-acc3-d1531e0bca0e",
    "vertices" : [ {
      "x" : 21.0,
      "y" : -119.0,
      "z" : 21.0
    }, {
      "x" : 21.0,
      "y" : -21.0,
      "z" : -28.0
    }, {
      "x" : 19.0,
      "y" : -25.0,
      "z" : -25.0
    }, {
      "x" : -7.0,
      "y" : -77.0,
      "z" : 14.0
    } ],
    "faces" : [ {
      "vertices" : [ 0, 1, 2 ]
    }, {
      "vertices" : [ 0, 2, 3 ]
    }, {
      "vertices" : [ 0, 3, 2 ]
    }, {
      "vertices" : [ 0, 2, 1 ]
    } ]
  }, {
    "id" : "65651733-ec83-424b-8dba-0b0b218b0d44",
    "vertices" : [ {
      "x" : 28.0,
      "y" : -21.0,
      "z" : -21.0
    }, {
      "x" : 77.0,
      "y" : 14.0,
      "z" : 7.0
    }, {
      "x" : 25.0,
      "y" : -25.0,
      "z" : -19.0
    } ],
    "faces" : [ {
      "vertices" : [ 0, 1, 2 ]
    }, {
      "vertices" : [ 0, 2, 1 ]
    } ]
  }, {
    "id" : "93da8813-271b-4068-946e-d3f3d98d7065",
    "vertices" : [ {
      "x" : 25.0,
      "y" : -19.0,
      "z" : -25.0
    }, {
      "x" : 28.0,
      "y" : -21.0,
      "z" : -21.0
    }, {
      "x" : 28.0,
      "y" : 21.0,
      "z" : 21.0
    }, {
      "x" : 25.0,
      "y" : 25.0,
      "z" : 19.0
    }, {
      "x" : 14.0,
      "y" : 14.0,
      "z" : -14.0
    } ],
    "faces" : [ {
      "vertices" : [ 0, 1, 2 ]
    }, {
      "vertices" : [ 0, 2, 3 ]
    }, {
      "vertices" : [ 0, 3, 4 ]
    }, {
      "vertices" : [ 0, 4, 3 ]
    }, {
      "vertices" : [ 0, 3, 2 ]
    }, {
      "vertices" : [ 0, 2, 1 ]
    } ]
  }, {
    "id" : "46831c99-a658-448c-a23c-d2993095084b",
    "vertices" : [ {
      "x" : -25.0,
      "y" : -19.0,
      "z" : 25.0
    }, {
      "x" : -28.0,
      "y" : -21.0,
      "z" : 21.0
    }, {
      "x" : -28.0,
      "y" : 21.0,
      "z" : -21.0
    }, {
      "x" : -25.0,
      "y" : 25.0,
      "z" : -19.0
    }, {
      "x" : -14.0,
      "y" : 14.0,
      "z" : 14.0
    } ],
    "faces" : [ {
      "vertices" : [ 0, 1, 2 ]
    }, {
      "vertices" : [ 0, 2, 3 ]
    }, {
      "vertices" : [ 0, 3, 4 ]
    }, {
      "vertices" : [ 0, 4, 3 ]
    }, {
      "vertices" : [ 0, 3, 2 ]
    }, {
      "vertices" : [ 0, 2, 1 ]
    } ]
  }, {
    "id" : "14fce807-aee9-4157-a84a-3f60041b0320",
    "vertices" : [ {
      "x" : -19.0,
      "y" : -25.0,
      "z" : 25.0
    }, {
      "x" : -21.0,
      "y" : -21.0,
      "z" : 28.0
    }, {
      "x" : 21.0,
      "y" : 21.0,
      "z" : 28.0
    }, {
      "x" : 25.0,
      "y" : 19.0,
      "z" : 25.0
    }, {
      "x" : 14.0,
      "y" : -14.0,
      "z" : 14.0
    } ],
    "faces" : [ {
      "vertices" : [ 0, 1, 2 ]
    }, {
      "vertices" : [ 0, 2, 3 ]
    }, {
      "vertices" : [ 0, 3, 4 ]
    }, {
      "vertices" : [ 0, 4, 3 ]
    }, {
      "vertices" : [ 0, 3, 2 ]
    }, {
      "vertices" : [ 0, 2, 1 ]
    } ]
  }, {
    "id" : "bb9dd0ce-f269-479a-84e7-0815864adcba",
    "vertices" : [ {
      "x" : -77.0,
      "y" : -14.0,
      "z" : 7.0
    }, {
      "x" : -119.0,
      "y" : -119.0,
      "z" : -119.0
    }, {
      "x" : 7.0,
      "y" : -77.0,
      "z" : -14.0
    }, {
      "x" : -21.0,
      "y" : -28.0,
      "z" : 21.0
    } ],
    "faces" : [ {
      "vertices" : [ 0, 1, 2 ]
    }, {
      "vertices" : [ 0, 2, 3 ]
    }, {
      "vertices" : [ 0, 3, 2 ]
    }, {
      "vertices" : [ 0, 2, 1 ]
    } ]
  }, {
    "id" : "1d0a7a90-ebb2-4f70-aa61-9eac9a034436",
    "vertices" : [ {
      "x" : 25.0,
      "y" : 19.0,
      "z" : 25.0
    }, {
      "x" : 28.0,
      "y" : 21.0,
      "z" : 21.0
    }, {
      "x" : 28.0,
      "y" : -21.0,
      "z" : -21.0
    }, {
      "x" : 25.0,
      "y" : -25.0,
      "z" : -19.0
    }, {
      "x" : 14.0,
      "y" : -14.0,
      "z" : 14.0
    } ],
    "faces" : [ {
      "vertices" : [ 0, 1, 2 ]
    }, {
      "vertices" : [ 0, 2, 3 ]
    }, {
      "vertices" : [ 0, 3, 4 ]
    }, {
      "vertices" : [ 0, 4, 3 ]
    }, {
      "vertices" : [ 0, 3, 2 ]
    }, {
      "vertices" : [ 0, 2, 1 ]
    } ]
  }, {
    "id" : "99340dfd-9da0-4d43-82aa-74e16bcac92b",
    "vertices" : [ {
      "x" : 77.0,
      "y" : -14.0,
      "z" : -7.0
    }, {
      "x" : 119.0,
      "y" : -119.0,
      "z" : 119.0
    }, {
      "x" : -7.0,
      "y" : -77.0,
      "z" : 14.0
    }, {
      "x" : 21.0,
      "y" : -28.0,
      "z" : -21.0
    } ],
    "faces" : [ {
      "vertices" : [ 0, 1, 2 ]
    }, {
      "vertices" : [ 0, 2, 3 ]
    }, {
      "vertices" : [ 0, 3, 2 ]
    }, {
      "vertices" : [ 0, 2, 1 ]
    } ]
  }, {
    "id" : "c4965191-6f35-4fcf-8638-d89c59867ac8",
    "vertices" : [ {
      "x" : 25.0,
      "y" : -25.0,
      "z" : -19.0
    }, {
      "x" : 21.0,
      "y" : -28.0,
      "z" : -21.0
    }, {
      "x" : -21.0,
      "y" : -28.0,
      "z" : 21.0
    }, {
      "x" : -19.0,
      "y" : -25.0,
      "z" : 25.0
    }, {
      "x" : 14.0,
      "y" : -14.0,
      "z" : 14.0
    } ],
    "faces" : [ {
      "vertices" : [ 0, 1, 2 ]
    }, {
      "vertices" : [ 0, 2, 3 ]
    }, {
      "vertices" : [ 0, 3, 4 ]
    }, {
      "vertices" : [ 0, 4, 3 ]
    }, {
      "vertices" : [ 0, 3, 2 ]
    }, {
      "vertices" : [ 0, 2, 1 ]
    } ]
  }, {
    "id" : "14ead7d6-914b-46a3-a311-e6a3cfc330a0",
    "vertices" : [ {
      "x" : -21.0,
      "y" : -28.0,
      "z" : 21.0
    }, {
      "x" : 7.0,
      "y" : -77.0,
      "z" : -14.0
    }, {
      "x" : -19.0,
      "y" : -25.0,
      "z" : 25.0
    } ],
    "faces" : [ {
      "vertices" : [ 0, 1, 2 ]
    }, {
      "vertices" : [ 0, 2, 1 ]
    } ]
  }, {
    "id" : "f5459102-8580-4eed-a399-35e826c8ca70",
    "vertices" : [ {
      "x" : -21.0,
      "y" : 21.0,
      "z" : 119.0
    }, {
      "x" : 14.0,
      "y" : 7.0,
      "z" : 77.0
    }, {
      "x" : 28.0,
      "y" : 21.0,
      "z" : 21.0
    } ],
    "faces" : [ {
      "vertices" : [ 0, 1, 2 ]
    }, {
      "vertices" : [ 0, 2, 1 ]
    } ]
  }, {
    "id" : "89fd0770-b303-49e8-92fc-5feec7b2185a",
    "vertices" : [ {
      "x" : -21.0,
      "y" : -119.0,
      "z" : -21.0
    }, {
      "x" : -21.0,
      "y" : -21.0,
      "z" : 28.0
    }, {
      "x" : -19.0,
      "y" : -25.0,
      "z" : 25.0
    }, {
      "x" : 7.0,
      "y" : -77.0,
      "z" : -14.0
    } ],
    "faces" : [ {
      "vertices" : [ 0, 1, 2 ]
    }, {
      "vertices" : [ 0, 2, 3 ]
    }, {
      "vertices" : [ 0, 3, 2 ]
    }, {
      "vertices" : [ 0, 2, 1 ]
    } ]
  }, {
    "id" : "3c4558f6-5b69-42ae-83a2-91699f65fa93",
    "vertices" : [ {
      "x" : -25.0,
      "y" : 25.0,
      "z" : -19.0
    }, {
      "x" : -21.0,
      "y" : 28.0,
      "z" : -21.0
    }, {
      "x" : 21.0,
      "y" : 28.0,
      "z" : 21.0
    }, {
      "x" : 19.0,
      "y" : 25.0,
      "z" : 25.0
    }, {
      "x" : -14.0,
      "y" : 14.0,
      "z" : 14.0
    } ],
    "faces" : [ {
      "vertices" : [ 0, 1, 2 ]
    }, {
      "vertices" : [ 0, 2, 3 ]
    }, {
      "vertices" : [ 0, 3, 4 ]
    }, {
      "vertices" : [ 0, 4, 3 ]
    }, {
      "vertices" : [ 0, 3, 2 ]
    }, {
      "vertices" : [ 0, 2, 1 ]
    } ]
  }, {
    "id" : "343bd170-63e6-4f6a-b82f-c901dc4f6c60",
    "vertices" : [ {
      "x" : 21.0,
      "y" : -21.0,
      "z" : -28.0
    }, {
      "x" : -14.0,
      "y" : 7.0,
      "z" : -77.0
    }, {
      "x" : 25.0,
      "y" : -19.0,
      "z" : -25.0
    } ],
    "faces" : [ {
      "vertices" : [ 0, 1, 2 ]
    }, {
      "vertices" : [ 0, 2, 1 ]
    } ]
  }, {
    "id" : "e2e8a78d-c31d-4562-8278-7aae4b472e98",
    "vertices" : [ {
      "x" : -119.0,
      "y" : 21.0,
      "z" : 21.0
    }, {
      "x" : -77.0,
      "y" : -14.0,
      "z" : 7.0
    }, {
      "x" : -21.0,
      "y" : -28.0,
      "z" : 21.0
    } ],
    "faces" : [ {
      "vertices" : [ 0, 1, 2 ]
    }, {
      "vertices" : [ 0, 2, 1 ]
    } ]
  }, {
    "id" : "62e25748-06f9-41a7-a33e-fc2fbff69e68",
    "vertices" : [ {
      "x" : 21.0,
      "y" : -119.0,
      "z" : 21.0
    }, {
      "x" : 7.0,
      "y" : -77.0,
      "z" : -14.0
    }, {
      "x" : 21.0,
      "y" : -21.0,
      "z" : -28.0
    } ],
    "faces" : [ {
      "vertices" : [ 0, 1, 2 ]
    }, {
      "vertices" : [ 0, 2, 1 ]
    } ]
  }, {
    "id" : "26b6891f-86f6-409e-a944-54e438073da0",
    "vertices" : [ {
      "x" : -21.0,
      "y" : -21.0,
      "z" : -119.0
    }, {
      "x" : 14.0,
      "y" : -7.0,
      "z" : -77.0
    }, {
      "x" : 28.0,
      "y" : -21.0,
      "z" : -21.0
    } ],
    "faces" : [ {
      "vertices" : [ 0, 1, 2 ]
    }, {
      "vertices" : [ 0, 2, 1 ]
    } ]
  }, {
    "id" : "90c6a48b-beaa-4ed7-aa0c-7e04611b6bfc",
    "vertices" : [ {
      "x" : -7.0,
      "y" : 77.0,
      "z" : -14.0
    }, {
      "x" : 119.0,
      "y" : 119.0,
      "z" : -119.0
    }, {
      "x" : 14.0,
      "y" : -7.0,
      "z" : -77.0
    }, {
      "x" : -21.0,
      "y" : 21.0,
      "z" : -28.0
    } ],
    "faces" : [ {
      "vertices" : [ 0, 1, 2 ]
    }, {
      "vertices" : [ 0, 2, 3 ]
    }, {
      "vertices" : [ 0, 3, 2 ]
    }, {
      "vertices" : [ 0, 2, 1 ]
    } ]
  }, {
    "id" : "17d61a0e-6872-4ca3-8bd2-78e2300b9082",
    "vertices" : [ {
      "x" : -25.0,
      "y" : -25.0,
      "z" : 19.0
    }, {
      "x" : -21.0,
      "y" : -28.0,
      "z" : 21.0
    }, {
      "x" : 21.0,
      "y" : -28.0,
      "z" : -21.0
    }, {
      "x" : 19.0,
      "y" : -25.0,
      "z" : -25.0
    }, {
      "x" : -14.0,
      "y" : -14.0,
      "z" : -14.0
    } ],
    "faces" : [ {
      "vertices" : [ 0, 1, 2 ]
    }, {
      "vertices" : [ 0, 2, 3 ]
    }, {
      "vertices" : [ 0, 3, 4 ]
    }, {
      "vertices" : [ 0, 4, 3 ]
    }, {
      "vertices" : [ 0, 3, 2 ]
    }, {
      "vertices" : [ 0, 2, 1 ]
    } ]
  }, {
    "id" : "447cdee0-4bd4-419b-8c6d-f5292c4bf0bf",
    "vertices" : [ {
      "x" : 21.0,
      "y" : 28.0,
      "z" : 21.0
    }, {
      "x" : -7.0,
      "y" : 77.0,
      "z" : -14.0
    }, {
      "x" : 19.0,
      "y" : 25.0,
      "z" : 25.0
    } ],
    "faces" : [ {
      "vertices" : [ 0, 1, 2 ]
    }, {
      "vertices" : [ 0, 2, 1 ]
    } ]
  }, {
    "id" : "6bc220a3-db25-458c-9822-d1ad05df6235",
    "vertices" : [ {
      "x" : 21.0,
      "y" : 21.0,
      "z" : -119.0
    }, {
      "x" : -14.0,
      "y" : 7.0,
      "z" : -77.0
    }, {
      "x" : -28.0,
      "y" : 21.0,
      "z" : -21.0
    } ],
    "faces" : [ {
      "vertices" : [ 0, 1, 2 ]
    }, {
      "vertices" : [ 0, 2, 1 ]
    } ]
  }, {
    "id" : "e720fbd4-e5fc-4d30-abe9-339804127cfb",
    "vertices" : [ {
      "x" : 25.0,
      "y" : 25.0,
      "z" : 19.0
    }, {
      "x" : 21.0,
      "y" : 28.0,
      "z" : 21.0
    }, {
      "x" : -21.0,
      "y" : 28.0,
      "z" : -21.0
    }, {
      "x" : -19.0,
      "y" : 25.0,
      "z" : -25.0
    }, {
      "x" : 14.0,
      "y" : 14.0,
      "z" : -14.0
    } ],
    "faces" : [ {
      "vertices" : [ 0, 1, 2 ]
    }, {
      "vertices" : [ 0, 2, 3 ]
    }, {
      "vertices" : [ 0, 3, 4 ]
    }, {
      "vertices" : [ 0, 4, 3 ]
    }, {
      "vertices" : [ 0, 3, 2 ]
    }, {
      "vertices" : [ 0, 2, 1 ]
    } ]
  }, {
    "id" : "6b3f902d-ccc7-4c9c-99c0-ef618b06d227",
    "vertices" : [ {
      "x" : -28.0,
      "y" : -21.0,
      "z" : 21.0
    }, {
      "x" : -77.0,
      "y" : 14.0,
      "z" : -7.0
    }, {
      "x" : -25.0,
      "y" : -25.0,
      "z" : 19.0
    } ],
    "faces" : [ {
      "vertices" : [ 0, 1, 2 ]
    }, {
      "vertices" : [ 0, 2, 1 ]
    } ]
  }, {
    "id" : "94ff8319-dcdd-4527-bff9-5a27479efee0",
    "vertices" : [ {
      "x" : -7.0,
      "y" : -77.0,
      "z" : 14.0
    }, {
      "x" : 119.0,
      "y" : -119.0,
      "z" : 119.0
    }, {
      "x" : 14.0,
      "y" : 7.0,
      "z" : 77.0
    }, {
      "x" : -21.0,
      "y" : -21.0,
      "z" : 28.0
    } ],
    "faces" : [ {
      "vertices" : [ 0, 1, 2 ]
    }, {
      "vertices" : [ 0, 2, 3 ]
    }, {
      "vertices" : [ 0, 3, 2 ]
    }, {
      "vertices" : [ 0, 2, 1 ]
    } ]
  }, {
    "id" : "6e71dd35-312d-41dd-a1fb-5795dcfc5173",
    "vertices" : [ {
      "x" : -21.0,
      "y" : 21.0,
      "z" : -28.0
    }, {
      "x" : 14.0,
      "y" : -7.0,
      "z" : -77.0
    }, {
      "x" : -25.0,
      "y" : 19.0,
      "z" : -25.0
    } ],
    "faces" : [ {
      "vertices" : [ 0, 1, 2 ]
    }, {
      "vertices" : [ 0, 2, 1 ]
    } ]
  }, {
    "id" : "91f837d5-e6ce-4378-ae87-42948db46c8e",
    "vertices" : [ {
      "x" : -21.0,
      "y" : 28.0,
      "z" : -21.0
    }, {
      "x" : 7.0,
      "y" : 77.0,
      "z" : 14.0
    }, {
      "x" : -19.0,
      "y" : 25.0,
      "z" : -25.0
    } ],
    "faces" : [ {
      "vertices" : [ 0, 1, 2 ]
    }, {
      "vertices" : [ 0, 2, 1 ]
    } ]
  }, {
    "id" : "359db2f2-474f-4ea0-9714-6db8d30a7e43",
    "vertices" : [ {
      "x" : 21.0,
      "y" : -21.0,
      "z" : 119.0
    }, {
      "x" : -28.0,
      "y" : -21.0,
      "z" : 21.0
    }, {
      "x" : -25.0,
      "y" : -19.0,
      "z" : 25.0
    }, {
      "x" : 14.0,
      "y" : 7.0,
      "z" : 77.0
    } ],
    "faces" : [ {
      "vertices" : [ 0, 1, 2 ]
    }, {
      "vertices" : [ 0, 2, 3 ]
    }, {
      "vertices" : [ 0, 3, 2 ]
    }, {
      "vertices" : [ 0, 2, 1 ]
    } ]
  }, {
    "id" : "08096e18-0788-4517-813d-48d336307aea",
    "vertices" : [ {
      "x" : 21.0,
      "y" : 119.0,
      "z" : -21.0
    }, {
      "x" : -21.0,
      "y" : 119.0,
      "z" : 21.0
    }, {
      "x" : 7.0,
      "y" : 77.0,
      "z" : 14.0
    } ],
    "faces" : [ {
      "vertices" : [ 0, 1, 2 ]
    }, {
      "vertices" : [ 0, 2, 1 ]
    } ]
  }, {
    "id" : "43e3f7b9-96ec-4b72-96a7-59b0a2109d93",
    "vertices" : [ {
      "x" : 77.0,
      "y" : 14.0,
      "z" : 7.0
    }, {
      "x" : 119.0,
      "y" : 119.0,
      "z" : -119.0
    }, {
      "x" : -7.0,
      "y" : 77.0,
      "z" : -14.0
    }, {
      "x" : 21.0,
      "y" : 28.0,
      "z" : 21.0
    } ],
    "faces" : [ {
      "vertices" : [ 0, 1, 2 ]
    }, {
      "vertices" : [ 0, 2, 3 ]
    }, {
      "vertices" : [ 0, 3, 2 ]
    }, {
      "vertices" : [ 0, 2, 1 ]
    } ]
  }, {
    "id" : "e4f2ea38-69c9-4c72-b75d-84430d45bd57",
    "vertices" : [ {
      "x" : 7.0,
      "y" : -77.0,
      "z" : -14.0
    }, {
      "x" : -119.0,
      "y" : -119.0,
      "z" : -119.0
    }, {
      "x" : -14.0,
      "y" : 7.0,
      "z" : -77.0
    }, {
      "x" : 21.0,
      "y" : -21.0,
      "z" : -28.0
    } ],
    "faces" : [ {
      "vertices" : [ 0, 1, 2 ]
    }, {
      "vertices" : [ 0, 2, 3 ]
    }, {
      "vertices" : [ 0, 3, 2 ]
    }, {
      "vertices" : [ 0, 2, 1 ]
    } ]
  }, {
    "id" : "77bbac43-3442-45c3-bdc8-73e35c947d72",
    "vertices" : [ {
      "x" : 21.0,
      "y" : -119.0,
      "z" : 21.0
    }, {
      "x" : -21.0,
      "y" : -119.0,
      "z" : -21.0
    }, {
      "x" : 7.0,
      "y" : -77.0,
      "z" : -14.0
    } ],
    "faces" : [ {
      "vertices" : [ 0, 1, 2 ]
    }, {
      "vertices" : [ 0, 2, 1 ]
    } ]
  }, {
    "id" : "af3a4f2e-5739-4c4d-af1e-6f0b2d69e30d",
    "vertices" : [ {
      "x" : -21.0,
      "y" : 119.0,
      "z" : 21.0
    }, {
      "x" : -7.0,
      "y" : 77.0,
      "z" : -14.0
    }, {
      "x" : -21.0,
      "y" : 21.0,
      "z" : -28.0
    } ],
    "faces" : [ {
      "vertices" : [ 0, 1, 2 ]
    }, {
      "vertices" : [ 0, 2, 1 ]
    } ]
  }, {
    "id" : "08df2aaf-b627-414b-bf98-77f002ab1306",
    "vertices" : [ {
      "x" : -21.0,
      "y" : 21.0,
      "z" : 119.0
    }, {
      "x" : 21.0,
      "y" : -21.0,
      "z" : 119.0
    }, {
      "x" : 14.0,
      "y" : 7.0,
      "z" : 77.0
    } ],
    "faces" : [ {
      "vertices" : [ 0, 1, 2 ]
    }, {
      "vertices" : [ 0, 2, 1 ]
    } ]
  }, {
    "id" : "32b41373-069f-45aa-b7bd-ff0d2519f19b",
    "vertices" : [ {
      "x" : 119.0,
      "y" : -21.0,
      "z" : 21.0
    }, {
      "x" : 119.0,
      "y" : 21.0,
      "z" : -21.0
    }, {
      "x" : 77.0,
      "y" : 14.0,
      "z" : 7.0
    } ],
    "faces" : [ {
      "vertices" : [ 0, 1, 2 ]
    }, {
      "vertices" : [ 0, 2, 1 ]
    } ]
  }, {
    "id" : "a411414d-8e56-441a-980c-6767db5784cb",
    "vertices" : [ {
      "x" : 21.0,
      "y" : 21.0,
      "z" : -119.0
    }, {
      "x" : -28.0,
      "y" : 21.0,
      "z" : -21.0
    }, {
      "x" : -25.0,
      "y" : 19.0,
      "z" : -25.0
    }, {
      "x" : 14.0,
      "y" : -7.0,
      "z" : -77.0
    } ],
    "faces" : [ {
      "vertices" : [ 0, 1, 2 ]
    }, {
      "vertices" : [ 0, 2, 3 ]
    }, {
      "vertices" : [ 0, 3, 2 ]
    }, {
      "vertices" : [ 0, 2, 1 ]
    } ]
  }, {
    "id" : "52feb9a0-e37c-4497-9b82-0c060dd0a735",
    "vertices" : [ {
      "x" : -14.0,
      "y" : 7.0,
      "z" : -77.0
    }, {
      "x" : -119.0,
      "y" : -119.0,
      "z" : -119.0
    }, {
      "x" : -77.0,
      "y" : -14.0,
      "z" : 7.0
    }, {
      "x" : -28.0,
      "y" : 21.0,
      "z" : -21.0
    } ],
    "faces" : [ {
      "vertices" : [ 0, 1, 2 ]
    }, {
      "vertices" : [ 0, 2, 3 ]
    }, {
      "vertices" : [ 0, 3, 2 ]
    }, {
      "vertices" : [ 0, 2, 1 ]
    } ]
  }, {
    "id" : "0489e44a-ec28-406f-82fc-9c1cbe09a4b2",
    "vertices" : [ {
      "x" : -21.0,
      "y" : 119.0,
      "z" : 21.0
    }, {
      "x" : 21.0,
      "y" : 119.0,
      "z" : -21.0
    }, {
      "x" : -7.0,
      "y" : 77.0,
      "z" : -14.0
    } ],
    "faces" : [ {
      "vertices" : [ 0, 1, 2 ]
    }, {
      "vertices" : [ 0, 2, 1 ]
    } ]
  }, {
    "id" : "8336aa7f-5d27-4142-b326-452936fd2ec0",
    "vertices" : [ {
      "x" : 119.0,
      "y" : -21.0,
      "z" : 21.0
    }, {
      "x" : 21.0,
      "y" : 28.0,
      "z" : 21.0
    }, {
      "x" : 25.0,
      "y" : 25.0,
      "z" : 19.0
    }, {
      "x" : 77.0,
      "y" : -14.0,
      "z" : -7.0
    } ],
    "faces" : [ {
      "vertices" : [ 0, 1, 2 ]
    }, {
      "vertices" : [ 0, 2, 3 ]
    }, {
      "vertices" : [ 0, 3, 2 ]
    }, {
      "vertices" : [ 0, 2, 1 ]
    } ]
  }, {
    "id" : "ee169bea-7d2f-4af9-9372-0b7900b91bc5",
    "vertices" : [ {
      "x" : 119.0,
      "y" : 21.0,
      "z" : -21.0
    }, {
      "x" : 21.0,
      "y" : -28.0,
      "z" : -21.0
    }, {
      "x" : 25.0,
      "y" : -25.0,
      "z" : -19.0
    }, {
      "x" : 77.0,
      "y" : 14.0,
      "z" : 7.0
    } ],
    "faces" : [ {
      "vertices" : [ 0, 1, 2 ]
    }, {
      "vertices" : [ 0, 2, 3 ]
    }, {
      "vertices" : [ 0, 3, 2 ]
    }, {
      "vertices" : [ 0, 2, 1 ]
    } ]
  }, {
    "id" : "2a12af4b-6c4c-4ff6-b5f4-594569e53e74",
    "vertices" : [ {
      "x" : 14.0,
      "y" : -7.0,
      "z" : -77.0
    }, {
      "x" : 119.0,
      "y" : 119.0,
      "z" : -119.0
    }, {
      "x" : 77.0,
      "y" : 14.0,
      "z" : 7.0
    }, {
      "x" : 28.0,
      "y" : -21.0,
      "z" : -21.0
    } ],
    "faces" : [ {
      "vertices" : [ 0, 1, 2 ]
    }, {
      "vertices" : [ 0, 2, 3 ]
    }, {
      "vertices" : [ 0, 3, 2 ]
    }, {
      "vertices" : [ 0, 2, 1 ]
    } ]
  }, {
    "id" : "934bc9b0-0d27-4cb7-abdb-6865915a49d2",
    "vertices" : [ {
      "x" : -21.0,
      "y" : 21.0,
      "z" : 119.0
    }, {
      "x" : 28.0,
      "y" : 21.0,
      "z" : 21.0
    }, {
      "x" : 25.0,
      "y" : 19.0,
      "z" : 25.0
    }, {
      "x" : -14.0,
      "y" : -7.0,
      "z" : 77.0
    } ],
    "faces" : [ {
      "vertices" : [ 0, 1, 2 ]
    }, {
      "vertices" : [ 0, 2, 3 ]
    }, {
      "vertices" : [ 0, 3, 2 ]
    }, {
      "vertices" : [ 0, 2, 1 ]
    } ]
  }, {
    "id" : "1e10b0b7-6143-49c2-b4ec-6be8bc0e4e53",
    "vertices" : [ {
      "x" : 28.0,
      "y" : 21.0,
      "z" : 21.0
    }, {
      "x" : 77.0,
      "y" : -14.0,
      "z" : -7.0
    }, {
      "x" : 25.0,
      "y" : 25.0,
      "z" : 19.0
    } ],
    "faces" : [ {
      "vertices" : [ 0, 1, 2 ]
    }, {
      "vertices" : [ 0, 2, 1 ]
    } ]
  }, {
    "id" : "a626efff-8931-4af1-b82e-9ab249356a17",
    "vertices" : [ {
      "x" : -21.0,
      "y" : -119.0,
      "z" : -21.0
    }, {
      "x" : 21.0,
      "y" : -119.0,
      "z" : 21.0
    }, {
      "x" : -7.0,
      "y" : -77.0,
      "z" : 14.0
    } ],
    "faces" : [ {
      "vertices" : [ 0, 1, 2 ]
    }, {
      "vertices" : [ 0, 2, 1 ]
    } ]
  }, {
    "id" : "3dd2f005-dfc1-4c4d-a2b6-565bf8528c87",
    "vertices" : [ {
      "x" : -21.0,
      "y" : -21.0,
      "z" : 28.0
    }, {
      "x" : 14.0,
      "y" : 7.0,
      "z" : 77.0
    }, {
      "x" : -25.0,
      "y" : -19.0,
      "z" : 25.0
    } ],
    "faces" : [ {
      "vertices" : [ 0, 1, 2 ]
    }, {
      "vertices" : [ 0, 2, 1 ]
    } ]
  }, {
    "id" : "8ed3174d-6480-403a-9617-fcd1d1f67405",
    "vertices" : [ {
      "x" : -119.0,
      "y" : -21.0,
      "z" : -21.0
    }, {
      "x" : -77.0,
      "y" : 14.0,
      "z" : -7.0
    }, {
      "x" : -21.0,
      "y" : 28.0,
      "z" : -21.0
    } ],
    "faces" : [ {
      "vertices" : [ 0, 1, 2 ]
    }, {
      "vertices" : [ 0, 2, 1 ]
    } ]
  }, {
    "id" : "543509fb-9a52-4874-a86e-cf814b7be890",
    "vertices" : [ {
      "x" : 21.0,
      "y" : 21.0,
      "z" : 28.0
    }, {
      "x" : -14.0,
      "y" : -7.0,
      "z" : 77.0
    }, {
      "x" : 25.0,
      "y" : 19.0,
      "z" : 25.0
    } ],
    "faces" : [ {
      "vertices" : [ 0, 1, 2 ]
    }, {
      "vertices" : [ 0, 2, 1 ]
    } ]
  }, {
    "id" : "0445a1f6-95b5-4a4a-a387-a868f17f4501",
    "vertices" : [ {
      "x" : 21.0,
      "y" : -21.0,
      "z" : 119.0
    }, {
      "x" : -14.0,
      "y" : -7.0,
      "z" : 77.0
    }, {
      "x" : -28.0,
      "y" : -21.0,
      "z" : 21.0
    } ],
    "faces" : [ {
      "vertices" : [ 0, 1, 2 ]
    }, {
      "vertices" : [ 0, 2, 1 ]
    } ]
  }, {
    "id" : "3508fa4b-bc07-44f1-b5e0-921531468a46",
    "vertices" : [ {
      "x" : -28.0,
      "y" : 21.0,
      "z" : -21.0
    }, {
      "x" : -77.0,
      "y" : -14.0,
      "z" : 7.0
    }, {
      "x" : -25.0,
      "y" : 25.0,
      "z" : -19.0
    } ],
    "faces" : [ {
      "vertices" : [ 0, 1, 2 ]
    }, {
      "vertices" : [ 0, 2, 1 ]
    } ]
  }, {
    "id" : "4341b65a-19b5-4d54-a9f5-13b798e72f68",
    "vertices" : [ {
      "x" : 119.0,
      "y" : -21.0,
      "z" : 21.0
    }, {
      "x" : 77.0,
      "y" : 14.0,
      "z" : 7.0
    }, {
      "x" : 21.0,
      "y" : 28.0,
      "z" : 21.0
    } ],
    "faces" : [ {
      "vertices" : [ 0, 1, 2 ]
    }, {
      "vertices" : [ 0, 2, 1 ]
    } ]
  }, {
    "id" : "7ed7100e-bf63-420c-82ea-24c0c03146b5",
    "vertices" : [ {
      "x" : -119.0,
      "y" : 21.0,
      "z" : 21.0
    }, {
      "x" : -119.0,
      "y" : -21.0,
      "z" : -21.0
    }, {
      "x" : -77.0,
      "y" : -14.0,
      "z" : 7.0
    } ],
    "faces" : [ {
      "vertices" : [ 0, 1, 2 ]
    }, {
      "vertices" : [ 0, 2, 1 ]
    } ]
  }, {
    "id" : "660ccf33-212a-4256-918c-7ea93865a350",
    "vertices" : [ {
      "x" : -21.0,
      "y" : -21.0,
      "z" : -119.0
    }, {
      "x" : 21.0,
      "y" : 21.0,
      "z" : -119.0
    }, {
      "x" : 14.0,
      "y" : -7.0,
      "z" : -77.0
    } ],
    "faces" : [ {
      "vertices" : [ 0, 1, 2 ]
    }, {
      "vertices" : [ 0, 2, 1 ]
    } ]
  }, {
    "id" : "c2e7190c-aa7b-46f7-9e62-25aedbafe590",
    "vertices" : [ {
      "x" : 119.0,
      "y" : 21.0,
      "z" : -21.0
    }, {
      "x" : 77.0,
      "y" : -14.0,
      "z" : -7.0
    }, {
      "x" : 21.0,
      "y" : -28.0,
      "z" : -21.0
    } ],
    "faces" : [ {
      "vertices" : [ 0, 1, 2 ]
    }, {
      "vertices" : [ 0, 2, 1 ]
    } ]
  }, {
    "id" : "55f2ef37-fc97-4116-ad8e-cf41040b1fb1",
    "vertices" : [ {
      "x" : -119.0,
      "y" : 21.0,
      "z" : 21.0
    }, {
      "x" : -21.0,
      "y" : -28.0,
      "z" : 21.0
    }, {
      "x" : -25.0,
      "y" : -25.0,
      "z" : 19.0
    }, {
      "x" : -77.0,
      "y" : 14.0,
      "z" : -7.0
    } ],
    "faces" : [ {
      "vertices" : [ 0, 1, 2 ]
    }, {
      "vertices" : [ 0, 2, 3 ]
    }, {
      "vertices" : [ 0, 3, 2 ]
    }, {
      "vertices" : [ 0, 2, 1 ]
    } ]
  }, {
    "id" : "55a572f0-ad7a-4047-a502-3aededdc068f",
    "vertices" : [ {
      "x" : 119.0,
      "y" : 21.0,
      "z" : -21.0
    }, {
