{
  "field" : "golden",
  "symmetry" : "icosahedral",
  "orientations" : [ [ 1.0, 0.0, 0.0, 0.0, 0.0, 1.0, 0.0, 0.0, 0.0, 0.0, 1.0, 0.0, 0.0, 0.0, 0.0, 1.0 ], [ 0.0, 0.0, 1.0, 0.0, 1.0, 0.0, 0.0, 0.0, 0.0, 1.0, 0.0, 0.0, 0.0, 0.0, 0.0, 1.0 ], [ 0.0, 1.0, 0.0, 0.0, 0.0, 0.0, 1.0, 0.0, 1.0, 0.0, 0.0, 0.0, 0.0, 0.0, 0.0, 1.0 ], [ 0.809017, 0.309017, 0.5, 0.0, 0.309017, 0.5, -0.809017, 0.0, -0.5, 0.809017, 0.309017, 0.0, 0.0, 0.0, 0.0, 1.0 ], [ -0.5, 0.809017, 0.309017, 0.0, 0.809017, 0.309017, 0.5, 0.0, 0.309017, 0.5, -0.809017, 0.0, 0.0, 0.0, 0.0, 1.0 ], [ 0.309017, 0.5, -0.809017, 0.0, -0.5, 0.809017, 0.309017, 0.0, 0.809017, 0.309017, 0.5, 0.0, 0.0, 0.0, 0.0, 1.0 ], [ 0.5, 0.809017, 0.309017, 0.0, 0.809017, -0.309017, -0.5, 0.0, -0.309017, 0.5, -0.809017, 0.0, 0.0, 0.0, 0.0, 1.0 ], [ -0.309017, 0.5, -0.809017, 0.0, 0.5, 0.809017, 0.309017, 0.0, 0.809017, -0.309017, -0.5, 0.0, 0.0, 0.0, 0.0, 1.0 ], [ 0.809017, -0.309017, -0.5, 0.0, -0.309017, 0.5, -0.809017, 0.0, 0.5, 0.809017, 0.309017, 0.0, 0.0, 0.0, 0.0, 1.0 ], [ 0.5, 0.809017, -0.309017, 0.0, 0.809017, -0.309017, 0.5, 0.0, 0.309017, -0.5, -0.809017, 0.0, 0.0, 0.0, 0.0, 1.0 ], [ 0.309017, -0.5, -0.809017, 0.0, 0.5, 0.809017, -0.309017, 0.0, 0.809017, -0.309017, 0.5, 0.0, 0.0, 0.0, 0.0, 1.0 ], [ 0.809017, -0.309017, 0.5, 0.0, 0.309017, -0.5, -0.809017, 0.0, 0.5, 0.809017, -0.309017, 0.0, 0.0, 0.0, 0.0, 1.0 ], [ 0.809017, 0.309017, -0.5, 0.0, 0.309017, 0.5, 0.809017, 0.0, 0.5, -0.809017, 0.309017, 0.0, 0.0, 0.0, 0.0, 1.0 ], [ 0.5, -0.809017, 0.309017, 0.0, 0.809017, 0.309017, -0.5, 0.0, 0.309017, 0.5, 0.809017, 0.0, 0.0, 0.0, 0.0, 1.0 ], [ 0.309017, 0.5, 0.809017, 0.0, 0.5, -0.809017, 0.309017, 0.0, 0.809017, 0.309017, -0.5, 0.0, 0.0, 0.0, 0.0, 1.0 ], [ 1.0, 0.0, 0.0, 0.0, 0.0, -1.0, 0.0, 0.0, 0.0, 0.0, -1.0, 0.0, 0.0, 0.0, 0.0, 1.0 ], [ 0.0, 0.0, 1.0, 0.0, -1.0, 0.0, 0.0, 0.0, 0.0, -1.0, 0.0, 0.0, 0.0, 0.0, 0.0, 1.0 ], [ 0.0, 1.0, 0.0, 0.0, 0.0, 0.0, -1.0, 0.0, -1.0, 0.0, 0.0, 0.0, 0.0, 0.0, 0.0, 1.0 ], [ 0.809017, 0.309017, 0.5, 0.0, -0.309017, -0.5, 0.809017, 0.0, 0.5, -0.809017, -0.309017, 0.0, 0.0, 0.0, 0.0, 1.0 ], [ -0.5, 0.809017, 0.309017, 0.0, -0.809017, -0.309017, -0.5, 0.0, -0.309017, -0.5, 0.809017, 0.0, 0.0, 0.0, 0.0, 1.0 ], [ 0.309017, 0.5, -0.809017, 0.0, 0.5, -0.809017, -0.309017, 0.0, -0.809017, -0.309017, -0.5, 0.0, 0.0, 0.0, 0.0, 1.0 ], [ 0.5, 0.809017, 0.309017, 0.0, -0.809017, 0.309017, 0.5, 0.0, 0.309017, -0.5, 0.809017, 0.0, 0.0, 0.0, 0.0, 1.0 ], [ -0.309017, 0.5, -0.809017, 0.0, -0.5, -0.809017, -0.309017, 0.0, -0.809017, 0.309017, 0.5, 0.0, 0.0, 0.0, 0.0, 1.0 ], [ 0.809017, -0.309017, -0.5, 0.0, 0.309017, -0.5, 0.809017, 0.0, -0.5, -0.809017, -0.309017, 0.0, 0.0, 0.0, 0.0, 1.0 ], [ 0.5, 0.809017, -0.309017, 0.0, -0.809017, 0.309017, -0.5, 0.0, -0.309017, 0.5, 0.809017, 0.0, 0.0, 0.0, 0.0, 1.0 ], [ 0.309017, -0.5, -0.809017, 0.0, -0.5, -0.809017, 0.309017, 0.0, -0.809017, 0.309017, -0.5, 0.0, 0.0, 0.0, 0.0, 1.0 ], [ 0.809017, -0.309017, 0.5, 0.0, -0.309017, 0.5, 0.809017, 0.0, -0.5, -0.809017, 0.309017, 0.0, 0.0, 0.0, 0.0, 1.0 ], [ 0.809017, 0.309017, -0.5, 0.0, -0.309017, -0.5, -0.809017, 0.0, -0.5, 0.809017, -0.309017, 0.0, 0.0, 0.0, 0.0, 1.0 ], [ 0.5, -0.809017, 0.309017, 0.0, -0.809017, -0.309017, 0.5, 0.0, -0.309017, -0.5, -0.809017, 0.0, 0.0, 0.0, 0.0, 1.0 ], [ 0.309017, 0.5, 0.809017, 0.0, -0.5, 0.809017, -0.309017, 0.0, -0.809017, -0.309017, 0.5, 0.0, 0.0, 0.0, 0.0, 1.0 ], [ -1.0, 0.0, 0.0, 0.0, 0.0, -1.0, 0.0, 0.0, 0.0, 0.0, 1.0, 0.0, 0.0, 0.0, 0.0, 1.0 ], [ 0.0, 0.0, -1.0, 0.0, -1.0, 0.0, 0.0, 0.0, 0.0, 1.0, 0.0, 0.0, 0.0, 0.0, 0.0, 1.0 ], [ 0.0, -1.0, 0.0, 0.0, 0.0, 0.0, -1.0, 0.0, 1.0, 0.0, 0.0, 0.0, 0.0, 0.0, 0.0, 1.0 ], [ -0.809017, -0.309017, -0.5, 0.0, -0.309017, -0.5, 0.809017, 0.0, -0.5, 0.809017, 0.309017, 0.0, 0.0, 0.0, 0.0, 1.0 ], [ 0.5, -0.809017, -0.309017, 0.0, -0.809017, -0.309017, -0.5, 0.0, 0.309017, 0.5, -0.809017, 0.0, 0.0, 0.0, 0.0, 1.0 ], [ -0.309017, -0.5, 0.809017, 0.0, 0.5, -0.809017, -0.309017, 0.0, 0.809017, 0.309017, 0.5, 0.0, 0.0, 0.0, 0.0, 1.0 ], [ -0.5, -0.809017, -0.309017, 0.0, -0.809017, 0.309017, 0.5, 0.0, -0.309017, 0.5, -0.809017, 0.0, 0.0, 0.0, 0.0, 1.0 ], [ 0.309017, -0.5, 0.809017, 0.0, -0.5, -0.809017, -0.309017, 0.0, 0.809017, -0.309017, -0.5, 0.0, 0.0, 0.0, 0.0, 1.0 ], [ -0.809017, 0.309017, 0.5, 0.0, 0.309017, -0.5, 0.809017, 0.0, 0.5, 0.809017, 0.309017, 0.0, 0.0, 0.0, 0.0, 1.0 ], [ -0.5, -0.809017, 0.309017, 0.0, -0.809017, 0.309017, -0.5, 0.0, 0.309017, -0.5, -0.809017, 0.0, 0.0, 0.0, 0.0, 1.0 ], [ -0.309017, 0.5, 0.809017, 0.0, -0.5, -0.809017, 0.309017, 0.0, 0.809017, -0.309017, 0.5, 0.0, 0.0, 0.0, 0.0, 1.0 ], [ -0.809017, 0.309017, -0.5, 0.0, -0.309017, 0.5, 0.809017, 0.0, 0.5, 0.809017, -0.309017, 0.0, 0.0, 0.0, 0.0, 1.0 ], [ -0.809017, -0.309017, 0.5, 0.0, -0.309017, -0.5, -0.809017, 0.0, 0.5, -0.809017, 0.309017, 0.0, 0.0, 0.0, 0.0, 1.0 ], [ -0.5, 0.809017, -0.309017, 0.0, -0.809017, -0.309017, 0.5, 0.0, 0.309017, 0.5, 0.809017, 0.0, 0.0, 0.0, 0.0, 1.0 ], [ -0.309017, -0.5, -0.809017, 0.0, -0.5, 0.809017, -0.309017, 0.0, 0.809017, 0.309017, -0.5, 0.0, 0.0, 0.0, 0.0, 1.0 ], [ -1.0, 0.0, 0.0, 0.0, 0.0, 1.0, 0.0, 0.0, 0.0, 0.0, -1.0, 0.0, 0.0, 0.0, 0.0, 1.0 ], [ 0.0, 0.0, -1.0, 0.0, 1.0, 0.0, 0.0, 0.0, 0.0, -1.0, 0.0, 0.0, 0.0, 0.0, 0.0, 1.0 ], [ 0.0, -1.0, 0.0, 0.0, 0.0, 0.0, 1.0, 0.0, -1.0, 0.0, 0.0, 0.0, 0.0, 0.0, 0.0, 1.0 ], [ -0.809017, -0.309017, -0.5, 0.0, 0.309017, 0.5, -0.809017, 0.0, 0.5, -0.809017, -0.309017, 0.0, 0.0, 0.0, 0.0, 1.0 ], [ 0.5, -0.809017, -0.309017, 0.0, 0.809017, 0.309017, 0.5, 0.0, -0.309017, -0.5, 0.809017, 0.0, 0.0, 0.0, 0.0, 1.0 ], [ -0.309017, -0.5, 0.809017, 0.0, -0.5, 0.809017, 0.309017, 0.0, -0.809017, -0.309017, -0.5, 0.0, 0.0, 0.0, 0.0, 1.0 ], [ -0.5, -0.809017, -0.309017, 0.0, 0.809017, -0.309017, -0.5, 0.0, 0.309017, -0.5, 0.809017, 0.0, 0.0, 0.0, 0.0, 1.0 ], [ 0.309017, -0.5, 0.809017, 0.0, 0.5, 0.809017, 0.309017, 0.0, -0.809017, 0.309017, 0.5, 0.0, 0.0, 0.0, 0.0, 1.0 ], [ -0.809017, 0.309017, 0.5, 0.0, -0.309017, 0.5, -0.809017, 0.0, -0.5, -0.809017, -0.309017, 0.0, 0.0, 0.0, 0.0, 1.0 ], [ -0.5, -0.809017, 0.309017, 0.0, 0.809017, -0.309017, 0.5, 0.0, -0.309017, 0.5, 0.809017, 0.0, 0.0, 0.0, 0.0, 1.0 ], [ -0.309017, 0.5, 0.809017, 0.0, 0.5, 0.809017, -0.309017, 0.0, -0.809017, 0.309017, -0.5, 0.0, 0.0, 0.0, 0.0, 1.0 ], [ -0.809017, 0.309017, -0.5, 0.0, 0.309017, -0.5, -0.809017, 0.0, -0.5, -0.809017, 0.309017, 0.0, 0.0, 0.0, 0.0, 1.0 ], [ -0.809017, -0.309017, 0.5, 0.0, 0.309017, 0.5, 0.809017, 0.0, -0.5, 0.809017, -0.309017, 0.0, 0.0, 0.0, 0.0, 1.0 ], [ -0.5, 0.809017, -0.309017, 0.0, 0.809017, 0.309017, -0.5, 0.0, -0.309017, -0.5, -0.809017, 0.0, 0.0, 0.0, 0.0, 1.0 ], [ -0.309017, -0.5, -0.809017, 0.0, 0.5, -0.809017, 0.309017, 0.0, -0.809017, -0.309017, 0.5, 0.0, 0.0, 0.0, 0.0, 1.0 ] ],
  "lights" : {
    "directionalLights" : [ {
      "direction" : {
        "x" : 1.0,
        "y" : -1.0,
        "z" : -1.0
      },
      "color" : "#EBEBE4"
    }, {
      "direction" : {
        "x" : -1.0,
        "y" : 0.0,
        "z" : 0.0
      },
      "color" : "#E4E4EB"
    }, {
      "direction" : {
        "x" : 0.0,
        "y" : 0.0,
        "z" : -1.0
      },
      "color" : "#1E1E1E"
    } ],
    "backgroundColor" : "#F6FACC",
    "ambientColor" : "#292929"
  },
  "camera" : {
    "position" : {
      "x" : -141.14243,
      "y" : 102.747925,
      "z" : 174.55243
    },
    "width" : 111.093445,
    "perspective" : true,
    "viewDistance" : 246.87433,
    "lookAtPoint" : {
      "x" : 0.0,
      "y" : 0.0,
      "z" : 0.0
    },
    "fieldOfView" : 0.44262886,
    "upDirection" : {
      "x" : 0.5562847,
      "y" : 0.83008534,
      "z" : -0.038808998
    },
    "stereo" : false,
    "lookDirection" : {
      "x" : 0.57171774,
      "y" : -0.41619524,
      "z" : -0.7070497
    },
    "nearClipDistance" : 0.6171857,
    "farClipDistance" : 493.74857
  },
  "embedding" : [ 1.0, 0.0, 0.0, 0.0, 0.0, 1.0, 0.0, 0.0, 0.0, 0.0, 1.0, 0.0, 0.0, 0.0, 0.0, 1.0 ],
  "shapes" : [ {
    "id" : "dcb79c0c-6cc3-4b7c-8c60-6f2227432976",
    "vertices" : [ {
      "x" : 0.0,
      "y" : 134.29681,
      "z" : 82.51973
    }, {
      "x" : 0.0,
      "y" : 134.29681,
      "z" : 84.137764
    }, {
      "x" : 0.0,
      "y" : 135.91486,
      "z" : 84.137764
    } ],
    "faces" : [ {
      "vertices" : [ 0, 1, 2 ]
    }, {
      "vertices" : [ 0, 2, 1 ]
    } ]
  }, {
    "id" : "d05735de-d3ad-48fd-b52b-9bf7ddb49edd",
    "vertices" : [ {
      "x" : 0.0,
      "y" : 38.832817,
      "z" : 24.27051
    }, {
      "x" : 0.0,
      "y" : 40.45085,
      "z" : 24.27051
    }, {
      "x" : 0.0,
      "y" : 40.45085,
      "z" : 25.888544
    } ],
    "faces" : [ {
      "vertices" : [ 0, 1, 2 ]
    }, {
      "vertices" : [ 0, 2, 1 ]
    } ]
  }, {
    "id" : "bb156977-7bd8-4315-9e1a-f32c3dbe5aea",
    "vertices" : [ {
      "x" : 0.0,
      "y" : 40.45085,
      "z" : 25.888544
    }, {
      "x" : 0.0,
      "y" : 42.068882,
      "z" : 25.888544
    }, {
      "x" : 0.0,
      "y" : 42.068882,
      "z" : 27.506578
    } ],
    "faces" : [ {
      "vertices" : [ 0, 1, 2 ]
    }, {
      "vertices" : [ 0, 2, 1 ]
    } ]
  }, {
    "id" : "42e2a878-e0a6-4d40-9bf7-3862c86325e5",
    "vertices" : [ {
      "x" : 0.0,
      "y" : 16.18034,
      "z" : 9.708204
    }, {
      "x" : 0.0,
      "y" : 16.18034,
      "z" : 11.326238
    }, {
      "x" : 0.0,
      "y" : 17.798374,
      "z" : 11.326238
    } ],
    "faces" : [ {
      "vertices" : [ 0, 1, 2 ]
    }, {
      "vertices" : [ 0, 2, 1 ]
    } ]
  }, {
    "id" : "26e1c7f4-bff2-4c1c-a165-9bc18ded55f4",
    "vertices" : [ {
      "x" : 0.0,
      "y" : 27.506578,
      "z" : 16.18034
    }, {
      "x" : 0.0,
      "y" : 27.506578,
      "z" : 17.798374
    }, {
      "x" : 0.0,
      "y" : 29.12461,
      "z" : 17.798374
    } ],
    "faces" : [ {
      "vertices" : [ 0, 1, 2 ]
    }, {
      "vertices" : [ 0, 2, 1 ]
    } ]
  }, {
    "id" : "7b04eb10-6949-4e22-b28f-5f3ebf153441",
    "vertices" : [ {
      "x" : 0.0,
      "y" : 87.37383,
      "z" : 53.395123
    }, {
      "x" : 0.0,
      "y" : 87.37383,
      "z" : 55.013157
    }, {
      "x" : 0.0,
      "y" : 88.99187,
      "z" : 55.013157
    } ],
    "faces" : [ {
      "vertices" : [ 0, 1, 2 ]
    }, {
      "vertices" : [ 0, 2, 1 ]
    } ]
  }, {
    "id" : "06d18da1-60f5-4f55-ab82-decffcf1042e",
    "vertices" : [ {
      "x" : 0.0,
      "y" : 108.40828,
      "z" : 67.95743
    }, {
      "x" : 0.0,
      "y" : 110.02631,
      "z" : 67.95743
    }, {
      "x" : 0.0,
      "y" : 110.02631,
      "z" : 69.57546
    } ],
    "faces" : [ {
      "vertices" : [ 0, 1, 2 ]
    }, {
      "vertices" : [ 0, 2, 1 ]
    } ]
  }, {
    "id" : "db848c21-e343-4f34-bd41-ebb3af0908aa",
    "vertices" : [ {
      "x" : 0.0,
      "y" : 35.59675,
      "z" : 21.034441
    }, {
      "x" : 0.0,
      "y" : 35.59675,
      "z" : 22.652475
    }, {
      "x" : 0.0,
      "y" : 37.214783,
      "z" : 22.652475
    } ],
    "faces" : [ {
      "vertices" : [ 0, 1, 2 ]
    }, {
      "vertices" : [ 0, 2, 1 ]
    } ]
  }, {
    "id" : "f88c52bc-9ecc-417f-9bbc-aa2d63d2b42f",
    "vertices" : [ {
      "x" : 0.0,
      "y" : 95.464005,
      "z" : 58.24922
    }, {
      "x" : 0.0,
      "y" : 95.464005,
      "z" : 59.867256
    }, {
      "x" : 0.0,
      "y" : 97.08204,
      "z" : 59.867256
    } ],
    "faces" : [ {
      "vertices" : [ 0, 1, 2 ]
    }, {
      "vertices" : [ 0, 2, 1 ]
    } ]
  }, {
    "id" : "a7f17737-f8f8-408d-aeb6-768544a71f35",
    "vertices" : [ {
      "x" : 0.0,
      "y" : 137.53288,
      "z" : 84.137764
    }, {
      "x" : 0.0,
      "y" : 137.53288,
      "z" : 85.7558
    }, {
      "x" : 0.0,
      "y" : 139.15092,
      "z" : 85.7558
    } ],
    "faces" : [ {
      "vertices" : [ 0, 1, 2 ]
    }, {
      "vertices" : [ 0, 2, 1 ]
    } ]
  }, {
    "id" : "bb11a6cf-3400-4d8d-9c19-536fda4257cf",
    "vertices" : [ {
      "x" : 0.0,
      "y" : 122.68285,
      "z" : 75.822174
    }, {
      "x" : -0.309017,
      "y" : 122.18285,
      "z" : 75.51315
    }, {
      "x" : -0.095491506,
      "y" : 122.02834,
      "z" : 75.76315
    } ],
    "faces" : [ {
      "vertices" : [ 0, 1, 2 ]
    }, {
      "vertices" : [ 0, 2, 1 ]
    } ]
  }, {
    "id" : "1044ff80-727d-4925-885a-606e55a6838d",
    "vertices" : [ {
      "x" : 0.0,
      "y" : 105.17221,
      "z" : 64.72136
    }, {
      "x" : 0.0,
      "y" : 105.17221,
      "z" : 66.33939
    }, {
      "x" : 0.0,
      "y" : 106.790245,
      "z" : 66.33939
    } ],
    "faces" : [ {
      "vertices" : [ 0, 1, 2 ]
    }, {
      "vertices" : [ 0, 2, 1 ]
    } ]
  }, {
    "id" : "d928a0e5-b406-4c17-83ca-d071800d36ac",
    "vertices" : [ {
      "x" : 0.0,
      "y" : 92.227936,
      "z" : 56.63119
    }, {
      "x" : 0.0,
      "y" : 92.227936,
      "z" : 58.24922
    }, {
      "x" : 0.0,
      "y" : 93.84597,
      "z" : 58.24922
    } ],
    "faces" : [ {
      "vertices" : [ 0, 1, 2 ]
    }, {
      "vertices" : [ 0, 2, 1 ]
    } ]
  }, {
    "id" : "b5084ce3-c017-44b7-8321-ba4904349d57",
    "vertices" : [ {
      "x" : 0.0,
      "y" : 126.20665,
      "z" : 77.665634
    }, {
      "x" : 0.0,
      "y" : 126.20665,
      "z" : 79.28367
    }, {
      "x" : 0.0,
      "y" : 127.824684,
      "z" : 79.28367
    } ],
    "faces" : [ {
      "vertices" : [ 0, 1, 2 ]
    }, {
      "vertices" : [ 0, 2, 1 ]
    } ]
  }, {
    "id" : "293ff349-8e76-49cd-a304-2cf9c0e40751",
    "vertices" : [ {
      "x" : 0.0,
      "y" : 17.798374,
      "z" : 11.326238
    }, {
      "x" : 0.0,
      "y" : 19.416409,
      "z" : 11.326238
    }, {
      "x" : 0.0,
      "y" : 19.416409,
      "z" : 12.944272
    } ],
    "faces" : [ {
      "vertices" : [ 0, 1, 2 ]
    }, {
      "vertices" : [ 0, 2, 1 ]
    } ]
  }, {
    "id" : "a83bf8fe-8c28-4755-988f-bd12d105928e",
    "vertices" : [ {
      "x" : 0.0,
      "y" : 25.888544,
      "z" : 16.18034
    }, {
      "x" : 0.0,
      "y" : 27.506578,
      "z" : 16.18034
    }, {
      "x" : 0.0,
      "y" : 27.506578,
      "z" : 17.798374
    } ],
    "faces" : [ {
      "vertices" : [ 0, 1, 2 ]
    }, {
      "vertices" : [ 0, 2, 1 ]
    } ]
  }, {
    "id" : "0fe6fe04-da6d-4611-95d4-63c0ab39bf51",
    "vertices" : [ {
      "x" : 0.0,
      "y" : 30.742645,
      "z" : 19.416409
    }, {
      "x" : 0.0,
      "y" : 32.36068,
      "z" : 19.416409
    }, {
      "x" : 0.0,
      "y" : 32.36068,
      "z" : 21.034441
    } ],
    "faces" : [ {
      "vertices" : [ 0, 1, 2 ]
    }, {
      "vertices" : [ 0, 2, 1 ]
    } ]
  }, {
    "id" : "88898762-b7dc-4c80-926b-190f1de0fe66",
    "vertices" : [ {
      "x" : 0.0,
      "y" : 127.824684,
      "z" : 79.28367
    }, {
      "x" : 0.0,
      "y" : 129.44272,
      "z" : 79.28367
    }, {
      "x" : 0.0,
      "y" : 129.44272,
      "z" : 80.9017
    } ],
    "faces" : [ {
      "vertices" : [ 0, 1, 2 ]
    }, {
      "vertices" : [ 0, 2, 1 ]
    } ]
  }, {
    "id" : "8e9ddeb6-3675-424a-9631-7f0af2c9ed74",
    "vertices" : [ {
      "x" : 0.0,
      "y" : 85.7558,
      "z" : 53.395123
    }, {
      "x" : 0.0,
      "y" : 87.37383,
      "z" : 53.395123
    }, {
      "x" : 0.0,
      "y" : 87.37383,
      "z" : 55.013157
    } ],
    "faces" : [ {
      "vertices" : [ 0, 1, 2 ]
    }, {
      "vertices" : [ 0, 2, 1 ]
    } ]
  }, {
    "id" : "f20b8469-74e3-4ae9-99c6-526d7223caa8",
    "vertices" : [ {
      "x" : 0.0,
      "y" : 55.013157,
      "z" : 33.978714
    }, {
      "x" : 0.0,
      "y" : 55.013157,
      "z" : 35.59675
    }, {
      "x" : 0.0,
      "y" : 56.63119,
      "z" : 35.59675
    } ],
    "faces" : [ {
      "vertices" : [ 0, 1, 2 ]
    }, {
      "vertices" : [ 0, 2, 1 ]
    } ]
  }, {
    "id" : "d873a6d3-c698-4449-a0df-1dde7d66ee99",
    "vertices" : [ {
      "x" : 0.0,
      "y" : 14.562305,
      "z" : 8.09017
    }, {
      "x" : 0.0,
      "y" : 14.562305,
      "z" : 9.708204
    }, {
      "x" : 0.0,
      "y" : 16.18034,
      "z" : 9.708204
    } ],
    "faces" : [ {
      "vertices" : [ 0, 1, 2 ]
    }, {
      "vertices" : [ 0, 2, 1 ]
    } ]
  }, {
    "id" : "bed09551-c262-4f59-a9e2-224003281095",
    "vertices" : [ {
      "x" : 0.0,
      "y" : 101.93614,
      "z" : 63.103325
    }, {
      "x" : 0.0,
      "y" : 103.55418,
      "z" : 63.103325
    }, {
      "x" : 0.0,
      "y" : 103.55418,
      "z" : 64.72136
    } ],
    "faces" : [ {
      "vertices" : [ 0, 1, 2 ]
    }, {
      "vertices" : [ 0, 2, 1 ]
    } ]
  }, {
    "id" : "f3285d11-e312-43a4-a8b9-087bbab75010",
    "vertices" : [ {
      "x" : 0.0,
      "y" : 45.30495,
      "z" : 27.506578
    }, {
      "x" : 0.0,
      "y" : 45.30495,
      "z" : 29.12461
    }, {
      "x" : 0.0,
      "y" : 46.922985,
      "z" : 29.12461
    } ],
    "faces" : [ {
      "vertices" : [ 0, 1, 2 ]
    }, {
      "vertices" : [ 0, 2, 1 ]
    } ]
  }, {
    "id" : "e279817a-be57-4850-8213-49d06d469912",
    "vertices" : [ {
      "x" : 0.0,
      "y" : 103.55418,
      "z" : 63.103325
    }, {
      "x" : 0.0,
      "y" : 103.55418,
      "z" : 64.72136
    }, {
      "x" : 0.0,
      "y" : 105.17221,
      "z" : 64.72136
    } ],
    "faces" : [ {
      "vertices" : [ 0, 1, 2 ]
    }, {
      "vertices" : [ 0, 2, 1 ]
    } ]
  }, {
    "id" : "6e2d2570-7c3c-407c-b997-4f3c06c1fb1d",
    "vertices" : [ {
      "x" : -0.309017,
      "y" : 123.18285,
      "z" : 76.01315
    }, {
      "x" : -0.19098301,
      "y" : 122.99187,
      "z" : 76.322174
    }, {
      "x" : 0.0,
      "y" : 123.30089,
      "z" : 76.20414
    } ],
    "faces" : [ {
      "vertices" : [ 0, 1, 2 ]
    }, {
      "vertices" : [ 0, 2, 1 ]
    } ]
  }, {
    "id" : "81c3b7da-534a-4b11-a639-627ff5296fa7",
    "vertices" : [ {
      "x" : 0.0,
      "y" : 121.35255,
      "z" : 74.429565
    }, {
      "x" : 0.0,
      "y" : 121.35255,
      "z" : 76.0476
    }, {
      "x" : 0.0,
      "y" : 122.97058,
      "z" : 76.0476
    } ],
    "faces" : [ {
      "vertices" : [ 0, 1, 2 ]
    }, {
      "vertices" : [ 0, 2, 1 ]
    } ]
  }, {
    "id" : "a9c29767-d951-4227-b91c-be7a50573717",
    "vertices" : [ {
      "x" : 0.0,
      "y" : 51.77709,
      "z" : 32.36068
    }, {
      "x" : 0.0,
      "y" : 53.395123,
      "z" : 32.36068
    }, {
      "x" : 0.0,
      "y" : 53.395123,
      "z" : 33.978714
    } ],
    "faces" : [ {
      "vertices" : [ 0, 1, 2 ]
    }, {
      "vertices" : [ 0, 2, 1 ]
    } ]
  }, {
    "id" : "2d5dac45-3372-4eb0-81da-d1e6e048d98f",
    "vertices" : [ {
      "x" : 0.0,
      "y" : 95.464005,
      "z" : 59.867256
    }, {
      "x" : 0.0,
      "y" : 97.08204,
      "z" : 59.867256
    }, {
      "x" : 0.0,
      "y" : 97.08204,
      "z" : 61.48529
    } ],
    "faces" : [ {
      "vertices" : [ 0, 1, 2 ]
    }, {
      "vertices" : [ 0, 2, 1 ]
    } ]
  }, {
    "id" : "9dfe7a22-15d6-4b8d-b857-67260a8e714e",
    "vertices" : [ {
      "x" : 0.0,
      "y" : 135.91486,
      "z" : 84.137764
    }, {
      "x" : 0.0,
      "y" : 137.53288,
      "z" : 84.137764
    }, {
      "x" : 0.0,
      "y" : 137.53288,
      "z" : 85.7558
    } ],
    "faces" : [ {
      "vertices" : [ 0, 1, 2 ]
    }, {
      "vertices" : [ 0, 2, 1 ]
    } ]
  }, {
    "id" : "7a4fd361-3883-4258-9023-4bf79968ac73",
    "vertices" : [ {
      "x" : 0.0,
      "y" : 32.36068,
      "z" : 19.416409
    }, {
      "x" : 0.0,
      "y" : 32.36068,
      "z" : 21.034441
    }, {
      "x" : 0.0,
      "y" : 33.978714,
      "z" : 21.034441
    } ],
    "faces" : [ {
      "vertices" : [ 0, 1, 2 ]
    }, {
      "vertices" : [ 0, 2, 1 ]
    } ]
  }, {
    "id" : "690b0511-a155-48a5-997b-50c326a9109a",
    "vertices" : [ {
      "x" : 0.0,
      "y" : 19.416409,
      "z" : 11.326238
    }, {
      "x" : 0.0,
      "y" : 19.416409,
      "z" : 12.944272
    }, {
      "x" : 0.0,
      "y" : 21.034441,
      "z" : 12.944272
    } ],
    "faces" : [ {
      "vertices" : [ 0, 1, 2 ]
    }, {
      "vertices" : [ 0, 2, 1 ]
    } ]
  }, {
    "id" : "c060cedb-cdfb-4120-a6dd-8ccbd316bdf6",
    "vertices" : [ {
      "x" : 0.0,
      "y" : 58.24922,
      "z" : 35.59675
    }, {
      "x" : 0.0,
      "y" : 58.24922,
      "z" : 37.214783
    }, {
      "x" : 0.0,
      "y" : 59.867256,
      "z" : 37.214783
    } ],
    "faces" : [ {
      "vertices" : [ 0, 1, 2 ]
    }, {
      "vertices" : [ 0, 2, 1 ]
    } ]
  }, {
    "id" : "769da280-8bed-4dc4-bab8-2aecbc02b862",
    "vertices" : [ {
      "x" : 0.0,
      "y" : 4.854102,
      "z" : 3.236068
    }, {
      "x" : 0.0,
      "y" : 6.472136,
      "z" : 3.236068
    }, {
      "x" : 0.0,
      "y" : 6.472136,
      "z" : 4.854102
    } ],
    "faces" : [ {
      "vertices" : [ 0, 1, 2 ]
    }, {
      "vertices" : [ 0, 2, 1 ]
    } ]
  }, {
    "id" : "2f71283c-7d0c-454d-ab7f-f675d79c3ac7",
    "vertices" : [ {
      "x" : -0.309017,
      "y" : 123.18285,
      "z" : 76.01315
    }, {
      "x" : 0.0,
      "y" : 123.30089,
      "z" : 76.20414
    }, {
      "x" : 0.0,
      "y" : 123.30089,
      "z" : 75.822174
    } ],
    "faces" : [ {
      "vertices" : [ 0, 1, 2 ]
    }, {
      "vertices" : [ 0, 2, 1 ]
    } ]
  }, {
    "id" : "3b38d717-678c-40ac-9640-fd3e6807069a",
    "vertices" : [ {
      "x" : 0.0,
      "y" : 82.51973,
      "z" : 51.77709
    }, {
      "x" : 0.0,
      "y" : 84.137764,
      "z" : 51.77709
    }, {
      "x" : 0.0,
      "y" : 84.137764,
      "z" : 53.395123
    } ],
    "faces" : [ {
      "vertices" : [ 0, 1, 2 ]
    }, {
      "vertices" : [ 0, 2, 1 ]
    } ]
  }, {
    "id" : "683b3e3e-229a-4ac8-976f-07d71c381293",
    "vertices" : [ {
      "x" : 0.0,
      "y" : 63.103325,
      "z" : 38.832817
    }, {
      "x" : 0.0,
      "y" : 63.103325,
      "z" : 40.45085
    }, {
      "x" : 0.0,
      "y" : 64.72136,
      "z" : 40.45085
    } ],
    "faces" : [ {
      "vertices" : [ 0, 1, 2 ]
    }, {
      "vertices" : [ 0, 2, 1 ]
    } ]
  }, {
    "id" : "8e51fd35-9b38-433c-a188-b374adc368d1",
    "vertices" : [ {
      "x" : 0.0,
      "y" : 124.588615,
      "z" : 77.665634
    }, {
      "x" : 0.0,
      "y" : 126.20665,
      "z" : 77.665634
    }, {
      "x" : 0.0,
      "y" : 126.20665,
      "z" : 79.28367
    } ],
    "faces" : [ {
      "vertices" : [ 0, 1, 2 ]
    }, {
      "vertices" : [ 0, 2, 1 ]
    } ]
  }, {
    "id" : "bb281222-57d0-4aba-83cb-c5c267d2cfc8",
    "vertices" : [ {
      "x" : 0.0,
      "y" : 11.326238,
      "z" : 6.472136
    }, {
      "x" : 0.0,
      "y" : 11.326238,
      "z" : 8.09017
    }, {
      "x" : 0.0,
      "y" : 12.944272,
      "z" : 8.09017
    } ],
    "faces" : [ {
      "vertices" : [ 0, 1, 2 ]
    }, {
      "vertices" : [ 0, 2, 1 ]
    } ]
  }, {
    "id" : "0ae1394a-6700-452a-9eff-8e6d581c716d",
    "vertices" : [ {
      "x" : 0.0,
      "y" : 48.54102,
      "z" : 29.12461
    }, {
      "x" : 0.0,
      "y" : 48.54102,
      "z" : 30.742645
    }, {
      "x" : 0.0,
      "y" : 50.159054,
      "z" : 30.742645
    } ],
    "faces" : [ {
      "vertices" : [ 0, 1, 2 ]
    }, {
      "vertices" : [ 0, 2, 1 ]
    } ]
  }, {
    "id" : "27e7307a-140a-4bb7-9fff-207cd3dd2c73",
    "vertices" : [ {
      "x" : 0.0,
      "y" : 6.472136,
      "z" : 4.854102
    }, {
      "x" : 0.0,
      "y" : 8.09017,
      "z" : 4.854102
    }, {
      "x" : 0.0,
      "y" : 8.09017,
      "z" : 6.472136
    } ],
    "faces" : [ {
      "vertices" : [ 0, 1, 2 ]
    }, {
      "vertices" : [ 0, 2, 1 ]
    } ]
  }, {
    "id" : "0c96c3cf-b4c9-46f3-9cc6-64e6053c34c6",
    "vertices" : [ {
      "x" : -0.19098301,
      "y" : 122.99187,
      "z" : 76.322174
    }, {
      "x" : 0.0,
      "y" : 122.68285,
      "z" : 76.20414
    }, {
      "x" : 0.19098301,
      "y" : 122.99187,
      "z" : 76.322174
    } ],
    "faces" : [ {
      "vertices" : [ 0, 1, 2 ]
    }, {
      "vertices" : [ 0, 2, 1 ]
    } ]
  }, {
    "id" : "0cdcf161-b656-460f-9660-4e7fe615bf35",
    "vertices" : [ {
      "x" : -0.19098301,
      "y" : 122.99187,
      "z" : 76.322174
    }, {
      "x" : 0.19098301,
      "y" : 122.99187,
      "z" : 76.322174
    }, {
      "x" : 0.0,
      "y" : 123.30089,
      "z" : 76.20414
    } ],
    "faces" : [ {
      "vertices" : [ 0, 1, 2 ]
    }, {
      "vertices" : [ 0, 2, 1 ]
    } ]
  }, {
    "id" : "5a97d50b-5f70-408b-9708-ab6d7244fca9",
    "vertices" : [ {
      "x" : 0.0,
      "y" : 35.59675,
      "z" : 22.652475
    }, {
      "x" : 0.0,
      "y" : 37.214783,
      "z" : 22.652475
    }, {
      "x" : 0.0,
      "y" : 37.214783,
      "z" : 24.27051
    } ],
    "faces" : [ {
      "vertices" : [ 0, 1, 2 ]
    }, {
      "vertices" : [ 0, 2, 1 ]
    } ]
  }, {
    "id" : "8bf677e2-6f5d-4cc0-ad74-7b1c5472d474",
    "vertices" : [ {
      "x" : -0.309017,
      "y" : 122.80089,
      "z" : 76.01315
    }, {
      "x" : 0.0,
      "y" : 122.68285,
      "z" : 76.20414
    }, {
      "x" : -0.19098301,
      "y" : 122.99187,
      "z" : 76.322174
    } ],
    "faces" : [ {
      "vertices" : [ 0, 1, 2 ]
    }, {
      "vertices" : [ 0, 2, 1 ]
    } ]
  }, {
    "id" : "5fdd5aec-8c91-4169-9b50-d2229e3f6884",
    "vertices" : [ {
      "x" : 0.0,
      "y" : 50.159054,
      "z" : 30.742645
    }, {
      "x" : 0.0,
      "y" : 50.159054,
      "z" : 32.36068
    }, {
      "x" : 0.0,
      "y" : 51.77709,
      "z" : 32.36068
    } ],
    "faces" : [ {
      "vertices" : [ 0, 1, 2 ]
    }, {
      "vertices" : [ 0, 2, 1 ]
    } ]
  }, {
    "id" : "35bd8f05-35a7-4cc7-b3fa-a0a658cb2955",
    "vertices" : [ {
      "x" : 0.25,
      "y" : 0.9045085,
      "z" : 0.3454915
    }, {
      "x" : -0.095491506,
      "y" : 0.9635255,
      "z" : 0.25
    }, {
      "x" : -0.095491506,
      "y" : 122.337364,
      "z" : 75.26315
    }, {
      "x" : 0.25,
      "y" : 122.27834,
      "z" : 75.35865
    } ],
    "faces" : [ {
      "vertices" : [ 0, 1, 2 ]
    }, {
      "vertices" : [ 0, 2, 3 ]
    }, {
      "vertices" : [ 0, 3, 2 ]
    }, {
      "vertices" : [ 0, 2, 1 ]
    } ]
  }, {
    "id" : "01c90b77-8101-4570-8003-3ad5a5c336ca",
    "vertices" : [ {
      "x" : -0.19098301,
      "y" : 122.99187,
      "z" : 75.70414
    }, {
      "x" : 0.19098301,
      "y" : 122.99187,
      "z" : 75.70414
    }, {
      "x" : 0.0,
      "y" : 122.68285,
      "z" : 75.822174
    } ],
    "faces" : [ {
      "vertices" : [ 0, 1, 2 ]
    }, {
      "vertices" : [ 0, 2, 1 ]
    } ]
  }, {
    "id" : "9bcf717d-d556-497d-b9b8-39b482d30e61",
    "vertices" : [ {
      "x" : 0.0,
      "y" : 29.12461,
      "z" : 17.798374
    }, {
      "x" : 0.0,
      "y" : 29.12461,
      "z" : 19.416409
    }, {
      "x" : 0.0,
      "y" : 30.742645,
      "z" : 19.416409
    } ],
    "faces" : [ {
      "vertices" : [ 0, 1, 2 ]
    }, {
      "vertices" : [ 0, 2, 1 ]
    } ]
  }, {
    "id" : "f7d6e25c-d16d-44aa-90c1-a862a9b4d2fd",
    "vertices" : [ {
      "x" : 0.25,
      "y" : 0.9045085,
      "z" : 0.3454915
    }, {
      "x" : 0.25,
      "y" : 0.7135255,
      "z" : 0.6545085
    }, {
      "x" : 0.0,
      "y" : 0.309017,
      "z" : 0.19098301
    } ],
    "faces" : [ {
      "vertices" : [ 0, 1, 2 ]
    }, {
      "vertices" : [ 0, 2, 1 ]
    } ]
  }, {
    "id" : "760ef06a-88e2-4e3c-bebf-0b1bf03ce5ee",
    "vertices" : [ {
      "x" : 0.0,
      "y" : 97.08204,
      "z" : 59.867256
    }, {
      "x" : 0.0,
      "y" : 97.08204,
      "z" : 61.48529
    }, {
      "x" : 0.0,
      "y" : 98.70007,
      "z" : 61.48529
    } ],
    "faces" : [ {
      "vertices" : [ 0, 1, 2 ]
    }, {
      "vertices" : [ 0, 2, 1 ]
    } ]
  }, {
    "id" : "bcf63f3a-c920-4ef3-a62b-5ce821a980bc",
    "vertices" : [ {
      "x" : 0.0,
      "y" : 12.944272,
      "z" : 8.09017
    }, {
      "x" : 0.0,
      "y" : 14.562305,
      "z" : 8.09017
    }, {
      "x" : 0.0,
      "y" : 14.562305,
      "z" : 9.708204
    } ],
    "faces" : [ {
      "vertices" : [ 0, 1, 2 ]
    }, {
      "vertices" : [ 0, 2, 1 ]
    } ]
  }, {
    "id" : "8e1edc36-0b39-4448-add9-230de80f4c1d",
    "vertices" : [ {
      "x" : -0.309017,
      "y" : 0.809017,
      "z" : 0.5
    }, {
      "x" : -0.095491506,
      "y" : 0.6545085,
      "z" : 0.75
    }, {
      "x" : -0.095491506,
      "y" : 122.02834,
      "z" : 75.76315
    }, {
      "x" : -0.309017,
      "y" : 122.18285,
      "z" : 75.51315
    } ],
    "faces" : [ {
      "vertices" : [ 0, 1, 2 ]
    }, {
      "vertices" : [ 0, 2, 3 ]
    }, {
      "vertices" : [ 0, 3, 2 ]
    }, {
      "vertices" : [ 0, 2, 1 ]
    } ]
  }, {
    "id" : "5e3d14e2-aa4f-417c-bf8f-be6fa08838c3",
    "vertices" : [ {
      "x" : 0.0,
      "y" : 123.30089,
      "z" : 76.20414
    }, {
      "x" : 0.19098301,
      "y" : 122.99187,
      "z" : 76.322174
    }, {
      "x" : 0.309017,
      "y" : 123.18285,
      "z" : 76.01315
    } ],
    "faces" : [ {
      "vertices" : [ 0, 1, 2 ]
    }, {
      "vertices" : [ 0, 2, 1 ]
    } ]
  }, {
    "id" : "efc79c9e-7758-4a2c-b7b6-bdfa82639fd5",
    "vertices" : [ {
      "x" : 0.0,
      "y" : 116.49844,
      "z" : 72.81153
    }, {
      "x" : 0.0,
      "y" : 118.11648,
      "z" : 72.81153
    }, {
      "x" : 0.0,
      "y" : 118.11648,
      "z" : 74.429565
    } ],
    "faces" : [ {
      "vertices" : [ 0, 1, 2 ]
    }, {
      "vertices" : [ 0, 2, 1 ]
    } ]
  }, {
    "id" : "70e2c2be-d3ac-4f09-b429-c4c42c5f0ecf",
    "vertices" : [ {
      "x" : -0.309017,
      "y" : 122.80089,
      "z" : 76.01315
    }, {
      "x" : -0.19098301,
      "y" : 122.99187,
      "z" : 75.70414
    }, {
      "x" : 0.0,
      "y" : 122.68285,
      "z" : 75.822174
    } ],
    "faces" : [ {
      "vertices" : [ 0, 1, 2 ]
    }, {
      "vertices" : [ 0, 2, 1 ]
    } ]
  }, {
    "id" : "27cecd1f-8706-4f7c-9c33-80bfd17dd9f2",
    "vertices" : [ {
      "x" : 0.0,
      "y" : 132.67879,
      "z" : 82.51973
    }, {
      "x" : 0.0,
      "y" : 134.29681,
      "z" : 82.51973
    }, {
      "x" : 0.0,
      "y" : 134.29681,
      "z" : 84.137764
    } ],
    "faces" : [ {
      "vertices" : [ 0, 1, 2 ]
    }, {
      "vertices" : [ 0, 2, 1 ]
    } ]
  }, {
    "id" : "5b127188-0f12-47e5-97c3-afc37cef970c",
    "vertices" : [ {
      "x" : -0.309017,
      "y" : 0.809017,
      "z" : 0.5
    }, {
      "x" : -0.309017,
      "y" : 122.18285,
      "z" : 75.51315
    }, {
      "x" : -0.095491506,
      "y" : 122.337364,
      "z" : 75.26315
    }, {
      "x" : -0.095491506,
      "y" : 0.9635255,
      "z" : 0.25
    } ],
    "faces" : [ {
      "vertices" : [ 0, 1, 2 ]
    }, {
      "vertices" : [ 0, 2, 3 ]
    }, {
      "vertices" : [ 0, 3, 2 ]
    }, {
      "vertices" : [ 0, 2, 1 ]
    } ]
  }, {
    "id" : "dd7651c8-90dd-426f-a493-e6ac6fcd33e6",
    "vertices" : [ {
      "x" : 0.0,
      "y" : 64.72136,
      "z" : 40.45085
    }, {
      "x" : 0.0,
      "y" : 66.33939,
      "z" : 40.45085
    }, {
      "x" : 0.0,
      "y" : 66.33939,
      "z" : 42.068882
    } ],
    "faces" : [ {
      "vertices" : [ 0, 1, 2 ]
    }, {
      "vertices" : [ 0, 2, 1 ]
    } ]
  }, {
    "id" : "12bbf465-8048-47ea-b7e3-649d2c8c2e40",
    "vertices" : [ {
      "x" : 0.0,
      "y" : 131.06076,
      "z" : 80.9017
    }, {
      "x" : 0.0,
      "y" : 131.06076,
      "z" : 82.51973
    }, {
      "x" : 0.0,
      "y" : 132.67879,
      "z" : 82.51973
    } ],
    "faces" : [ {
      "vertices" : [ 0, 1, 2 ]
    }, {
      "vertices" : [ 0, 2, 1 ]
    } ]
  }, {
    "id" : "86d4f741-2c9d-42a4-883c-8a78c968c3da",
    "vertices" : [ {
      "x" : 0.0,
      "y" : 90.6099,
      "z" : 56.63119
    }, {
      "x" : 0.0,
      "y" : 92.227936,
      "z" : 56.63119
    }, {
      "x" : 0.0,
      "y" : 92.227936,
      "z" : 58.24922
    } ],
    "faces" : [ {
      "vertices" : [ 0, 1, 2 ]
    }, {
      "vertices" : [ 0, 2, 1 ]
    } ]
  }, {
    "id" : "c7b80fed-8b8f-4996-8525-7ee15e6da808",
    "vertices" : [ {
      "x" : 0.0,
      "y" : 71.1935,
      "z" : 43.686916
    }, {
      "x" : 0.0,
      "y" : 71.1935,
      "z" : 45.30495
    }, {
      "x" : 0.0,
      "y" : 72.81153,
      "z" : 45.30495
    } ],
    "faces" : [ {
      "vertices" : [ 0, 1, 2 ]
    }, {
      "vertices" : [ 0, 2, 1 ]
    } ]
  }, {
    "id" : "065e813b-047f-4243-bb7f-e6bd14b1e3c2",
    "vertices" : [ {
      "x" : 0.0,
      "y" : 74.429565,
      "z" : 46.922985
    }, {
      "x" : 0.0,
      "y" : 76.0476,
      "z" : 46.922985
    }, {
      "x" : 0.0,
      "y" : 76.0476,
      "z" : 48.54102
    } ],
    "faces" : [ {
      "vertices" : [ 0, 1, 2 ]
    }, {
      "vertices" : [ 0, 2, 1 ]
    } ]
  }, {
    "id" : "5aadfe19-fdae-4eb0-a44e-04040b12cc87",
    "vertices" : [ {
      "x" : 0.0,
      "y" : 111.64435,
      "z" : 69.57546
    }, {
      "x" : 0.0,
      "y" : 113.26238,
      "z" : 69.57546
    }, {
      "x" : 0.0,
      "y" : 113.26238,
      "z" : 71.1935
    } ],
    "faces" : [ {
      "vertices" : [ 0, 1, 2 ]
    }, {
      "vertices" : [ 0, 2, 1 ]
    } ]
  }, {
    "id" : "c92d0a79-1a80-4a41-bd67-cb0cc0c3a10d",
    "vertices" : [ {
      "x" : 0.0,
      "y" : 113.26238,
      "z" : 69.57546
    }, {
      "x" : 0.0,
      "y" : 113.26238,
      "z" : 71.1935
    }, {
      "x" : 0.0,
      "y" : 114.88042,
      "z" : 71.1935
    } ],
    "faces" : [ {
      "vertices" : [ 0, 1, 2 ]
    }, {
      "vertices" : [ 0, 2, 1 ]
    } ]
  }, {
    "id" : "585d098b-a276-4bbc-81f6-7504ac28d181",
    "vertices" : [ {
      "x" : 0.0,
      "y" : 122.97058,
      "z" : 76.0476
    }, {
      "x" : 0.0,
      "y" : 124.588615,
      "z" : 76.0476
    }, {
      "x" : 0.0,
      "y" : 124.588615,
      "z" : 77.665634
    } ],
    "faces" : [ {
      "vertices" : [ 0, 1, 2 ]
    }, {
      "vertices" : [ 0, 2, 1 ]
    } ]
  }, {
    "id" : "d8656fa6-0e48-4fd4-8d52-026fdb1c4155",
    "vertices" : [ {
      "x" : -0.309017,
      "y" : 123.18285,
      "z" : 76.01315
    }, {
      "x" : 0.0,
      "y" : 123.30089,
      "z" : 75.822174
    }, {
      "x" : -0.19098301,
      "y" : 122.99187,
      "z" : 75.70414
    } ],
    "faces" : [ {
      "vertices" : [ 0, 1, 2 ]
    }, {
      "vertices" : [ 0, 2, 1 ]
    } ]
  }, {
    "id" : "93eaee68-7d23-40e2-afe0-810d918fb83d",
    "vertices" : [ {
      "x" : 0.0,
      "y" : 98.70007,
      "z" : 61.48529
    }, {
      "x" : 0.0,
      "y" : 100.31811,
      "z" : 61.48529
    }, {
      "x" : 0.0,
      "y" : 100.31811,
      "z" : 63.103325
    } ],
    "faces" : [ {
      "vertices" : [ 0, 1, 2 ]
    }, {
      "vertices" : [ 0, 2, 1 ]
    } ]
  }, {
    "id" : "128bd859-3b2e-4783-904b-94dd2777c57b",
    "vertices" : [ {
      "x" : -0.309017,
      "y" : 0.809017,
      "z" : 0.5
    }, {
      "x" : -0.095491506,
      "y" : 0.9635255,
      "z" : 0.25
    }, {
      "x" : 0.0,
      "y" : 0.309017,
      "z" : 0.19098301
    } ],
    "faces" : [ {
      "vertices" : [ 0, 1, 2 ]
    }, {
      "vertices" : [ 0, 2, 1 ]
    } ]
  }, {
    "id" : "9f9f9338-35a6-49b5-9027-37fcbf913088",
    "vertices" : [ {
      "x" : 0.0,
      "y" : 90.6099,
      "z" : 55.013157
    }, {
      "x" : 0.0,
      "y" : 90.6099,
      "z" : 56.63119
    }, {
      "x" : 0.0,
      "y" : 92.227936,
      "z" : 56.63119
    } ],
    "faces" : [ {
      "vertices" : [ 0, 1, 2 ]
    }, {
      "vertices" : [ 0, 2, 1 ]
    } ]
  }, {
    "id" : "67501fe8-0e13-48d1-9c01-a089b7078122",
    "vertices" : [ {
      "x" : 0.0,
      "y" : 80.9017,
      "z" : 50.159054
    }, {
      "x" : 0.0,
      "y" : 82.51973,
      "z" : 50.159054
    }, {
      "x" : 0.0,
      "y" : 82.51973,
      "z" : 51.77709
    } ],
    "faces" : [ {
      "vertices" : [ 0, 1, 2 ]
    }, {
      "vertices" : [ 0, 2, 1 ]
    } ]
  }, {
    "id" : "ac0ee056-90d4-4f83-803c-70aa95be9c23",
    "vertices" : [ {
      "x" : 0.0,
      "y" : 40.45085,
      "z" : 24.27051
    }, {
      "x" : 0.0,
      "y" : 40.45085,
      "z" : 25.888544
    }, {
      "x" : 0.0,
      "y" : 42.068882,
      "z" : 25.888544
    } ],
    "faces" : [ {
      "vertices" : [ 0, 1, 2 ]
    }, {
      "vertices" : [ 0, 2, 1 ]
    } ]
  }, {
    "id" : "6db80899-2709-4d08-8598-9e5d1b859af2",
    "vertices" : [ {
      "x" : 0.0,
      "y" : 1.618034,
      "z" : 0.0
    }, {
      "x" : 0.0,
      "y" : 1.618034,
      "z" : 1.618034
    }, {
      "x" : 0.0,
      "y" : 3.236068,
      "z" : 1.618034
    } ],
    "faces" : [ {
      "vertices" : [ 0, 1, 2 ]
    }, {
      "vertices" : [ 0, 2, 1 ]
    } ]
  }, {
    "id" : "3abc830f-b13f-4953-93d7-1b0adf4e2a19",
    "vertices" : [ {
      "x" : 0.0,
      "y" : 37.214783,
      "z" : 22.652475
    }, {
      "x" : 0.0,
      "y" : 37.214783,
      "z" : 24.27051
    }, {
      "x" : 0.0,
      "y" : 38.832817,
      "z" : 24.27051
    } ],
    "faces" : [ {
      "vertices" : [ 0, 1, 2 ]
    }, {
      "vertices" : [ 0, 2, 1 ]
    } ]
  }, {
    "id" : "19416168-530c-46b7-b844-74f4e93bc3c5",
    "vertices" : [ {
      "x" : 0.0,
      "y" : 27.506578,
      "z" : 17.798374
    }, {
      "x" : 0.0,
      "y" : 29.12461,
      "z" : 17.798374
    }, {
      "x" : 0.0,
      "y" : 29.12461,
      "z" : 19.416409
    } ],
    "faces" : [ {
      "vertices" : [ 0, 1, 2 ]
    }, {
      "vertices" : [ 0, 2, 1 ]
    } ]
  }, {
    "id" : "eaa15243-87aa-46bf-adda-5d5bf01214e3",
    "vertices" : [ {
      "x" : 0.0,
      "y" : 74.429565,
      "z" : 45.30495
    }, {
      "x" : 0.0,
      "y" : 74.429565,
      "z" : 46.922985
    }, {
      "x" : 0.0,
      "y" : 76.0476,
      "z" : 46.922985
    } ],
    "faces" : [ {
      "vertices" : [ 0, 1, 2 ]
    }, {
      "vertices" : [ 0, 2, 1 ]
    } ]
  }, {
    "id" : "d279de4d-c409-4b39-9822-2129978cb615",
    "vertices" : [ {
      "x" : 0.0,
      "y" : 72.81153,
      "z" : 45.30495
    }, {
      "x" : 0.0,
      "y" : 74.429565,
      "z" : 45.30495
    }, {
      "x" : 0.0,
      "y" : 74.429565,
      "z" : 46.922985
    } ],
    "faces" : [ {
      "vertices" : [ 0, 1, 2 ]
    }, {
      "vertices" : [ 0, 2, 1 ]
    } ]
  }, {
    "id" : "895f3b7f-b61f-4ad6-ac16-be15bcd358b2",
    "vertices" : [ {
      "x" : 0.0,
      "y" : 122.68285,
      "z" : 75.822174
    }, {
      "x" : -0.095491506,
      "y" : 122.337364,
      "z" : 75.26315
    }, {
      "x" : -0.309017,
      "y" : 122.18285,
      "z" : 75.51315
    } ],
    "faces" : [ {
      "vertices" : [ 0, 1, 2 ]
    }, {
      "vertices" : [ 0, 2, 1 ]
