{
  "polygons" : "true",
  "field" : "snubDodec",
  "symmetry" : "icosahedral",
  "orientations" : [ [ 1.0, 0.0, 0.0, 0.0, 0.0, 1.0, 0.0, 0.0, 0.0, 0.0, 1.0, 0.0, 0.0, 0.0, 0.0, 1.0 ], [ 0.0, 0.0, 1.0, 0.0, 1.0, 0.0, 0.0, 0.0, 0.0, 1.0, 0.0, 0.0, 0.0, 0.0, 0.0, 1.0 ], [ 0.0, 1.0, 0.0, 0.0, 0.0, 0.0, 1.0, 0.0, 1.0, 0.0, 0.0, 0.0, 0.0, 0.0, 0.0, 1.0 ], [ 0.809017, 0.309017, 0.5, 0.0, 0.309017, 0.5, -0.809017, 0.0, -0.5, 0.809017, 0.309017, 0.0, 0.0, 0.0, 0.0, 1.0 ], [ -0.5, 0.809017, 0.309017, 0.0, 0.809017, 0.309017, 0.5, 0.0, 0.309017, 0.5, -0.809017, 0.0, 0.0, 0.0, 0.0, 1.0 ], [ 0.309017, 0.5, -0.809017, 0.0, -0.5, 0.809017, 0.309017, 0.0, 0.809017, 0.309017, 0.5, 0.0, 0.0, 0.0, 0.0, 1.0 ], [ 0.5, 0.809017, 0.309017, 0.0, 0.809017, -0.309017, -0.5, 0.0, -0.309017, 0.5, -0.809017, 0.0, 0.0, 0.0, 0.0, 1.0 ], [ -0.309017, 0.5, -0.809017, 0.0, 0.5, 0.809017, 0.309017, 0.0, 0.809017, -0.309017, -0.5, 0.0, 0.0, 0.0, 0.0, 1.0 ], [ 0.809017, -0.309017, -0.5, 0.0, -0.309017, 0.5, -0.809017, 0.0, 0.5, 0.809017, 0.309017, 0.0, 0.0, 0.0, 0.0, 1.0 ], [ 0.5, 0.809017, -0.309017, 0.0, 0.809017, -0.309017, 0.5, 0.0, 0.309017, -0.5, -0.809017, 0.0, 0.0, 0.0, 0.0, 1.0 ], [ 0.309017, -0.5, -0.809017, 0.0, 0.5, 0.809017, -0.309017, 0.0, 0.809017, -0.309017, 0.5, 0.0, 0.0, 0.0, 0.0, 1.0 ], [ 0.809017, -0.309017, 0.5, 0.0, 0.309017, -0.5, -0.809017, 0.0, 0.5, 0.809017, -0.309017, 0.0, 0.0, 0.0, 0.0, 1.0 ], [ 0.809017, 0.309017, -0.5, 0.0, 0.309017, 0.5, 0.809017, 0.0, 0.5, -0.809017, 0.309017, 0.0, 0.0, 0.0, 0.0, 1.0 ], [ 0.5, -0.809017, 0.309017, 0.0, 0.809017, 0.309017, -0.5, 0.0, 0.309017, 0.5, 0.809017, 0.0, 0.0, 0.0, 0.0, 1.0 ], [ 0.309017, 0.5, 0.809017, 0.0, 0.5, -0.809017, 0.309017, 0.0, 0.809017, 0.309017, -0.5, 0.0, 0.0, 0.0, 0.0, 1.0 ], [ 1.0, 0.0, 0.0, 0.0, 0.0, -1.0, 0.0, 0.0, 0.0, 0.0, -1.0, 0.0, 0.0, 0.0, 0.0, 1.0 ], [ 0.0, 0.0, 1.0, 0.0, -1.0, 0.0, 0.0, 0.0, 0.0, -1.0, 0.0, 0.0, 0.0, 0.0, 0.0, 1.0 ], [ 0.0, 1.0, 0.0, 0.0, 0.0, 0.0, -1.0, 0.0, -1.0, 0.0, 0.0, 0.0, 0.0, 0.0, 0.0, 1.0 ], [ 0.809017, 0.309017, 0.5, 0.0, -0.309017, -0.5, 0.809017, 0.0, 0.5, -0.809017, -0.309017, 0.0, 0.0, 0.0, 0.0, 1.0 ], [ -0.5, 0.809017, 0.309017, 0.0, -0.809017, -0.309017, -0.5, 0.0, -0.309017, -0.5, 0.809017, 0.0, 0.0, 0.0, 0.0, 1.0 ], [ 0.309017, 0.5, -0.809017, 0.0, 0.5, -0.809017, -0.309017, 0.0, -0.809017, -0.309017, -0.5, 0.0, 0.0, 0.0, 0.0, 1.0 ], [ 0.5, 0.809017, 0.309017, 0.0, -0.809017, 0.309017, 0.5, 0.0, 0.309017, -0.5, 0.809017, 0.0, 0.0, 0.0, 0.0, 1.0 ], [ -0.309017, 0.5, -0.809017, 0.0, -0.5, -0.809017, -0.309017, 0.0, -0.809017, 0.309017, 0.5, 0.0, 0.0, 0.0, 0.0, 1.0 ], [ 0.809017, -0.309017, -0.5, 0.0, 0.309017, -0.5, 0.809017, 0.0, -0.5, -0.809017, -0.309017, 0.0, 0.0, 0.0, 0.0, 1.0 ], [ 0.5, 0.809017, -0.309017, 0.0, -0.809017, 0.309017, -0.5, 0.0, -0.309017, 0.5, 0.809017, 0.0, 0.0, 0.0, 0.0, 1.0 ], [ 0.309017, -0.5, -0.809017, 0.0, -0.5, -0.809017, 0.309017, 0.0, -0.809017, 0.309017, -0.5, 0.0, 0.0, 0.0, 0.0, 1.0 ], [ 0.809017, -0.309017, 0.5, 0.0, -0.309017, 0.5, 0.809017, 0.0, -0.5, -0.809017, 0.309017, 0.0, 0.0, 0.0, 0.0, 1.0 ], [ 0.809017, 0.309017, -0.5, 0.0, -0.309017, -0.5, -0.809017, 0.0, -0.5, 0.809017, -0.309017, 0.0, 0.0, 0.0, 0.0, 1.0 ], [ 0.5, -0.809017, 0.309017, 0.0, -0.809017, -0.309017, 0.5, 0.0, -0.309017, -0.5, -0.809017, 0.0, 0.0, 0.0, 0.0, 1.0 ], [ 0.309017, 0.5, 0.809017, 0.0, -0.5, 0.809017, -0.309017, 0.0, -0.809017, -0.309017, 0.5, 0.0, 0.0, 0.0, 0.0, 1.0 ], [ -1.0, 0.0, 0.0, 0.0, 0.0, -1.0, 0.0, 0.0, 0.0, 0.0, 1.0, 0.0, 0.0, 0.0, 0.0, 1.0 ], [ 0.0, 0.0, -1.0, 0.0, -1.0, 0.0, 0.0, 0.0, 0.0, 1.0, 0.0, 0.0, 0.0, 0.0, 0.0, 1.0 ], [ 0.0, -1.0, 0.0, 0.0, 0.0, 0.0, -1.0, 0.0, 1.0, 0.0, 0.0, 0.0, 0.0, 0.0, 0.0, 1.0 ], [ -0.809017, -0.309017, -0.5, 0.0, -0.309017, -0.5, 0.809017, 0.0, -0.5, 0.809017, 0.309017, 0.0, 0.0, 0.0, 0.0, 1.0 ], [ 0.5, -0.809017, -0.309017, 0.0, -0.809017, -0.309017, -0.5, 0.0, 0.309017, 0.5, -0.809017, 0.0, 0.0, 0.0, 0.0, 1.0 ], [ -0.309017, -0.5, 0.809017, 0.0, 0.5, -0.809017, -0.309017, 0.0, 0.809017, 0.309017, 0.5, 0.0, 0.0, 0.0, 0.0, 1.0 ], [ -0.5, -0.809017, -0.309017, 0.0, -0.809017, 0.309017, 0.5, 0.0, -0.309017, 0.5, -0.809017, 0.0, 0.0, 0.0, 0.0, 1.0 ], [ 0.309017, -0.5, 0.809017, 0.0, -0.5, -0.809017, -0.309017, 0.0, 0.809017, -0.309017, -0.5, 0.0, 0.0, 0.0, 0.0, 1.0 ], [ -0.809017, 0.309017, 0.5, 0.0, 0.309017, -0.5, 0.809017, 0.0, 0.5, 0.809017, 0.309017, 0.0, 0.0, 0.0, 0.0, 1.0 ], [ -0.5, -0.809017, 0.309017, 0.0, -0.809017, 0.309017, -0.5, 0.0, 0.309017, -0.5, -0.809017, 0.0, 0.0, 0.0, 0.0, 1.0 ], [ -0.309017, 0.5, 0.809017, 0.0, -0.5, -0.809017, 0.309017, 0.0, 0.809017, -0.309017, 0.5, 0.0, 0.0, 0.0, 0.0, 1.0 ], [ -0.809017, 0.309017, -0.5, 0.0, -0.309017, 0.5, 0.809017, 0.0, 0.5, 0.809017, -0.309017, 0.0, 0.0, 0.0, 0.0, 1.0 ], [ -0.809017, -0.309017, 0.5, 0.0, -0.309017, -0.5, -0.809017, 0.0, 0.5, -0.809017, 0.309017, 0.0, 0.0, 0.0, 0.0, 1.0 ], [ -0.5, 0.809017, -0.309017, 0.0, -0.809017, -0.309017, 0.5, 0.0, 0.309017, 0.5, 0.809017, 0.0, 0.0, 0.0, 0.0, 1.0 ], [ -0.309017, -0.5, -0.809017, 0.0, -0.5, 0.809017, -0.309017, 0.0, 0.809017, 0.309017, -0.5, 0.0, 0.0, 0.0, 0.0, 1.0 ], [ -1.0, 0.0, 0.0, 0.0, 0.0, 1.0, 0.0, 0.0, 0.0, 0.0, -1.0, 0.0, 0.0, 0.0, 0.0, 1.0 ], [ 0.0, 0.0, -1.0, 0.0, 1.0, 0.0, 0.0, 0.0, 0.0, -1.0, 0.0, 0.0, 0.0, 0.0, 0.0, 1.0 ], [ 0.0, -1.0, 0.0, 0.0, 0.0, 0.0, 1.0, 0.0, -1.0, 0.0, 0.0, 0.0, 0.0, 0.0, 0.0, 1.0 ], [ -0.809017, -0.309017, -0.5, 0.0, 0.309017, 0.5, -0.809017, 0.0, 0.5, -0.809017, -0.309017, 0.0, 0.0, 0.0, 0.0, 1.0 ], [ 0.5, -0.809017, -0.309017, 0.0, 0.809017, 0.309017, 0.5, 0.0, -0.309017, -0.5, 0.809017, 0.0, 0.0, 0.0, 0.0, 1.0 ], [ -0.309017, -0.5, 0.809017, 0.0, -0.5, 0.809017, 0.309017, 0.0, -0.809017, -0.309017, -0.5, 0.0, 0.0, 0.0, 0.0, 1.0 ], [ -0.5, -0.809017, -0.309017, 0.0, 0.809017, -0.309017, -0.5, 0.0, 0.309017, -0.5, 0.809017, 0.0, 0.0, 0.0, 0.0, 1.0 ], [ 0.309017, -0.5, 0.809017, 0.0, 0.5, 0.809017, 0.309017, 0.0, -0.809017, 0.309017, 0.5, 0.0, 0.0, 0.0, 0.0, 1.0 ], [ -0.809017, 0.309017, 0.5, 0.0, -0.309017, 0.5, -0.809017, 0.0, -0.5, -0.809017, -0.309017, 0.0, 0.0, 0.0, 0.0, 1.0 ], [ -0.5, -0.809017, 0.309017, 0.0, 0.809017, -0.309017, 0.5, 0.0, -0.309017, 0.5, 0.809017, 0.0, 0.0, 0.0, 0.0, 1.0 ], [ -0.309017, 0.5, 0.809017, 0.0, 0.5, 0.809017, -0.309017, 0.0, -0.809017, 0.309017, -0.5, 0.0, 0.0, 0.0, 0.0, 1.0 ], [ -0.809017, 0.309017, -0.5, 0.0, 0.309017, -0.5, -0.809017, 0.0, -0.5, -0.809017, 0.309017, 0.0, 0.0, 0.0, 0.0, 1.0 ], [ -0.809017, -0.309017, 0.5, 0.0, 0.309017, 0.5, 0.809017, 0.0, -0.5, 0.809017, -0.309017, 0.0, 0.0, 0.0, 0.0, 1.0 ], [ -0.5, 0.809017, -0.309017, 0.0, 0.809017, 0.309017, -0.5, 0.0, -0.309017, -0.5, -0.809017, 0.0, 0.0, 0.0, 0.0, 1.0 ], [ -0.309017, -0.5, -0.809017, 0.0, 0.5, -0.809017, 0.309017, 0.0, -0.809017, -0.309017, 0.5, 0.0, 0.0, 0.0, 0.0, 1.0 ] ],
  "lights" : {
    "directionalLights" : [ {
      "direction" : [ 1.0, -1.0, -1.0 ],
      "color" : "#EBEBE4"
    }, {
      "direction" : [ -1.0, 0.0, 0.0 ],
      "color" : "#E4E4EB"
    }, {
      "direction" : [ 0.0, 0.0, -1.0 ],
      "color" : "#1E1E1E"
    } ],
    "backgroundColor" : "#8CC2E7",
    "ambientColor" : "#292929"
  },
  "camera" : {
    "perspective" : true,
    "lookDirectionRV" : {
      "x" : 0.0,
      "y" : 0.0,
      "z" : -1.0,
      "zero" : false
    },
    "upDirectionRV" : {
      "x" : 0.0,
      "y" : 1.0,
      "z" : 0.0,
      "zero" : false
    },
    "fieldOfView" : 0.4426289,
    "viewDistance" : 359.14798,
    "lookAtPointRV" : {
      "x" : 0.0,
      "y" : 0.0,
      "z" : 0.0,
      "zero" : true
    },
    "width" : 161.6166,
    "position" : {
      "x" : 0.0,
      "y" : 0.0,
      "z" : 359.14798
    },
    "stereo" : false,
    "nearClipDistance" : 0.33254445,
    "lookDirection" : {
      "x" : 0.0,
      "y" : 0.0,
      "z" : -1.0
    },
    "lookAtPoint" : {
      "x" : 0.0,
      "y" : 0.0,
      "z" : 0.0
    },
    "upDirection" : {
      "x" : 0.0,
      "y" : 1.0,
      "z" : 0.0
    },
    "farClipDistance" : 718.29596
  },
  "embedding" : [ 1.0, 0.0, 0.0, 0.0, 0.0, 1.0, 0.0, 0.0, 0.0, 0.0, 1.0, 0.0, 0.0, 0.0, 0.0, 1.0 ],
  "shapes" : [ {
    "id" : "755a9b17-c2eb-490c-adbe-9c73dc63bc79",
    "vertices" : [ {
      "x" : 0.0,
      "y" : 0.0,
      "z" : 0.0
    }, {
      "x" : -16.98994,
      "y" : -19.24386,
      "z" : 0.0
    }, {
      "x" : -25.001984,
      "y" : 3.0603278,
      "z" : 4.9517145
    } ],
    "faces" : [ {
      "vertices" : [ 0, 1, 2 ]
    }, {
      "vertices" : [ 0, 2, 1 ]
    } ]
  }, {
    "id" : "217a55ae-9c2c-4a46-9fb0-fbe1f96807b0",
    "name" : "ball",
    "vertices" : [ {
      "x" : 0.309017,
      "y" : -0.809017,
      "z" : 0.618034
    }, {
      "x" : 0.809017,
      "y" : -0.618034,
      "z" : 0.309017
    }, {
      "x" : 0.618034,
      "y" : -0.309017,
      "z" : 0.809017
    }, {
      "x" : 1.0,
      "y" : 0.309017,
      "z" : 0.19098301
    }, {
      "x" : 0.809017,
      "y" : 0.618034,
      "z" : 0.309017
    }, {
      "x" : 0.618034,
      "y" : 0.309017,
      "z" : 0.809017
    }, {
      "x" : 0.809017,
      "y" : 0.0,
      "z" : 0.690983
    }, {
      "x" : 0.19098301,
      "y" : -1.0,
      "z" : 0.309017
    }, {
      "x" : -0.19098301,
      "y" : -1.0,
      "z" : 0.309017
    }, {
      "x" : -0.19098301,
      "y" : -1.0,
      "z" : -0.309017
    }, {
      "x" : 0.19098301,
      "y" : -1.0,
      "z" : -0.309017
    }, {
      "x" : 1.0,
      "y" : -0.309017,
      "z" : -0.19098301
    }, {
      "x" : 0.809017,
      "y" : -0.618034,
      "z" : -0.309017
    }, {
      "x" : 0.618034,
      "y" : -0.309017,
      "z" : -0.809017
    }, {
      "x" : 0.809017,
      "y" : 0.0,
      "z" : -0.690983
    }, {
      "x" : 0.0,
      "y" : 0.690983,
      "z" : -0.809017
    }, {
      "x" : 0.309017,
      "y" : 0.809017,
      "z" : -0.618034
    }, {
      "x" : 0.618034,
      "y" : 0.309017,
      "z" : -0.809017
    }, {
      "x" : 0.309017,
      "y" : 0.19098301,
      "z" : -1.0
    }, {
      "x" : 1.0,
      "y" : 0.309017,
      "z" : -0.19098301
    }, {
      "x" : -0.309017,
      "y" : -0.809017,
      "z" : 0.618034
    }, {
      "x" : 0.0,
      "y" : -0.690983,
      "z" : 0.809017
    }, {
      "x" : 0.809017,
      "y" : 0.618034,
      "z" : -0.309017
    }, {
      "x" : 0.690983,
      "y" : 0.809017,
      "z" : 0.0
    }, {
      "x" : -0.690983,
      "y" : 0.809017,
      "z" : 0.0
    }, {
      "x" : -0.809017,
      "y" : 0.618034,
      "z" : 0.309017
    }, {
      "x" : -0.309017,
      "y" : 0.809017,
      "z" : 0.618034
    }, {
      "x" : -0.19098301,
      "y" : 1.0,
      "z" : 0.309017
    }, {
      "x" : 0.309017,
      "y" : -0.19098301,
      "z" : -1.0
    }, {
      "x" : 0.19098301,
      "y" : 1.0,
      "z" : 0.309017
    }, {
      "x" : 0.309017,
      "y" : 0.809017,
      "z" : 0.618034
    }, {
      "x" : -0.809017,
      "y" : -0.618034,
      "z" : 0.309017
    }, {
      "x" : -0.690983,
      "y" : -0.809017,
      "z" : 0.0
    }, {
      "x" : 0.0,
      "y" : 0.690983,
      "z" : 0.809017
    }, {
      "x" : 0.309017,
      "y" : -0.809017,
      "z" : -0.618034
    }, {
      "x" : 0.0,
      "y" : -0.690983,
      "z" : -0.809017
    }, {
      "x" : -1.0,
      "y" : 0.309017,
      "z" : 0.19098301
    }, {
      "x" : -0.809017,
      "y" : 0.0,
      "z" : 0.690983
    }, {
      "x" : -0.618034,
      "y" : 0.309017,
      "z" : 0.809017
    }, {
      "x" : 1.0,
      "y" : -0.309017,
      "z" : 0.19098301
    }, {
      "x" : -0.309017,
      "y" : -0.809017,
      "z" : -0.618034
    }, {
      "x" : -1.0,
      "y" : 0.309017,
      "z" : -0.19098301
    }, {
      "x" : -1.0,
      "y" : -0.309017,
      "z" : -0.19098301
    }, {
      "x" : -1.0,
      "y" : -0.309017,
      "z" : 0.19098301
    }, {
      "x" : 0.19098301,
      "y" : 1.0,
      "z" : -0.309017
    }, {
      "x" : -0.809017,
      "y" : 0.618034,
      "z" : -0.309017
    }, {
      "x" : -0.19098301,
      "y" : 1.0,
      "z" : -0.309017
    }, {
      "x" : -0.309017,
      "y" : 0.809017,
      "z" : -0.618034
    }, {
      "x" : -0.618034,
      "y" : -0.309017,
      "z" : 0.809017
    }, {
      "x" : 0.309017,
      "y" : 0.19098301,
      "z" : 1.0
    }, {
      "x" : -0.309017,
      "y" : 0.19098301,
      "z" : -1.0
    }, {
      "x" : -0.309017,
      "y" : 0.19098301,
      "z" : 1.0
    }, {
      "x" : -0.309017,
      "y" : -0.19098301,
      "z" : 1.0
    }, {
      "x" : 0.309017,
      "y" : -0.19098301,
      "z" : 1.0
    }, {
      "x" : 0.690983,
      "y" : -0.809017,
      "z" : 0.0
    }, {
      "x" : -0.809017,
      "y" : 0.0,
      "z" : -0.690983
    }, {
      "x" : -0.618034,
      "y" : -0.309017,
      "z" : -0.809017
    }, {
      "x" : -0.309017,
      "y" : -0.19098301,
      "z" : -1.0
    }, {
      "x" : -0.618034,
      "y" : 0.309017,
      "z" : -0.809017
    }, {
      "x" : -0.809017,
      "y" : -0.618034,
      "z" : -0.309017
    } ],
    "faces" : [ {
      "vertices" : [ 9, 40, 35, 34, 10 ]
    }, {
      "vertices" : [ 0, 1, 2 ]
    }, {
      "vertices" : [ 33, 51, 49 ]
    }, {
      "vertices" : [ 25, 36, 37, 38 ]
    }, {
      "vertices" : [ 41, 55, 42 ]
    }, {
      "vertices" : [ 9, 32, 59, 40 ]
    }, {
      "vertices" : [ 20, 21, 52, 48 ]
    }, {
      "vertices" : [ 26, 33, 30, 29, 27 ]
    }, {
      "vertices" : [ 3, 4, 5, 6 ]
    }, {
      "vertices" : [ 27, 29, 44, 46 ]
    }, {
      "vertices" : [ 50, 57, 56, 55, 58 ]
    }, {
      "vertices" : [ 26, 38, 51, 33 ]
    }, {
      "vertices" : [ 45, 47, 58 ]
    }, {
      "vertices" : [ 18, 28, 57, 50 ]
    }, {
      "vertices" : [ 40, 59, 56 ]
    }, {
      "vertices" : [ 31, 48, 37, 43 ]
    }, {
      "vertices" : [ 7, 8, 9, 10 ]
    }, {
      "vertices" : [ 36, 41, 42, 43 ]
    }, {
      "vertices" : [ 24, 46, 47, 45 ]
    }, {
      "vertices" : [ 4, 30, 5 ]
    }, {
      "vertices" : [ 15, 47, 46, 44, 16 ]
    }, {
      "vertices" : [ 15, 50, 58, 47 ]
    }, {
      "vertices" : [ 24, 45, 41, 36, 25 ]
    }, {
      "vertices" : [ 11, 14, 19 ]
    }, {
      "vertices" : [ 3, 6, 39 ]
    }, {
      "vertices" : [ 1, 39, 6, 2 ]
    }, {
      "vertices" : [ 8, 32, 9 ]
    }, {
      "vertices" : [ 11, 12, 13, 14 ]
    }, {
      "vertices" : [ 16, 22, 17 ]
    }, {
      "vertices" : [ 0, 21, 20, 8, 7 ]
    }, {
      "vertices" : [ 12, 34, 13 ]
    }, {
      "vertices" : [ 35, 40, 56, 57 ]
    }, {
      "vertices" : [ 0, 7, 54, 1 ]
    }, {
      "vertices" : [ 15, 16, 17, 18 ]
    }, {
      "vertices" : [ 3, 19, 22, 23, 4 ]
    }, {
      "vertices" : [ 7, 10, 54 ]
    }, {
      "vertices" : [ 41, 45, 58, 55 ]
    }, {
      "vertices" : [ 3, 39, 11, 19 ]
    }, {
      "vertices" : [ 14, 17, 22, 19 ]
    }, {
      "vertices" : [ 0, 2, 53, 21 ]
    }, {
      "vertices" : [ 49, 51, 52, 53 ]
    }, {
      "vertices" : [ 31, 43, 42, 59, 32 ]
    }, {
      "vertices" : [ 15, 18, 50 ]
    }, {
      "vertices" : [ 42, 55, 56, 59 ]
    }, {
      "vertices" : [ 4, 23, 29, 30 ]
    }, {
      "vertices" : [ 25, 38, 26 ]
    }, {
      "vertices" : [ 13, 28, 18, 17, 14 ]
    }, {
      "vertices" : [ 8, 20, 31, 32 ]
    }, {
      "vertices" : [ 23, 44, 29 ]
    }, {
      "vertices" : [ 24, 27, 46 ]
    }, {
      "vertices" : [ 37, 48, 52, 51, 38 ]
    }, {
      "vertices" : [ 20, 48, 31 ]
    }, {
      "vertices" : [ 24, 25, 26, 27 ]
    }, {
      "vertices" : [ 16, 44, 23, 22 ]
    }, {
      "vertices" : [ 13, 34, 35, 28 ]
    }, {
      "vertices" : [ 10, 34, 12, 54 ]
    }, {
      "vertices" : [ 2, 6, 5, 49, 53 ]
    }, {
      "vertices" : [ 36, 43, 37 ]
    }, {
      "vertices" : [ 5, 30, 33, 49 ]
    }, {
      "vertices" : [ 1, 54, 12, 11, 39 ]
    }, {
      "vertices" : [ 28, 35, 57 ]
    }, {
      "vertices" : [ 21, 53, 52 ]
    } ]
  }, {
    "id" : "c25cd78d-3ecb-4e69-abed-1dda4664d23c",
    "vertices" : [ {
      "x" : 0.0,
      "y" : 0.0,
      "z" : 0.0
    }, {
      "x" : 1.8913866,
      "y" : -3.0603278,
      "z" : -8.519442
    }, {
      "x" : -1.1024884,
      "y" : 1.7838637,
      "z" : -9.007008
    } ],
    "faces" : [ {
      "vertices" : [ 0, 1, 2 ]
    }, {
      "vertices" : [ 0, 2, 1 ]
    } ]
  }, {
    "id" : "08309ef1-37ee-43ce-9f8d-b22d9846d54f",
    "orbit" : "0",
    "orbitC" : "[[-56,21,12,-20,26,-2,31],[-15,25,32,-12,28,-26,31]]",
    "length" : "[1,2,0,0,0,0,1]",
    "name" : " :1 +2*phi",
    "vertices" : [ {
      "x" : 3.9903815,
      "y" : 23.598892,
      "z" : 7.493863
    }, {
      "x" : 4.3903813,
      "y" : 23.498892,
      "z" : 7.393863
    }, {
      "x" : 0.38136798,
      "y" : 0.464688,
      "z" : 0.30460802
    }, {
      "x" : -0.018632013,
      "y" : 0.564688,
      "z" : 0.404608
    }, {
      "x" : 4.523715,
      "y" : 23.265558,
      "z" : 7.6938634
    }, {
      "x" : 4.123715,
      "y" : 23.365559,
      "z" : 7.7938633
    }, {
      "x" : -0.15196535,
      "y" : 0.7980213,
      "z" : 0.10460801
    }, {
      "x" : 0.24803466,
      "y" : 0.69802135,
      "z" : 0.0046080076
    } ],
    "faces" : [ {
      "vertices" : [ 2, 3, 6, 7 ]
    }, {
      "vertices" : [ 0, 5, 4, 1 ]
    }, {
      "vertices" : [ 2, 4, 5, 3 ]
    }, {
      "vertices" : [ 0, 6, 3, 5 ]
    }, {
      "vertices" : [ 0, 1, 7, 6 ]
    }, {
      "vertices" : [ 1, 4, 2, 7 ]
    } ]
  }, {
    "id" : "c9f027a9-98ee-4a05-9903-a72d137a927d",
    "orbit" : "snubPentagon",
    "orbitC" : "[[-38,23,6,-4,20,-12,1],[23,-15,-4,2,-12,8,1]]",
    "length" : "[-24,-39,15,24,0,0,2]",
    "name" : " :-12 -39/2*phi +15/2*xi +12*phi*xi",
    "vertices" : [ {
      "x" : 0.5316648,
      "y" : 0.5512347,
      "z" : 1.8189675
    }, {
      "x" : 0.0,
      "y" : 0.690983,
      "z" : 0.809017
    }, {
      "x" : -0.08636919,
      "y" : 0.5512347,
      "z" : 1.8189675
    }, {
      "x" : 3.3693447,
      "y" : 4.760731,
      "z" : 24.001984
    }, {
      "x" : 3.0603278,
      "y" : 4.260731,
      "z" : 24.192966
    }, {
      "x" : 2.7513108,
      "y" : 4.760731,
      "z" : 24.001984
    }, {
      "x" : 3.146697,
      "y" : 4.40048,
      "z" : 23.183016
    }, {
      "x" : 3.146697,
      "y" : 4.7824454,
      "z" : 23.183016
    }, {
      "x" : 3.0603278,
      "y" : 4.9517145,
      "z" : 25.001984
    }, {
      "x" : 2.528663,
      "y" : 4.40048,
      "z" : 23.183016
    }, {
      "x" : 2.528663,
      "y" : 4.7824454,
      "z" : 23.183016
    }, {
      "x" : -0.08636919,
      "y" : 0.16926871,
      "z" : 1.8189675
    }, {
      "x" : 0.5316648,
      "y" : 0.16926871,
      "z" : 1.8189675
    }, {
      "x" : 0.309017,
      "y" : 0.19098301,
      "z" : 1.0
    }, {
      "x" : -0.309017,
      "y" : 0.19098301,
      "z" : 1.0
    } ],
    "faces" : [ {
      "vertices" : [ 2, 11, 9, 10 ]
    }, {
      "vertices" : [ 0, 1, 2 ]
    }, {
      "vertices" : [ 6, 9, 11, 12 ]
    }, {
      "vertices" : [ 3, 4, 6 ]
    }, {
      "vertices" : [ 0, 13, 1 ]
    }, {
      "vertices" : [ 3, 6, 7 ]
    }, {
      "vertices" : [ 1, 14, 2 ]
    }, {
      "vertices" : [ 11, 14, 13, 12 ]
    }, {
      "vertices" : [ 4, 5, 9 ]
    }, {
      "vertices" : [ 4, 9, 6 ]
    }, {
      "vertices" : [ 0, 2, 10, 7 ]
    }, {
      "vertices" : [ 5, 10, 9 ]
    }, {
      "vertices" : [ 0, 12, 13 ]
    }, {
      "vertices" : [ 3, 7, 10, 5 ]
    }, {
      "vertices" : [ 0, 7, 6, 12 ]
    }, {
      "vertices" : [ 2, 14, 11 ]
    } ]
  }, {
    "id" : "c0e4114e-18b9-46d0-b2cb-81441e52e05e",
    "vertices" : [ {
      "x" : 0.0,
      "y" : 0.0,
      "z" : 0.0
    }, {
      "x" : -4.162816,
      "y" : 6.735578,
      "z" : 4.7777386
    }, {
      "x" : -1.8913866,
      "y" : 3.0603278,
      "z" : 8.519442
    } ],
    "faces" : [ {
      "vertices" : [ 0, 1, 2 ]
    }, {
      "vertices" : [ 0, 2, 1 ]
    } ]
  }, {
    "id" : "0ff6c8cd-ae96-4d8f-8d3d-33c60446677b",
    "vertices" : [ {
      "x" : 0.0,
      "y" : 0.0,
      "z" : 0.0
    }, {
      "x" : 4.8441916,
      "y" : -7.8380666,
      "z" : 0.7888982
    }, {
      "x" : 4.162816,
      "y" : -6.735578,
      "z" : -4.7777386
    } ],
    "faces" : [ {
      "vertices" : [ 0, 1, 2 ]
    }, {
      "vertices" : [ 0, 2, 1 ]
    } ]
  }, {
    "id" : "beaf6eab-ccdd-401e-aaf2-1cf6fbefdec0",
    "orbit" : "snubPentagon",
    "orbitC" : "[[-38,23,6,-4,20,-12,1],[23,-15,-4,2,-12,8,1]]",
    "length" : "[72,117,0,0,-24,-39,2]",
    "name" : " :36 +117/2*phi -12*xi^2 -39/2*phi*xi^2",
    "vertices" : [ {
      "x" : 0.5316648,
      "y" : 0.5512347,
      "z" : 1.8189675
    }, {
      "x" : 0.0,
      "y" : 0.690983,
      "z" : 0.809017
    }, {
      "x" : -0.08636919,
      "y" : 0.5512347,
      "z" : 1.8189675
    }, {
      "x" : 3.195369,
      "y" : 4.479233,
      "z" : 22.580652
    }, {
      "x" : 2.886352,
      "y" : 3.9792325,
      "z" : 22.771635
    }, {
      "x" : 2.5773351,
      "y" : 4.479233,
      "z" : 22.580652
    }, {
      "x" : 2.972721,
      "y" : 4.118981,
      "z" : 21.761684
    }, {
      "x" : 2.972721,
      "y" : 4.500947,
      "z" : 21.761684
    }, {
      "x" : 2.886352,
      "y" : 4.6702156,
      "z" : 23.580652
    }, {
      "x" : 2.3546872,
      "y" : 4.118981,
      "z" : 21.761684
    }, {
      "x" : 2.3546872,
      "y" : 4.500947,
      "z" : 21.761684
    }, {
      "x" : -0.08636919,
      "y" : 0.16926871,
      "z" : 1.8189675
    }, {
      "x" : 0.5316648,
      "y" : 0.16926871,
      "z" : 1.8189675
    }, {
      "x" : 0.309017,
      "y" : 0.19098301,
      "z" : 1.0
    }, {
      "x" : -0.309017,
      "y" : 0.19098301,
      "z" : 1.0
    } ],
    "faces" : [ {
      "vertices" : [ 2, 11, 9, 10 ]
    }, {
      "vertices" : [ 0, 1, 2 ]
    }, {
      "vertices" : [ 6, 9, 11, 12 ]
    }, {
      "vertices" : [ 3, 4, 6 ]
    }, {
      "vertices" : [ 0, 13, 1 ]
    }, {
      "vertices" : [ 3, 6, 7 ]
    }, {
      "vertices" : [ 1, 14, 2 ]
    }, {
      "vertices" : [ 11, 14, 13, 12 ]
    }, {
      "vertices" : [ 4, 5, 9 ]
    }, {
      "vertices" : [ 4, 9, 6 ]
    }, {
      "vertices" : [ 0, 2, 10, 7 ]
    }, {
      "vertices" : [ 5, 10, 9 ]
    }, {
      "vertices" : [ 0, 12, 13 ]
    }, {
      "vertices" : [ 3, 7, 10, 5 ]
    }, {
      "vertices" : [ 0, 7, 6, 12 ]
    }, {
      "vertices" : [ 2, 14, 11 ]
    } ]
  }, {
    "id" : "98273cc9-0055-41f3-a1e5-2bdb0f2d0ac8",
    "vertices" : [ {
      "x" : 0.0,
      "y" : 0.0,
      "z" : 0.0
    }, {
      "x" : 1.1024884,
      "y" : -1.7838637,
      "z" : 9.007008
    }, {
      "x" : 3.6752503,
      "y" : -5.9466796,
      "z" : 6.0542026
    } ],
    "faces" : [ {
      "vertices" : [ 0, 1, 2 ]
    }, {
      "vertices" : [ 0, 2, 1 ]
    } ]
  }, {
    "id" : "b8359a35-c393-48c8-8ef0-6c0b1a30996e",
    "vertices" : [ {
      "x" : 0.0,
      "y" : 0.0,
      "z" : 0.0
    }, {
      "x" : -3.6752503,
      "y" : 5.9466796,
      "z" : -6.0542026
    }, {
      "x" : -4.8441916,
      "y" : 7.8380666,
      "z" : -0.7888982
    } ],
    "faces" : [ {
      "vertices" : [ 0, 1, 2 ]
    }, {
      "vertices" : [ 0, 2, 1 ]
    } ]
  }, {
    "id" : "6f59cb07-b337-48b8-8bc1-7dcf38630f89",
    "vertices" : [ {
      "x" : 0.0,
      "y" : 0.0,
      "z" : 0.0
    }, {
      "x" : 1.1689411,
      "y" : -1.8913866,
      "z" : -5.2653046
    }, {
      "x" : -1.1024884,
      "y" : 1.7838637,
      "z" : -9.007008
    }, {
      "x" : -3.6752503,
      "y" : 5.9466796,
      "z" : -6.0542026
    }, {
      "x" : -2.993875,
      "y" : 4.8441916,
      "z" : -0.4875659
    } ],
    "faces" : [ {
      "vertices" : [ 0, 1, 2, 3, 4 ]
    }, {
      "vertices" : [ 0, 4, 3, 2, 1 ]
    } ]
  }, {
    "id" : "57c799f0-068a-424d-843c-379d86e00a2e",
    "vertices" : [ {
      "x" : 0.0,
      "y" : 0.0,
      "z" : 0.0
    }, {
      "x" : 3.0603278,
      "y" : -4.9517145,
      "z" : 25.001984
    }, {
      "x" : 16.507013,
      "y" : -26.708908,
      "z" : 27.191835
    }, {
      "x" : 21.757193,
      "y" : -35.203876,
      "z" : 3.543256
    }, {
      "x" : 11.555298,
      "y" : -18.696865,
      "z" : -13.262222
    } ],
    "faces" : [ {
      "vertices" : [ 0, 1, 2, 3, 4 ]
    }, {
      "vertices" : [ 0, 4, 3, 2, 1 ]
    } ]
  }, {
    "id" : "3e869a0a-8cef-419b-b8d1-e7f601dca987",
    "vertices" : [ {
      "x" : 0.0,
      "y" : 0.0,
      "z" : 0.0
    }, {
      "x" : 13.446685,
      "y" : -21.757193,
      "z" : 2.1898527
    }, {
      "x" : 18.696865,
      "y" : -30.252163,
      "z" : -21.458727
    }, {
      "x" : 8.49497,
      "y" : -13.7451515,
      "z" : -38.264206
    }, {
      "x" : -3.0603278,
      "y" : 4.9517145,
      "z" : -25.001984
    } ],
    "faces" : [ {
      "vertices" : [ 0, 1, 2, 3, 4 ]
    }, {
      "vertices" : [ 0, 4, 3, 2, 1 ]
    } ]
  }, {
    "id" : "38e23032-fbe0-4b6e-a9d1-cff463e86bc0",
    "vertices" : [ {
      "x" : 0.0,
      "y" : 0.0,
      "z" : 0.0
    }, {
      "x" : 0.68137527,
      "y" : -1.1024884,
      "z" : 5.566637
    }, {
      "x" : 3.6752503,
      "y" : -5.9466796,
      "z" : 6.0542026
    }, {
      "x" : 4.8441916,
      "y" : -7.8380666,
      "z" : 0.7888982
    }, {
      "x" : 2.5727618,
      "y" : -4.162816,
      "z" : -2.9528048
    } ],
    "faces" : [ {
      "vertices" : [ 0, 1, 2, 3, 4 ]
    }, {
      "vertices" : [ 0, 4, 3, 2, 1 ]
    } ]
  }, {
    "id" : "beaf30ca-5554-43d0-9d86-2dbade1e0878",
    "vertices" : [ {
      "x" : 0.0,
      "y" : 0.0,
      "z" : 0.0
    }, {
      "x" : -2.5727618,
      "y" : 4.162816,
      "z" : 2.9528048
    }, {
      "x" : -1.8913866,
      "y" : 3.0603278,
      "z" : 8.519442
    }, {
      "x" : 1.1024884,
      "y" : -1.7838637,
      "z" : 9.007008
    }, {
      "x" : 2.2714295,
      "y" : -3.6752503,
      "z" : 3.741703
    } ],
    "faces" : [ {
      "vertices" : [ 0, 1, 2, 3, 4 ]
    }, {
      "vertices" : [ 0, 4, 3, 2, 1 ]
    } ]
  }, {
    "id" : "fdc5875f-e428-464d-af0e-aca3fb9daaa6",
    "vertices" : [ {
      "x" : 0.0,
      "y" : 0.0,
      "z" : 0.0
    }, {
      "x" : -10.201895,
      "y" : 16.507013,
      "z" : -16.80548
    }, {
      "x" : -21.757193,
      "y" : 35.203876,
      "z" : -3.543256
    }, {
      "x" : -18.696865,
      "y" : 30.252163,
      "z" : 21.458727
    }, {
      "x" : -5.2501807,
      "y" : 8.49497,
      "z" : 23.64858
    } ],
    "faces" : [ {
      "vertices" : [ 0, 1, 2, 3, 4 ]
    }, {
      "vertices" : [ 0, 4, 3, 2, 1 ]
    } ]
  } ],
  "instances" : [ {
    "shape" : "755a9b17-c2eb-490c-adbe-9c73dc63bc79",
    "color" : "#E5E57F",
    "position" : {
      "x" : -12.682258,
      "y" : -24.643545,
      "z" : 16.507013
    },
    "orientation" : 28
  }, {
    "shape" : "217a55ae-9c2c-4a46-9fb0-fbe1f96807b0",
    "color" : "#F2F2F2",
    "position" : {
      "x" : 2.886352,
      "y" : 18.696865,
      "z" : 26.128942
    }
  }, {
    "shape" : "c25cd78d-3ecb-4e69-abed-1dda4664d23c",
    "color" : "#FF0000",
    "position" : {
      "x" : 16.507013,
      "y" : 12.682258,
      "z" : 24.643545
    },
    "orientation" : 2
  }, {
    "shape" : "755a9b17-c2eb-490c-adbe-9c73dc63bc79",
    "color" : "#E5E57F",
    "position" : {
      "x" : -4.9517145,
      "y" : 31.379124,
      "z" : -5.6086187
    },
    "orientation" : 3
  }, {
    "shape" : "755a9b17-c2eb-490c-adbe-9c73dc63bc79",
    "color" : "#E5E57F",
    "position" : {
      "x" : -24.643545,
      "y" : 16.507013,
      "z" : -12.682258
    },
    "orientation" : 42
  }, {
    "shape" : "08309ef1-37ee-43ce-9f8d-b22d9846d54f",
    "color" : "#FFFFFF",
    "position" : {
      "x" : -24.643545,
      "y" : 16.507013,
      "z" : -12.682258
    },
    "orientation" : 4
  }, {
    "shape" : "c9f027a9-98ee-4a05-9903-a72d137a927d",
    "color" : "#BB3930",
    "position" : {
      "x" : -21.757193,
      "y" : -21.177229,
      "z" : -10.898395
    },
    "orientation" : 35
  }, {
    "shape" : "217a55ae-9c2c-4a46-9fb0-fbe1f96807b0",
    "color" : "#F2F2F2",
    "position" : {
      "x" : -31.379124,
      "y" : 5.6086187,
      "z" : -4.9517145
    }
  }, {
    "shape" : "c0e4114e-18b9-46d0-b2cb-81441e52e05e",
    "color" : "#FF0000",
    "position" : {
      "x" : 29.595259,
      "y" : -8.49497,
      "z" : 9.62193
    },
    "orientation" : 15
  }, {
    "shape" : "755a9b17-c2eb-490c-adbe-9c73dc63bc79",
    "color" : "#E5E57F",
    "position" : {
      "x" : -5.6086187,
      "y" : 4.9517145,
      "z" : -31.379124
    },
    "orientation" : 19
  }, {
    "shape" : "c9f027a9-98ee-4a05-9903-a72d137a927d",
    "color" : "#BB3930",
    "position" : {
      "x" : 18.696865,
      "y" : 26.128942,
      "z" : 2.886352
    },
    "orientation" : 24
  }, {
    "shape" : "0ff6c8cd-ae96-4d8f-8d3d-33c60446677b",
    "color" : "#FF0000",
    "position" : {
      "x" : -26.128942,
      "y" : -2.886352,
      "z" : 18.696865
    },
    "orientation" : 32
  }, {
    "shape" : "beaf6eab-ccdd-401e-aaf2-1cf6fbefdec0",
    "color" : "#BB3930",
    "position" : {
      "x" : -21.177229,
      "y" : 10.898395,
      "z" : 21.757193
    },
    "orientation" : 3
  }, {
    "shape" : "755a9b17-c2eb-490c-adbe-9c73dc63bc79",
    "color" : "#E5E57F",
    "position" : {
      "x" : -10.898395,
      "y" : 21.757193,
      "z" : 21.177229
    },
    "orientation" : 11
  }, {
    "shape" : "98273cc9-0055-41f3-a1e5-2bdb0f2d0ac8",
    "color" : "#FF0000",
    "position" : {
      "x" : 10.898395,
      "y" : -21.757193,
      "z" : 21.177229
    },
    "orientation" : 31
  }, {
    "shape" : "217a55ae-9c2c-4a46-9fb0-fbe1f96807b0",
    "color" : "#F2F2F2",
    "position" : {
      "x" : -18.696865,
      "y" : -26.128942,
      "z" : 2.886352
    }
  }, {
    "shape" : "beaf6eab-ccdd-401e-aaf2-1cf6fbefdec0",
    "color" : "#BB3930",
    "position" : {
      "x" : 26.128942,
      "y" : -2.886352,
      "z" : -18.696865
    },
    "orientation" : 7
  }, {
    "shape" : "c9f027a9-98ee-4a05-9903-a72d137a927d",
    "color" : "#BB3930",
    "position" : {
      "x" : -21.757193,
      "y" : 21.177229,
      "z" : 10.898395
    },
    "orientation" : 50
  }, {
    "shape" : "b8359a35-c393-48c8-8ef0-6c0b1a30996e",
    "color" : "#FF0000",
    "position" : {
      "x" : 5.6086187,
      "y" : -4.9517145,
      "z" : -31.379124
    },
    "orientation" : 17
  }, {
    "shape" : "755a9b17-c2eb-490c-adbe-9c73dc63bc79",
    "color" : "#E5E57F",
    "position" : {
      "x" : 9.62193,
      "y" : 29.595259,
      "z" : -8.49497
    },
    "orientation" : 17
  }, {
    "shape" : "217a55ae-9c2c-4a46-9fb0-fbe1f96807b0",
    "color" : "#F2F2F2",
    "position" : {
      "x" : 24.643545,
      "y" : 16.507013,
      "z" : 12.682258
    }
  }, {
    "shape" : "217a55ae-9c2c-4a46-9fb0-fbe1f96807b0",
    "color" : "#F2F2F2",
    "position" : {
      "x" : 12.682258,
      "y" : -24.643545,
      "z" : -16.507013
    }
  }, {
    "shape" : "c9f027a9-98ee-4a05-9903-a72d137a927d",
    "color" : "#BB3930",
    "position" : {
      "x" : 21.177229,
      "y" : -10.898395,
      "z" : 21.757193
    },
    "orientation" : 4
  }, {
    "shape" : "217a55ae-9c2c-4a46-9fb0-fbe1f96807b0",
    "color" : "#F2F2F2",
    "position" : {
      "x" : -26.128942,
      "y" : 2.886352,
      "z" : -18.696865
    }
  }, {
    "shape" : "755a9b17-c2eb-490c-adbe-9c73dc63bc79",
    "color" : "#E5E57F",
    "position" : {
      "x" : -18.696865,
      "y" : 26.128942,
      "z" : -2.886352
    },
    "orientation" : 53
  }, {
    "shape" : "6f59cb07-b337-48b8-8bc1-7dcf38630f89",
    "color" : "#FF0000",
    "position" : {
      "x" : 26.534931,
      "y" : -13.446685,
      "z" : -4.162816
    },
    "orientation" : 15
  }, {
    "shape" : "c0e4114e-18b9-46d0-b2cb-81441e52e05e",
    "color" : "#FF0000",
    "position" : {
      "x" : -8.49497,
      "y" : 9.62193,
      "z" : 29.595259
    },
    "orientation" : 32
  }, {
    "shape" : "98273cc9-0055-41f3-a1e5-2bdb0f2d0ac8",
    "color" : "#FF0000",
    "position" : {
      "x" : 21.177229,
      "y" : -10.898395,
      "z" : 21.757193
    },
    "orientation" : 2
  }, {
    "shape" : "217a55ae-9c2c-4a46-9fb0-fbe1f96807b0",
    "color" : "#F2F2F2",
    "position" : {
      "x" : -29.595259,
      "y" : -8.49497,
      "z" : -9.62193
    }
  }, {
    "shape" : "217a55ae-9c2c-4a46-9fb0-fbe1f96807b0",
    "color" : "#F2F2F2",
    "position" : {
      "x" : 2.886352,
      "y" : -18.696865,
      "z" : -26.128942
    }
  }, {
    "shape" : "c9f027a9-98ee-4a05-9903-a72d137a927d",
    "color" : "#BB3930",
    "position" : {
      "x" : 16.507013,
      "y" : -12.682258,
      "z" : -24.643545
    },
    "orientation" : 46
  }, {
    "shape" : "755a9b17-c2eb-490c-adbe-9c73dc63bc79",
    "color" : "#E5E57F",
    "position" : {
      "x" : 21.177229,
      "y" : -10.898395,
      "z" : 21.757193
    },
    "orientation" : 9
  }, {
    "shape" : "b8359a35-c393-48c8-8ef0-6c0b1a30996e",
    "color" : "#FF0000",
    "position" : {
      "x" : -5.6086187,
      "y" : -4.9517145,
      "z" : 31.379124
    },
    "orientation" : 32
  }, {
    "shape" : "08309ef1-37ee-43ce-9f8d-b22d9846d54f",
    "color" : "#FFFFFF",
    "position" : {
      "x" : 10.898395,
      "y" : 21.757193,
      "z" : -21.177229
    },
    "orientation" : 1
  }, {
    "shape" : "0ff6c8cd-ae96-4d8f-8d3d-33c60446677b",
    "color" : "#FF0000",
    "position" : {
      "x" : 26.128942,
      "y" : 2.886352,
      "z" : 18.696865
    },
    "orientation" : 2
  }, {
    "shape" : "beaf6eab-ccdd-401e-aaf2-1cf6fbefdec0",
    "color" : "#BB3930",
    "position" : {
      "x" : -4.9517145,
      "y" : 31.379124,
      "z" : -5.6086187
    },
    "orientation" : 39
  }, {
    "shape" : "c9f027a9-98ee-4a05-9903-a72d137a927d",
    "color" : "#BB3930",
    "position" : {
      "x" : -29.595259,
      "y" : -8.49497,
      "z" : -9.62193
    },
    "orientation" : 37
  }, {
    "shape" : "755a9b17-c2eb-490c-adbe-9c73dc63bc79",
    "color" : "#E5E57F",
    "position" : {
      "x" : -21.757193,
      "y" : 21.177229,
      "z" : 10.898395
    },
    "orientation" : 55
  }, {
    "shape" : "57c799f0-068a-424d-843c-379d86e00a2e",
    "color" : "#EC888B",
    "position" : {
      "x" : -9.62193,
      "y" : 29.595259,
      "z" : 8.49497
    },
    "orientation" : 45
  }, {
    "shape" : "755a9b17-c2eb-490c-adbe-9c73dc63bc79",
    "color" : "#E5E57F",
    "position" : {
      "x" : 16.507013,
      "y" : 12.682258,
      "z" : 24.643545
    },
    "orientation" : 44
  }, {
    "shape" : "755a9b17-c2eb-490c-adbe-9c73dc63bc79",
    "color" : "#E5E57F",
    "position" : {
      "x" : 29.595259,
      "y" : 8.49497,
      "z" : -9.62193
    },
    "orientation" : 46
  }, {
    "shape" : "217a55ae-9c2c-4a46-9fb0-fbe1f96807b0",
    "color" : "#F2F2F2",
    "position" : {
      "x" : 31.379124,
      "y" : -5.6086187,
      "z" : -4.9517145
    }
  }, {
    "shape" : "755a9b17-c2eb-490c-adbe-9c73dc63bc79",
    "color" : "#E5E57F",
    "position" : {
      "x" : 31.379124,
      "y" : 5.6086187,
      "z" : 4.9517145
    },
    "orientation" : 20
  }, {
    "shape" : "755a9b17-c2eb-490c-adbe-9c73dc63bc79",
    "color" : "#E5E57F",
    "position" : {
      "x" : 9.62193,
      "y" : -29.595259,
      "z" : 8.49497
    },
    "orientation" : 2
  }, {
    "shape" : "3e869a0a-8cef-419b-b8d1-e7f601dca987",
    "color" : "#EC888B",
    "position" : {
      "x" : 16.507013,
      "y" : -12.682258,
      "z" : -24.643545
    },
    "orientation" : 16
  }, {
    "shape" : "217a55ae-9c2c-4a46-9fb0-fbe1f96807b0",
    "color" : "#F2F2F2",
    "position" : {
      "x" : 8.49497,
      "y" : 9.62193,
      "z" : -29.595259
    }
  }, {
    "shape" : "08309ef1-37ee-43ce-9f8d-b22d9846d54f",
    "color" : "#FFFFFF",
    "position" : {
      "x" : -2.886352,
      "y" : -18.696865,
      "z" : 26.128942
    },
    "orientation" : 21
  }, {
    "shape" : "c25cd78d-3ecb-4e69-abed-1dda4664d23c",
    "color" : "#FF0000",
    "position" : {
      "x" : 24.643545,
      "y" : -16.507013,
      "z" : -12.682258
    },
    "orientation" : 15
  }, {
    "shape" : "57c799f0-068a-424d-843c-379d86e00a2e",
    "color" : "#EC888B",
    "position" : {
      "x" : -9.62193,
      "y" : -29.595259,
      "z" : -8.49497
    },
    "orientation" : 30
  }, {
    "shape" : "08309ef1-37ee-43ce-9f8d-b22d9846d54f",
    "color" : "#FFFFFF",
    "position" : {
      "x" : 4.9517145,
      "y" : -31.379124,
      "z" : -5.6086187
    },
    "orientation" : 29
  }, {
    "shape" : "beaf6eab-ccdd-401e-aaf2-1cf6fbefdec0",
    "color" : "#BB3930",
    "position" : {
      "x" : 5.6086187,
      "y" : -4.9517145,
      "z" : -31.379124
    },
    "orientation" : 40
  }, {
    "shape" : "08309ef1-37ee-43ce-9f8d-b22d9846d54f",
    "color" : "#FFFFFF",
    "position" : {
      "x" : -18.696865,
      "y" : 26.128942,
      "z" : -2.886352
    },
    "orientation" : 38
  }, {
    "shape" : "beaf6eab-ccdd-401e-aaf2-1cf6fbefdec0",
    "color" : "#BB3930",
    "position" : {
      "x" : 9.62193,
      "y" : -29.595259,
      "z" : 8.49497
    },
    "orientation" : 59
  }, {
    "shape" : "beaf6eab-ccdd-401e-aaf2-1cf6fbefdec0",
    "color" : "#BB3930",
    "position" : {
      "x" : -16.507013,
      "y" : -12.682258,
      "z" : 24.643545
    },
    "orientation" : 47
  }, {
    "shape" : "98273cc9-0055-41f3-a1e5-2bdb0f2d0ac8",
    "color" : "#FF0000",
    "position" : {
      "x" : 21.177229,
      "y" : 10.898395,
      "z" : -21.757193
    },
    "orientation" : 17
  }, {
    "shape" : "0ff6c8cd-ae96-4d8f-8d3d-33c60446677b",
    "color" : "#FF0000",
    "position" : {
      "x" : 2.886352,
      "y" : 18.696865,
      "z" : 26.128942
    },
    "orientation" : 1
  }, {
    "shape" : "755a9b17-c2eb-490c-adbe-9c73dc63bc79",
    "color" : "#E5E57F",
    "position" : {
      "x" : -16.507013,
      "y" : -12.682258,
      "z" : 24.643545
    },
    "orientation" : 14
  }, {
    "shape" : "beaf6eab-ccdd-401e-aaf2-1cf6fbefdec0",
    "color" : "#BB3930",
    "position" : {
      "x" : -29.595259,
      "y" : -8.49497,
      "z" : -9.62193
    },
    "orientation" : 13
  }, {
    "shape" : "beaf6eab-ccdd-401e-aaf2-1cf6fbefdec0",
    "color" : "#BB3930",
    "position" : {
      "x" : -2.886352,
      "y" : -18.696865,
      "z" : 26.128942
    },
    "orientation" : 6
  }, {
    "shape" : "755a9b17-c2eb-490c-adbe-9c73dc63bc79",
    "color" : "#E5E57F",
    "position" : {
      "x" : 12.682258,
      "y" : 24.643545,
      "z" : 16.507013
    },
    "orientation" : 58
  }, {
