{
  "polygons" : "true",
  "field" : "golden",
  "symmetry" : "icosahedral",
  "orientations" : [ [ 1.0, 0.0, 0.0, 0.0, 0.0, 1.0, 0.0, 0.0, 0.0, 0.0, 1.0, 0.0, 0.0, 0.0, 0.0, 1.0 ], [ 0.0, 0.0, 1.0, 0.0, 1.0, 0.0, 0.0, 0.0, 0.0, 1.0, 0.0, 0.0, 0.0, 0.0, 0.0, 1.0 ], [ 0.0, 1.0, 0.0, 0.0, 0.0, 0.0, 1.0, 0.0, 1.0, 0.0, 0.0, 0.0, 0.0, 0.0, 0.0, 1.0 ], [ 0.809017, 0.309017, 0.5, 0.0, 0.309017, 0.5, -0.809017, 0.0, -0.5, 0.809017, 0.309017, 0.0, 0.0, 0.0, 0.0, 1.0 ], [ -0.5, 0.809017, 0.309017, 0.0, 0.809017, 0.309017, 0.5, 0.0, 0.309017, 0.5, -0.809017, 0.0, 0.0, 0.0, 0.0, 1.0 ], [ 0.309017, 0.5, -0.809017, 0.0, -0.5, 0.809017, 0.309017, 0.0, 0.809017, 0.309017, 0.5, 0.0, 0.0, 0.0, 0.0, 1.0 ], [ 0.5, 0.809017, 0.309017, 0.0, 0.809017, -0.309017, -0.5, 0.0, -0.309017, 0.5, -0.809017, 0.0, 0.0, 0.0, 0.0, 1.0 ], [ -0.309017, 0.5, -0.809017, 0.0, 0.5, 0.809017, 0.309017, 0.0, 0.809017, -0.309017, -0.5, 0.0, 0.0, 0.0, 0.0, 1.0 ], [ 0.809017, -0.309017, -0.5, 0.0, -0.309017, 0.5, -0.809017, 0.0, 0.5, 0.809017, 0.309017, 0.0, 0.0, 0.0, 0.0, 1.0 ], [ 0.5, 0.809017, -0.309017, 0.0, 0.809017, -0.309017, 0.5, 0.0, 0.309017, -0.5, -0.809017, 0.0, 0.0, 0.0, 0.0, 1.0 ], [ 0.309017, -0.5, -0.809017, 0.0, 0.5, 0.809017, -0.309017, 0.0, 0.809017, -0.309017, 0.5, 0.0, 0.0, 0.0, 0.0, 1.0 ], [ 0.809017, -0.309017, 0.5, 0.0, 0.309017, -0.5, -0.809017, 0.0, 0.5, 0.809017, -0.309017, 0.0, 0.0, 0.0, 0.0, 1.0 ], [ 0.809017, 0.309017, -0.5, 0.0, 0.309017, 0.5, 0.809017, 0.0, 0.5, -0.809017, 0.309017, 0.0, 0.0, 0.0, 0.0, 1.0 ], [ 0.5, -0.809017, 0.309017, 0.0, 0.809017, 0.309017, -0.5, 0.0, 0.309017, 0.5, 0.809017, 0.0, 0.0, 0.0, 0.0, 1.0 ], [ 0.309017, 0.5, 0.809017, 0.0, 0.5, -0.809017, 0.309017, 0.0, 0.809017, 0.309017, -0.5, 0.0, 0.0, 0.0, 0.0, 1.0 ], [ 1.0, 0.0, 0.0, 0.0, 0.0, -1.0, 0.0, 0.0, 0.0, 0.0, -1.0, 0.0, 0.0, 0.0, 0.0, 1.0 ], [ 0.0, 0.0, 1.0, 0.0, -1.0, 0.0, 0.0, 0.0, 0.0, -1.0, 0.0, 0.0, 0.0, 0.0, 0.0, 1.0 ], [ 0.0, 1.0, 0.0, 0.0, 0.0, 0.0, -1.0, 0.0, -1.0, 0.0, 0.0, 0.0, 0.0, 0.0, 0.0, 1.0 ], [ 0.809017, 0.309017, 0.5, 0.0, -0.309017, -0.5, 0.809017, 0.0, 0.5, -0.809017, -0.309017, 0.0, 0.0, 0.0, 0.0, 1.0 ], [ -0.5, 0.809017, 0.309017, 0.0, -0.809017, -0.309017, -0.5, 0.0, -0.309017, -0.5, 0.809017, 0.0, 0.0, 0.0, 0.0, 1.0 ], [ 0.309017, 0.5, -0.809017, 0.0, 0.5, -0.809017, -0.309017, 0.0, -0.809017, -0.309017, -0.5, 0.0, 0.0, 0.0, 0.0, 1.0 ], [ 0.5, 0.809017, 0.309017, 0.0, -0.809017, 0.309017, 0.5, 0.0, 0.309017, -0.5, 0.809017, 0.0, 0.0, 0.0, 0.0, 1.0 ], [ -0.309017, 0.5, -0.809017, 0.0, -0.5, -0.809017, -0.309017, 0.0, -0.809017, 0.309017, 0.5, 0.0, 0.0, 0.0, 0.0, 1.0 ], [ 0.809017, -0.309017, -0.5, 0.0, 0.309017, -0.5, 0.809017, 0.0, -0.5, -0.809017, -0.309017, 0.0, 0.0, 0.0, 0.0, 1.0 ], [ 0.5, 0.809017, -0.309017, 0.0, -0.809017, 0.309017, -0.5, 0.0, -0.309017, 0.5, 0.809017, 0.0, 0.0, 0.0, 0.0, 1.0 ], [ 0.309017, -0.5, -0.809017, 0.0, -0.5, -0.809017, 0.309017, 0.0, -0.809017, 0.309017, -0.5, 0.0, 0.0, 0.0, 0.0, 1.0 ], [ 0.809017, -0.309017, 0.5, 0.0, -0.309017, 0.5, 0.809017, 0.0, -0.5, -0.809017, 0.309017, 0.0, 0.0, 0.0, 0.0, 1.0 ], [ 0.809017, 0.309017, -0.5, 0.0, -0.309017, -0.5, -0.809017, 0.0, -0.5, 0.809017, -0.309017, 0.0, 0.0, 0.0, 0.0, 1.0 ], [ 0.5, -0.809017, 0.309017, 0.0, -0.809017, -0.309017, 0.5, 0.0, -0.309017, -0.5, -0.809017, 0.0, 0.0, 0.0, 0.0, 1.0 ], [ 0.309017, 0.5, 0.809017, 0.0, -0.5, 0.809017, -0.309017, 0.0, -0.809017, -0.309017, 0.5, 0.0, 0.0, 0.0, 0.0, 1.0 ], [ -1.0, 0.0, 0.0, 0.0, 0.0, -1.0, 0.0, 0.0, 0.0, 0.0, 1.0, 0.0, 0.0, 0.0, 0.0, 1.0 ], [ 0.0, 0.0, -1.0, 0.0, -1.0, 0.0, 0.0, 0.0, 0.0, 1.0, 0.0, 0.0, 0.0, 0.0, 0.0, 1.0 ], [ 0.0, -1.0, 0.0, 0.0, 0.0, 0.0, -1.0, 0.0, 1.0, 0.0, 0.0, 0.0, 0.0, 0.0, 0.0, 1.0 ], [ -0.809017, -0.309017, -0.5, 0.0, -0.309017, -0.5, 0.809017, 0.0, -0.5, 0.809017, 0.309017, 0.0, 0.0, 0.0, 0.0, 1.0 ], [ 0.5, -0.809017, -0.309017, 0.0, -0.809017, -0.309017, -0.5, 0.0, 0.309017, 0.5, -0.809017, 0.0, 0.0, 0.0, 0.0, 1.0 ], [ -0.309017, -0.5, 0.809017, 0.0, 0.5, -0.809017, -0.309017, 0.0, 0.809017, 0.309017, 0.5, 0.0, 0.0, 0.0, 0.0, 1.0 ], [ -0.5, -0.809017, -0.309017, 0.0, -0.809017, 0.309017, 0.5, 0.0, -0.309017, 0.5, -0.809017, 0.0, 0.0, 0.0, 0.0, 1.0 ], [ 0.309017, -0.5, 0.809017, 0.0, -0.5, -0.809017, -0.309017, 0.0, 0.809017, -0.309017, -0.5, 0.0, 0.0, 0.0, 0.0, 1.0 ], [ -0.809017, 0.309017, 0.5, 0.0, 0.309017, -0.5, 0.809017, 0.0, 0.5, 0.809017, 0.309017, 0.0, 0.0, 0.0, 0.0, 1.0 ], [ -0.5, -0.809017, 0.309017, 0.0, -0.809017, 0.309017, -0.5, 0.0, 0.309017, -0.5, -0.809017, 0.0, 0.0, 0.0, 0.0, 1.0 ], [ -0.309017, 0.5, 0.809017, 0.0, -0.5, -0.809017, 0.309017, 0.0, 0.809017, -0.309017, 0.5, 0.0, 0.0, 0.0, 0.0, 1.0 ], [ -0.809017, 0.309017, -0.5, 0.0, -0.309017, 0.5, 0.809017, 0.0, 0.5, 0.809017, -0.309017, 0.0, 0.0, 0.0, 0.0, 1.0 ], [ -0.809017, -0.309017, 0.5, 0.0, -0.309017, -0.5, -0.809017, 0.0, 0.5, -0.809017, 0.309017, 0.0, 0.0, 0.0, 0.0, 1.0 ], [ -0.5, 0.809017, -0.309017, 0.0, -0.809017, -0.309017, 0.5, 0.0, 0.309017, 0.5, 0.809017, 0.0, 0.0, 0.0, 0.0, 1.0 ], [ -0.309017, -0.5, -0.809017, 0.0, -0.5, 0.809017, -0.309017, 0.0, 0.809017, 0.309017, -0.5, 0.0, 0.0, 0.0, 0.0, 1.0 ], [ -1.0, 0.0, 0.0, 0.0, 0.0, 1.0, 0.0, 0.0, 0.0, 0.0, -1.0, 0.0, 0.0, 0.0, 0.0, 1.0 ], [ 0.0, 0.0, -1.0, 0.0, 1.0, 0.0, 0.0, 0.0, 0.0, -1.0, 0.0, 0.0, 0.0, 0.0, 0.0, 1.0 ], [ 0.0, -1.0, 0.0, 0.0, 0.0, 0.0, 1.0, 0.0, -1.0, 0.0, 0.0, 0.0, 0.0, 0.0, 0.0, 1.0 ], [ -0.809017, -0.309017, -0.5, 0.0, 0.309017, 0.5, -0.809017, 0.0, 0.5, -0.809017, -0.309017, 0.0, 0.0, 0.0, 0.0, 1.0 ], [ 0.5, -0.809017, -0.309017, 0.0, 0.809017, 0.309017, 0.5, 0.0, -0.309017, -0.5, 0.809017, 0.0, 0.0, 0.0, 0.0, 1.0 ], [ -0.309017, -0.5, 0.809017, 0.0, -0.5, 0.809017, 0.309017, 0.0, -0.809017, -0.309017, -0.5, 0.0, 0.0, 0.0, 0.0, 1.0 ], [ -0.5, -0.809017, -0.309017, 0.0, 0.809017, -0.309017, -0.5, 0.0, 0.309017, -0.5, 0.809017, 0.0, 0.0, 0.0, 0.0, 1.0 ], [ 0.309017, -0.5, 0.809017, 0.0, 0.5, 0.809017, 0.309017, 0.0, -0.809017, 0.309017, 0.5, 0.0, 0.0, 0.0, 0.0, 1.0 ], [ -0.809017, 0.309017, 0.5, 0.0, -0.309017, 0.5, -0.809017, 0.0, -0.5, -0.809017, -0.309017, 0.0, 0.0, 0.0, 0.0, 1.0 ], [ -0.5, -0.809017, 0.309017, 0.0, 0.809017, -0.309017, 0.5, 0.0, -0.309017, 0.5, 0.809017, 0.0, 0.0, 0.0, 0.0, 1.0 ], [ -0.309017, 0.5, 0.809017, 0.0, 0.5, 0.809017, -0.309017, 0.0, -0.809017, 0.309017, -0.5, 0.0, 0.0, 0.0, 0.0, 1.0 ], [ -0.809017, 0.309017, -0.5, 0.0, 0.309017, -0.5, -0.809017, 0.0, -0.5, -0.809017, 0.309017, 0.0, 0.0, 0.0, 0.0, 1.0 ], [ -0.809017, -0.309017, 0.5, 0.0, 0.309017, 0.5, 0.809017, 0.0, -0.5, 0.809017, -0.309017, 0.0, 0.0, 0.0, 0.0, 1.0 ], [ -0.5, 0.809017, -0.309017, 0.0, 0.809017, 0.309017, -0.5, 0.0, -0.309017, -0.5, -0.809017, 0.0, 0.0, 0.0, 0.0, 1.0 ], [ -0.309017, -0.5, -0.809017, 0.0, 0.5, -0.809017, 0.309017, 0.0, -0.809017, -0.309017, 0.5, 0.0, 0.0, 0.0, 0.0, 1.0 ] ],
  "lights" : {
    "directionalLights" : [ {
      "direction" : [ 1.0, -1.0, -1.0 ],
      "color" : "#EBEBE4"
    }, {
      "direction" : [ -1.0, 0.0, 0.0 ],
      "color" : "#E4E4EB"
    }, {
      "direction" : [ 0.0, 0.0, -1.0 ],
      "color" : "#1E1E1E"
    } ],
    "backgroundColor" : "#AFC8DC",
    "ambientColor" : "#292929"
  },
  "camera" : {
    "width" : 117.9631,
    "position" : {
      "x" : 0.0,
      "y" : 222.98976,
      "z" : 137.81525
    },
    "lookDirectionRV" : {
      "x" : 0.0,
      "y" : -0.8506508,
      "z" : -0.5257311,
      "zero" : false
    },
    "lookAtPointRV" : {
      "x" : 0.0,
      "y" : 0.0,
      "z" : 0.0,
      "zero" : true
    },
    "viewDistance" : 262.1402,
    "upDirectionRV" : {
      "x" : 0.0,
      "y" : 0.5257311,
      "z" : -0.8506508,
      "zero" : false
    },
    "fieldOfView" : 0.4426289,
    "perspective" : true,
    "nearClipDistance" : 0.65535045,
    "lookAtPoint" : {
      "x" : 0.0,
      "y" : 0.0,
      "z" : 0.0
    },
    "lookDirection" : {
      "x" : 0.0,
      "y" : -0.8506508,
      "z" : -0.5257311
    },
    "upDirection" : {
      "x" : 0.0,
      "y" : 0.5257311,
      "z" : -0.8506508
    },
    "farClipDistance" : 524.2802,
    "stereo" : false
  },
  "embedding" : [ 1.0, 0.0, 0.0, 0.0, 0.0, 1.0, 0.0, 0.0, 0.0, 0.0, 1.0, 0.0, 0.0, 0.0, 0.0, 1.0 ],
  "shapes" : [ {
    "id" : "c58cd9c4-7d46-401c-8849-a36fa3ff3a13",
    "name" : "ball",
    "vertices" : [ {
      "x" : 0.309017,
      "y" : -0.809017,
      "z" : 0.618034
    }, {
      "x" : 0.809017,
      "y" : -0.618034,
      "z" : 0.309017
    }, {
      "x" : 0.618034,
      "y" : -0.309017,
      "z" : 0.809017
    }, {
      "x" : 1.0,
      "y" : 0.309017,
      "z" : 0.19098301
    }, {
      "x" : 0.809017,
      "y" : 0.618034,
      "z" : 0.309017
    }, {
      "x" : 0.618034,
      "y" : 0.309017,
      "z" : 0.809017
    }, {
      "x" : 0.809017,
      "y" : 0.0,
      "z" : 0.690983
    }, {
      "x" : 0.19098301,
      "y" : -1.0,
      "z" : 0.309017
    }, {
      "x" : -0.19098301,
      "y" : -1.0,
      "z" : 0.309017
    }, {
      "x" : -0.19098301,
      "y" : -1.0,
      "z" : -0.309017
    }, {
      "x" : 0.19098301,
      "y" : -1.0,
      "z" : -0.309017
    }, {
      "x" : 1.0,
      "y" : -0.309017,
      "z" : -0.19098301
    }, {
      "x" : 0.809017,
      "y" : -0.618034,
      "z" : -0.309017
    }, {
      "x" : 0.618034,
      "y" : -0.309017,
      "z" : -0.809017
    }, {
      "x" : 0.809017,
      "y" : 0.0,
      "z" : -0.690983
    }, {
      "x" : 0.0,
      "y" : 0.690983,
      "z" : -0.809017
    }, {
      "x" : 0.309017,
      "y" : 0.809017,
      "z" : -0.618034
    }, {
      "x" : 0.618034,
      "y" : 0.309017,
      "z" : -0.809017
    }, {
      "x" : 0.309017,
      "y" : 0.19098301,
      "z" : -1.0
    }, {
      "x" : 1.0,
      "y" : 0.309017,
      "z" : -0.19098301
    }, {
      "x" : -0.309017,
      "y" : -0.809017,
      "z" : 0.618034
    }, {
      "x" : 0.0,
      "y" : -0.690983,
      "z" : 0.809017
    }, {
      "x" : 0.809017,
      "y" : 0.618034,
      "z" : -0.309017
    }, {
      "x" : 0.690983,
      "y" : 0.809017,
      "z" : 0.0
    }, {
      "x" : -0.690983,
      "y" : 0.809017,
      "z" : 0.0
    }, {
      "x" : -0.809017,
      "y" : 0.618034,
      "z" : 0.309017
    }, {
      "x" : -0.309017,
      "y" : 0.809017,
      "z" : 0.618034
    }, {
      "x" : -0.19098301,
      "y" : 1.0,
      "z" : 0.309017
    }, {
      "x" : 0.309017,
      "y" : -0.19098301,
      "z" : -1.0
    }, {
      "x" : 0.19098301,
      "y" : 1.0,
      "z" : 0.309017
    }, {
      "x" : 0.309017,
      "y" : 0.809017,
      "z" : 0.618034
    }, {
      "x" : -0.809017,
      "y" : -0.618034,
      "z" : 0.309017
    }, {
      "x" : -0.690983,
      "y" : -0.809017,
      "z" : 0.0
    }, {
      "x" : 0.0,
      "y" : 0.690983,
      "z" : 0.809017
    }, {
      "x" : 0.309017,
      "y" : -0.809017,
      "z" : -0.618034
    }, {
      "x" : 0.0,
      "y" : -0.690983,
      "z" : -0.809017
    }, {
      "x" : -1.0,
      "y" : 0.309017,
      "z" : 0.19098301
    }, {
      "x" : -0.809017,
      "y" : 0.0,
      "z" : 0.690983
    }, {
      "x" : -0.618034,
      "y" : 0.309017,
      "z" : 0.809017
    }, {
      "x" : 1.0,
      "y" : -0.309017,
      "z" : 0.19098301
    }, {
      "x" : -0.309017,
      "y" : -0.809017,
      "z" : -0.618034
    }, {
      "x" : -1.0,
      "y" : 0.309017,
      "z" : -0.19098301
    }, {
      "x" : -1.0,
      "y" : -0.309017,
      "z" : -0.19098301
    }, {
      "x" : -1.0,
      "y" : -0.309017,
      "z" : 0.19098301
    }, {
      "x" : 0.19098301,
      "y" : 1.0,
      "z" : -0.309017
    }, {
      "x" : -0.809017,
      "y" : 0.618034,
      "z" : -0.309017
    }, {
      "x" : -0.19098301,
      "y" : 1.0,
      "z" : -0.309017
    }, {
      "x" : -0.309017,
      "y" : 0.809017,
      "z" : -0.618034
    }, {
      "x" : -0.618034,
      "y" : -0.309017,
      "z" : 0.809017
    }, {
      "x" : 0.309017,
      "y" : 0.19098301,
      "z" : 1.0
    }, {
      "x" : -0.309017,
      "y" : 0.19098301,
      "z" : -1.0
    }, {
      "x" : -0.309017,
      "y" : 0.19098301,
      "z" : 1.0
    }, {
      "x" : -0.309017,
      "y" : -0.19098301,
      "z" : 1.0
    }, {
      "x" : 0.309017,
      "y" : -0.19098301,
      "z" : 1.0
    }, {
      "x" : 0.690983,
      "y" : -0.809017,
      "z" : 0.0
    }, {
      "x" : -0.809017,
      "y" : 0.0,
      "z" : -0.690983
    }, {
      "x" : -0.618034,
      "y" : -0.309017,
      "z" : -0.809017
    }, {
      "x" : -0.309017,
      "y" : -0.19098301,
      "z" : -1.0
    }, {
      "x" : -0.618034,
      "y" : 0.309017,
      "z" : -0.809017
    }, {
      "x" : -0.809017,
      "y" : -0.618034,
      "z" : -0.309017
    } ],
    "faces" : [ {
      "vertices" : [ 9, 40, 35, 34, 10 ]
    }, {
      "vertices" : [ 0, 1, 2 ]
    }, {
      "vertices" : [ 33, 51, 49 ]
    }, {
      "vertices" : [ 25, 36, 37, 38 ]
    }, {
      "vertices" : [ 41, 55, 42 ]
    }, {
      "vertices" : [ 9, 32, 59, 40 ]
    }, {
      "vertices" : [ 20, 21, 52, 48 ]
    }, {
      "vertices" : [ 26, 33, 30, 29, 27 ]
    }, {
      "vertices" : [ 3, 4, 5, 6 ]
    }, {
      "vertices" : [ 27, 29, 44, 46 ]
    }, {
      "vertices" : [ 50, 57, 56, 55, 58 ]
    }, {
      "vertices" : [ 26, 38, 51, 33 ]
    }, {
      "vertices" : [ 45, 47, 58 ]
    }, {
      "vertices" : [ 18, 28, 57, 50 ]
    }, {
      "vertices" : [ 40, 59, 56 ]
    }, {
      "vertices" : [ 31, 48, 37, 43 ]
    }, {
      "vertices" : [ 7, 8, 9, 10 ]
    }, {
      "vertices" : [ 36, 41, 42, 43 ]
    }, {
      "vertices" : [ 24, 46, 47, 45 ]
    }, {
      "vertices" : [ 4, 30, 5 ]
    }, {
      "vertices" : [ 15, 47, 46, 44, 16 ]
    }, {
      "vertices" : [ 15, 50, 58, 47 ]
    }, {
      "vertices" : [ 24, 45, 41, 36, 25 ]
    }, {
      "vertices" : [ 11, 14, 19 ]
    }, {
      "vertices" : [ 3, 6, 39 ]
    }, {
      "vertices" : [ 1, 39, 6, 2 ]
    }, {
      "vertices" : [ 8, 32, 9 ]
    }, {
      "vertices" : [ 11, 12, 13, 14 ]
    }, {
      "vertices" : [ 16, 22, 17 ]
    }, {
      "vertices" : [ 0, 21, 20, 8, 7 ]
    }, {
      "vertices" : [ 12, 34, 13 ]
    }, {
      "vertices" : [ 35, 40, 56, 57 ]
    }, {
      "vertices" : [ 0, 7, 54, 1 ]
    }, {
      "vertices" : [ 15, 16, 17, 18 ]
    }, {
      "vertices" : [ 3, 19, 22, 23, 4 ]
    }, {
      "vertices" : [ 7, 10, 54 ]
    }, {
      "vertices" : [ 41, 45, 58, 55 ]
    }, {
      "vertices" : [ 3, 39, 11, 19 ]
    }, {
      "vertices" : [ 14, 17, 22, 19 ]
    }, {
      "vertices" : [ 0, 2, 53, 21 ]
    }, {
      "vertices" : [ 49, 51, 52, 53 ]
    }, {
      "vertices" : [ 31, 43, 42, 59, 32 ]
    }, {
      "vertices" : [ 15, 18, 50 ]
    }, {
      "vertices" : [ 42, 55, 56, 59 ]
    }, {
      "vertices" : [ 4, 23, 29, 30 ]
    }, {
      "vertices" : [ 25, 38, 26 ]
    }, {
      "vertices" : [ 13, 28, 18, 17, 14 ]
    }, {
      "vertices" : [ 8, 20, 31, 32 ]
    }, {
      "vertices" : [ 23, 44, 29 ]
    }, {
      "vertices" : [ 24, 27, 46 ]
    }, {
      "vertices" : [ 37, 48, 52, 51, 38 ]
    }, {
      "vertices" : [ 20, 48, 31 ]
    }, {
      "vertices" : [ 24, 25, 26, 27 ]
    }, {
      "vertices" : [ 16, 44, 23, 22 ]
    }, {
      "vertices" : [ 13, 34, 35, 28 ]
    }, {
      "vertices" : [ 10, 34, 12, 54 ]
    }, {
      "vertices" : [ 2, 6, 5, 49, 53 ]
    }, {
      "vertices" : [ 36, 43, 37 ]
    }, {
      "vertices" : [ 5, 30, 33, 49 ]
    }, {
      "vertices" : [ 1, 54, 12, 11, 39 ]
    }, {
      "vertices" : [ 28, 35, 57 ]
    }, {
      "vertices" : [ 21, 53, 52 ]
    } ]
  }, {
    "id" : "1b466b15-b091-403c-896f-3b0d328845ea",
    "orbit" : "green",
    "orbitC" : "[[2,-1,1],[5,-3,1]]",
    "length" : "[\"0\",\"1\",\"1\"]",
    "name" : "g2",
    "vertices" : [ {
      "x" : 16.230747,
      "y" : 6.0086102,
      "z" : -2.486068
    }, {
      "x" : 17.253288,
      "y" : 6.045085,
      "z" : -2.618034
    }, {
      "x" : 16.230747,
      "y" : 6.0086102,
      "z" : -2.104102
    }, {
      "x" : 16.039762,
      "y" : 6.3176274,
      "z" : -2.604102
    }, {
      "x" : 16.039762,
      "y" : 6.3176274,
      "z" : -2.222136
    }, {
      "x" : 0.809017,
      "y" : 0.618034,
      "z" : 0.309017
    }, {
      "x" : 1.0,
      "y" : 0.309017,
      "z" : 0.19098301
    }, {
      "x" : 1.9045085,
      "y" : 0.5364745,
      "z" : -0.013932022
    }, {
      "x" : 16.944271,
      "y" : 6.545085,
      "z" : -2.809017
    }, {
      "x" : 17.135256,
      "y" : 6.236068,
      "z" : -2.927051
    }, {
      "x" : 17.135256,
      "y" : 6.236068,
      "z" : -2.309017
    }, {
      "x" : 16.944271,
      "y" : 6.545085,
      "z" : -2.427051
    }, {
      "x" : 1.7135255,
      "y" : 0.8454915,
      "z" : -0.13196601
    }, {
      "x" : 0.690983,
      "y" : 0.809017,
      "z" : 0.0
    }, {
      "x" : 1.9045085,
      "y" : 0.5364745,
      "z" : -0.39589804
    }, {
      "x" : 1.7135255,
      "y" : 0.8454915,
      "z" : -0.51393205
    }, {
      "x" : 0.809017,
      "y" : 0.618034,
      "z" : -0.309017
    }, {
      "x" : 1.0,
      "y" : 0.309017,
      "z" : -0.19098301
    }, {
      "x" : 17.944271,
      "y" : 6.854102,
      "z" : -2.618034
    } ],
    "faces" : [ {
      "vertices" : [ 0, 14, 15, 3 ]
    }, {
      "vertices" : [ 3, 15, 12, 4 ]
    }, {
      "vertices" : [ 0, 1, 2 ]
    }, {
      "vertices" : [ 12, 15, 13 ]
    }, {
      "vertices" : [ 0, 9, 1 ]
    }, {
      "vertices" : [ 0, 3, 9 ]
    }, {
      "vertices" : [ 13, 15, 16 ]
    }, {
      "vertices" : [ 6, 17, 14, 7 ]
    }, {
      "vertices" : [ 1, 10, 2 ]
    }, {
      "vertices" : [ 5, 6, 7 ]
    }, {
      "vertices" : [ 3, 8, 9 ]
    }, {
      "vertices" : [ 0, 2, 7, 14 ]
    }, {
      "vertices" : [ 5, 7, 12 ]
    }, {
      "vertices" : [ 2, 4, 12, 7 ]
    }, {
      "vertices" : [ 3, 4, 11, 8 ]
    }, {
      "vertices" : [ 2, 10, 11, 4 ]
    }, {
      "vertices" : [ 5, 12, 13 ]
    }, {
      "vertices" : [ 14, 17, 16, 15 ]
    } ]
  }, {
    "id" : "f2fb13d2-ab84-45c6-8981-518fb42e21a0",
    "orbit" : "green",
    "orbitC" : "[[2,-1,1],[5,-3,1]]",
    "length" : "[\"-1\",\"1\",\"1\"]",
    "name" : "g0",
    "vertices" : [ {
      "x" : 5.1405764,
      "y" : 1.7725425,
      "z" : -0.868034
    }, {
      "x" : 6.163119,
      "y" : 1.809017,
      "z" : -1.0
    }, {
      "x" : 5.1405764,
      "y" : 1.7725425,
      "z" : -0.48606798
    }, {
      "x" : 4.9495935,
      "y" : 2.0815594,
      "z" : -0.98606795
    }, {
      "x" : 4.9495935,
      "y" : 2.0815594,
      "z" : -0.60410196
    }, {
      "x" : 0.809017,
      "y" : 0.618034,
      "z" : 0.309017
    }, {
      "x" : 1.0,
      "y" : 0.309017,
      "z" : 0.19098301
    }, {
      "x" : 1.9045085,
      "y" : 0.5364745,
      "z" : -0.013932022
    }, {
      "x" : 5.854102,
      "y" : 2.309017,
      "z" : -1.190983
    }, {
      "x" : 6.045085,
      "y" : 2.0,
      "z" : -1.309017
    }, {
      "x" : 6.045085,
      "y" : 2.0,
      "z" : -0.690983
    }, {
      "x" : 5.854102,
      "y" : 2.309017,
      "z" : -0.809017
    }, {
      "x" : 1.7135255,
      "y" : 0.8454915,
      "z" : -0.13196601
    }, {
      "x" : 0.690983,
      "y" : 0.809017,
      "z" : 0.0
    }, {
      "x" : 1.9045085,
      "y" : 0.5364745,
      "z" : -0.39589804
    }, {
      "x" : 1.7135255,
      "y" : 0.8454915,
      "z" : -0.51393205
    }, {
      "x" : 0.809017,
      "y" : 0.618034,
      "z" : -0.309017
    }, {
      "x" : 1.0,
      "y" : 0.309017,
      "z" : -0.19098301
    }, {
      "x" : 6.854102,
      "y" : 2.618034,
      "z" : -1.0
    } ],
    "faces" : [ {
      "vertices" : [ 0, 14, 15, 3 ]
    }, {
      "vertices" : [ 3, 15, 12, 4 ]
    }, {
      "vertices" : [ 0, 1, 2 ]
    }, {
      "vertices" : [ 12, 15, 13 ]
    }, {
      "vertices" : [ 0, 9, 1 ]
    }, {
      "vertices" : [ 0, 3, 9 ]
    }, {
      "vertices" : [ 13, 15, 16 ]
    }, {
      "vertices" : [ 6, 17, 14, 7 ]
    }, {
      "vertices" : [ 1, 10, 2 ]
    }, {
      "vertices" : [ 5, 6, 7 ]
    }, {
      "vertices" : [ 3, 8, 9 ]
    }, {
      "vertices" : [ 0, 2, 7, 14 ]
    }, {
      "vertices" : [ 5, 7, 12 ]
    }, {
      "vertices" : [ 2, 4, 12, 7 ]
    }, {
      "vertices" : [ 3, 4, 11, 8 ]
    }, {
      "vertices" : [ 2, 10, 11, 4 ]
    }, {
      "vertices" : [ 5, 12, 13 ]
    }, {
      "vertices" : [ 14, 17, 16, 15 ]
    } ]
  }, {
    "id" : "1ce6830c-e4cd-4db2-b48c-ed0c824d9933",
    "vertices" : [ {
      "x" : 0.0,
      "y" : 0.0,
      "z" : 0.0
    }, {
      "x" : -9.472136,
      "y" : -3.618034,
      "z" : -24.798374
    }, {
      "x" : -5.854102,
      "y" : 21.18034,
      "z" : -15.326238
    } ],
    "faces" : [ {
      "vertices" : [ 0, 1, 2 ]
    }, {
      "vertices" : [ 0, 2, 1 ]
    } ]
  }, {
    "id" : "078780e2-b7bd-430e-8157-80d825acb31e",
    "vertices" : [ {
      "x" : 0.0,
      "y" : 0.0,
      "z" : 0.0
    }, {
      "x" : 3.618034,
      "y" : 24.798374,
      "z" : 9.472136
    }, {
      "x" : 9.472136,
      "y" : 3.618034,
      "z" : 24.798374
    } ],
    "faces" : [ {
      "vertices" : [ 0, 1, 2 ]
    }, {
      "vertices" : [ 0, 2, 1 ]
    } ]
  }, {
    "id" : "b6afd544-6213-462d-a5d3-96f43db95ded",
    "vertices" : [ {
      "x" : 0.0,
      "y" : 0.0,
      "z" : 0.0
    }, {
      "x" : 5.854102,
      "y" : -21.18034,
      "z" : 15.326238
    }, {
      "x" : -3.618034,
      "y" : -24.798374,
      "z" : -9.472136
    } ],
    "faces" : [ {
      "vertices" : [ 0, 1, 2 ]
    }, {
      "vertices" : [ 0, 2, 1 ]
    } ]
  } ],
  "instances" : [ {
    "shape" : "c58cd9c4-7d46-401c-8849-a36fa3ff3a13",
    "color" : "#F2F2F2",
    "position" : {
      "x" : -20.562305,
      "y" : -19.562305,
      "z" : 9.472136
    }
  }, {
    "shape" : "1b466b15-b091-403c-896f-3b0d328845ea",
    "color" : "#00993F",
    "position" : {
      "x" : 29.034441,
      "y" : 5.854102,
      "z" : -4.236068
    },
    "orientation" : 32
  }, {
    "shape" : "f2fb13d2-ab84-45c6-8981-518fb42e21a0",
    "color" : "#00993F",
    "position" : {
      "x" : 13.708204,
      "y" : -22.18034,
      "z" : -8.472136
    },
    "orientation" : 0
  }, {
    "shape" : "1b466b15-b091-403c-896f-3b0d328845ea",
    "color" : "#00993F",
    "position" : {
      "x" : 15.326238,
      "y" : 11.09017,
      "z" : -23.18034
    },
    "orientation" : 33
  }, {
    "shape" : "c58cd9c4-7d46-401c-8849-a36fa3ff3a13",
    "color" : "#F2F2F2",
    "position" : {
      "x" : -8.472136,
      "y" : -13.708204,
      "z" : 22.18034
    }
  }, {
    "shape" : "f2fb13d2-ab84-45c6-8981-518fb42e21a0",
    "color" : "#00993F",
    "position" : {
      "x" : 8.472136,
      "y" : -13.708204,
      "z" : 22.18034
    },
    "orientation" : 39
  }, {
    "shape" : "f2fb13d2-ab84-45c6-8981-518fb42e21a0",
    "color" : "#00993F",
    "position" : {
      "x" : -13.708204,
      "y" : -22.18034,
      "z" : -8.472136
    },
    "orientation" : 29
  }, {
    "shape" : "1b466b15-b091-403c-896f-3b0d328845ea",
    "color" : "#00993F",
    "position" : {
      "x" : -9.472136,
      "y" : 20.562305,
      "z" : -19.562305
    },
    "orientation" : 27
  }, {
    "shape" : "f2fb13d2-ab84-45c6-8981-518fb42e21a0",
    "color" : "#00993F",
    "position" : {
      "x" : 13.708204,
      "y" : 22.18034,
      "z" : 8.472136
    },
    "orientation" : 51
  }, {
    "shape" : "f2fb13d2-ab84-45c6-8981-518fb42e21a0",
    "color" : "#00993F",
    "position" : {
      "x" : -27.416409,
      "y" : 0.0,
      "z" : 0.0
    },
    "orientation" : 19
  }, {
    "shape" : "1b466b15-b091-403c-896f-3b0d328845ea",
    "color" : "#00993F",
    "position" : {
      "x" : -23.798374,
      "y" : -2.618034,
      "z" : -17.944271
    },
    "orientation" : 24
  }, {
    "shape" : "c58cd9c4-7d46-401c-8849-a36fa3ff3a13",
    "color" : "#F2F2F2",
    "position" : {
      "x" : -4.236068,
      "y" : -29.034441,
      "z" : -5.854102
    }
  }, {
    "shape" : "c58cd9c4-7d46-401c-8849-a36fa3ff3a13",
    "color" : "#F2F2F2",
    "position" : {
      "x" : 23.798374,
      "y" : 2.618034,
      "z" : -17.944271
    }
  }, {
    "shape" : "1b466b15-b091-403c-896f-3b0d328845ea",
    "color" : "#00993F",
    "position" : {
      "x" : 4.236068,
      "y" : 29.034441,
      "z" : -5.854102
    },
    "orientation" : 30
  }, {
    "shape" : "c58cd9c4-7d46-401c-8849-a36fa3ff3a13",
    "color" : "#F2F2F2",
    "position" : {
      "x" : -5.854102,
      "y" : -4.236068,
      "z" : -29.034441
    }
  }, {
    "shape" : "1b466b15-b091-403c-896f-3b0d328845ea",
    "color" : "#00993F",
    "position" : {
      "x" : 11.09017,
      "y" : -23.18034,
      "z" : 15.326238
    },
    "orientation" : 50
  }, {
    "shape" : "c58cd9c4-7d46-401c-8849-a36fa3ff3a13",
    "color" : "#F2F2F2",
    "position" : {
      "x" : 8.472136,
      "y" : 13.708204,
      "z" : -22.18034
    }
  }, {
    "shape" : "c58cd9c4-7d46-401c-8849-a36fa3ff3a13",
    "color" : "#F2F2F2",
    "position" : {
      "x" : 27.416409,
      "y" : 0.0,
      "z" : 0.0
    }
  }, {
    "shape" : "f2fb13d2-ab84-45c6-8981-518fb42e21a0",
    "color" : "#00993F",
    "position" : {
      "x" : -8.472136,
      "y" : 13.708204,
      "z" : -22.18034
    },
    "orientation" : 1
  }, {
    "shape" : "c58cd9c4-7d46-401c-8849-a36fa3ff3a13",
    "color" : "#F2F2F2",
    "position" : {
      "x" : -13.708204,
      "y" : 22.18034,
      "z" : 8.472136
    }
  }, {
    "shape" : "1b466b15-b091-403c-896f-3b0d328845ea",
    "color" : "#00993F",
    "position" : {
      "x" : 23.798374,
      "y" : 2.618034,
      "z" : -17.944271
    },
    "orientation" : 54
  }, {
    "shape" : "1b466b15-b091-403c-896f-3b0d328845ea",
    "color" : "#00993F",
    "position" : {
      "x" : 23.798374,
      "y" : -2.618034,
      "z" : 17.944271
    },
    "orientation" : 39
  }, {
    "shape" : "c58cd9c4-7d46-401c-8849-a36fa3ff3a13",
    "color" : "#F2F2F2",
    "position" : {
      "x" : -13.708204,
      "y" : -22.18034,
      "z" : -8.472136
    }
  }, {
    "shape" : "f2fb13d2-ab84-45c6-8981-518fb42e21a0",
    "color" : "#00993F",
    "position" : {
      "x" : -13.708204,
      "y" : 22.18034,
      "z" : -8.472136
    },
    "orientation" : 30
  }, {
    "shape" : "1b466b15-b091-403c-896f-3b0d328845ea",
    "color" : "#00993F",
    "position" : {
      "x" : -27.416409,
      "y" : 8.472136,
      "z" : -8.472136
    },
    "orientation" : 6
  }, {
    "shape" : "c58cd9c4-7d46-401c-8849-a36fa3ff3a13",
    "color" : "#F2F2F2",
    "position" : {
      "x" : -22.18034,
      "y" : -8.472136,
      "z" : -13.708204
    }
  }, {
    "shape" : "c58cd9c4-7d46-401c-8849-a36fa3ff3a13",
    "color" : "#F2F2F2",
    "position" : {
      "x" : 0.0,
      "y" : 0.0,
      "z" : -27.416409
    }
  }, {
    "shape" : "c58cd9c4-7d46-401c-8849-a36fa3ff3a13",
    "color" : "#F2F2F2",
    "position" : {
      "x" : -17.944271,
      "y" : -23.798374,
      "z" : -2.618034
    }
  }, {
    "shape" : "c58cd9c4-7d46-401c-8849-a36fa3ff3a13",
    "color" : "#F2F2F2",
    "position" : {
      "x" : 2.618034,
      "y" : 17.944271,
      "z" : -23.798374
    }
  }, {
    "shape" : "c58cd9c4-7d46-401c-8849-a36fa3ff3a13",
    "color" : "#F2F2F2",
    "position" : {
      "x" : 20.562305,
      "y" : -19.562305,
      "z" : -9.472136
    }
  }, {
    "shape" : "1b466b15-b091-403c-896f-3b0d328845ea",
    "color" : "#00993F",
    "position" : {
      "x" : -20.562305,
      "y" : 19.562305,
      "z" : -9.472136
    },
    "orientation" : 14
  }, {
    "shape" : "1b466b15-b091-403c-896f-3b0d328845ea",
    "color" : "#00993F",
    "position" : {
      "x" : -19.562305,
      "y" : 9.472136,
      "z" : -20.562305
    },
    "orientation" : 43
  }, {
    "shape" : "1b466b15-b091-403c-896f-3b0d328845ea",
    "color" : "#00993F",
    "position" : {
      "x" : 11.09017,
      "y" : 23.18034,
      "z" : -15.326238
    },
    "orientation" : 35
  }, {
    "shape" : "1b466b15-b091-403c-896f-3b0d328845ea",
    "color" : "#00993F",
    "position" : {
      "x" : -29.034441,
      "y" : -5.854102,
      "z" : -4.236068
    },
    "orientation" : 2
  }, {
    "shape" : "f2fb13d2-ab84-45c6-8981-518fb42e21a0",
    "color" : "#00993F",
    "position" : {
      "x" : 27.416409,
      "y" : 0.0,
      "z" : 0.0
    },
    "orientation" : 34
  }, {
    "shape" : "1b466b15-b091-403c-896f-3b0d328845ea",
    "color" : "#00993F",
    "position" : {
      "x" : 15.326238,
      "y" : -11.09017,
      "z" : 23.18034
    },
    "orientation" : 48
  }, {
    "shape" : "c58cd9c4-7d46-401c-8849-a36fa3ff3a13",
    "color" : "#F2F2F2",
    "position" : {
      "x" : 8.472136,
      "y" : -13.708204,
      "z" : -22.18034
    }
  }, {
    "shape" : "f2fb13d2-ab84-45c6-8981-518fb42e21a0",
    "color" : "#00993F",
    "position" : {
      "x" : 22.18034,
      "y" : -8.472136,
      "z" : 13.708204
    },
    "orientation" : 10
  }, {
    "shape" : "c58cd9c4-7d46-401c-8849-a36fa3ff3a13",
    "color" : "#F2F2F2",
    "position" : {
      "x" : -23.18034,
      "y" : 15.326238,
      "z" : 11.09017
    }
  }, {
    "shape" : "1b466b15-b091-403c-896f-3b0d328845ea",
    "color" : "#00993F",
    "position" : {
      "x" : 17.944271,
      "y" : 23.798374,
      "z" : -2.618034
    },
    "orientation" : 25
  }, {
    "shape" : "1b466b15-b091-403c-896f-3b0d328845ea",
    "color" : "#00993F",
    "position" : {
      "x" : -11.09017,
      "y" : 23.18034,
      "z" : 15.326238
    },
    "orientation" : 20
  }, {
    "shape" : "c58cd9c4-7d46-401c-8849-a36fa3ff3a13",
    "color" : "#F2F2F2",
    "position" : {
      "x" : 22.18034,
      "y" : 8.472136,
      "z" : 13.708204
    }
  }, {
    "shape" : "1ce6830c-e4cd-4db2-b48c-ed0c824d9933",
    "color" : "#FFD98C",
    "position" : {
      "x" : 23.18034,
      "y" : -15.326238,
      "z" : 11.09017
    },
    "orientation" : 8
  }, {
    "shape" : "c58cd9c4-7d46-401c-8849-a36fa3ff3a13",
    "color" : "#F2F2F2",
    "position" : {
      "x" : -22.18034,
      "y" : 8.472136,
      "z" : 13.708204
    }
  }, {
    "shape" : "f2fb13d2-ab84-45c6-8981-518fb42e21a0",
    "color" : "#00993F",
    "position" : {
      "x" : -13.708204,
      "y" : 22.18034,
      "z" : 8.472136
    },
    "orientation" : 56
  }, {
    "shape" : "c58cd9c4-7d46-401c-8849-a36fa3ff3a13",
    "color" : "#F2F2F2",
    "position" : {
      "x" : 29.034441,
      "y" : 5.854102,
      "z" : -4.236068
    }
  }, {
    "shape" : "1b466b15-b091-403c-896f-3b0d328845ea",
    "color" : "#00993F",
    "position" : {
      "x" : -23.18034,
      "y" : 15.326238,
      "z" : 11.09017
    },
    "orientation" : 19
  }, {
    "shape" : "1b466b15-b091-403c-896f-3b0d328845ea",
    "color" : "#00993F",
    "position" : {
      "x" : 27.416409,
      "y" : 8.472136,
      "z" : 8.472136
    },
    "orientation" : 51
  }, {
    "shape" : "f2fb13d2-ab84-45c6-8981-518fb42e21a0",
    "color" : "#00993F",
    "position" : {
      "x" : -22.18034,
      "y" : 8.472136,
      "z" : -13.708204
    },
    "orientation" : 38
  }, {
    "shape" : "1b466b15-b091-403c-896f-3b0d328845ea",
    "color" : "#00993F",
    "position" : {
      "x" : 27.416409,
      "y" : -8.472136,
      "z" : -8.472136
    },
    "orientation" : 36
  }, {
    "shape" : "c58cd9c4-7d46-401c-8849-a36fa3ff3a13",
    "color" : "#F2F2F2",
    "position" : {
      "x" : 11.09017,
      "y" : -23.18034,
      "z" : 15.326238
    }
  }, {
    "shape" : "1b466b15-b091-403c-896f-3b0d328845ea",
    "color" : "#00993F",
    "position" : {
      "x" : 17.944271,
      "y" : -23.798374,
      "z" : 2.618034
    },
    "orientation" : 10
  }, {
    "shape" : "c58cd9c4-7d46-401c-8849-a36fa3ff3a13",
    "color" : "#F2F2F2",
    "position" : {
      "x" : 4.236068,
      "y" : 29.034441,
      "z" : -5.854102
    }
  }, {
    "shape" : "f2fb13d2-ab84-45c6-8981-518fb42e21a0",
    "color" : "#00993F",
    "position" : {
      "x" : 27.416409,
      "y" : 0.0,
      "z" : 0.0
    },
    "orientation" : 49
  }, {
    "shape" : "1ce6830c-e4cd-4db2-b48c-ed0c824d9933",
    "color" : "#FFD98C",
    "position" : {
      "x" : -15.326238,
      "y" : -11.09017,
      "z" : -23.18034
    },
    "orientation" : 22
  }, {
    "shape" : "c58cd9c4-7d46-401c-8849-a36fa3ff3a13",
    "color" : "#F2F2F2",
    "position" : {
      "x" : 8.472136,
      "y" : 13.708204,
      "z" : 22.18034
    }
  }, {
    "shape" : "1b466b15-b091-403c-896f-3b0d328845ea",
    "color" : "#00993F",
    "position" : {
      "x" : 5.854102,
      "y" : 4.236068,
      "z" : -29.034441
    },
    "orientation" : 31
  }, {
    "shape" : "f2fb13d2-ab84-45c6-8981-518fb42e21a0",
    "color" : "#00993F",
    "position" : {
      "x" : 8.472136,
      "y" : -13.708204,
      "z" : -22.18034
    },
    "orientation" : 31
  }, {
    "shape" : "c58cd9c4-7d46-401c-8849-a36fa3ff3a13",
    "color" : "#F2F2F2",
    "position" : {
      "x" : 22.18034,
      "y" : -8.472136,
      "z" : -13.708204
    }
  }, {
    "shape" : "c58cd9c4-7d46-401c-8849-a36fa3ff3a13",
    "color" : "#F2F2F2",
    "position" : {
      "x" : -2.618034,
      "y" : 17.944271,
      "z" : 23.798374
    }
  }, {
    "shape" : "c58cd9c4-7d46-401c-8849-a36fa3ff3a13",
    "color" : "#F2F2F2",
    "position" : {
      "x" : -9.472136,
      "y" : -20.562305,
      "z" : 19.562305
    }
  }, {
    "shape" : "c58cd9c4-7d46-401c-8849-a36fa3ff3a13",
    "color" : "#F2F2F2",
    "position" : {
      "x" : -13.708204,
      "y" : -22.18034,
      "z" : 8.472136
    }
  }, {
    "shape" : "c58cd9c4-7d46-401c-8849-a36fa3ff3a13",
    "color" : "#F2F2F2",
    "position" : {
      "x" : -2.618034,
      "y" : -17.944271,
      "z" : -23.798374
    }
  }, {
    "shape" : "1b466b15-b091-403c-896f-3b0d328845ea",
    "color" : "#00993F",
    "position" : {
      "x" : -8.472136,
      "y" : -8.472136,
      "z" : 27.416409
    },
    "orientation" : 53
  }, {
    "shape" : "1b466b15-b091-403c-896f-3b0d328845ea",
    "color" : "#00993F",
    "position" : {
      "x" : -5.854102,
      "y" : -4.236068,
      "z" : -29.034441
    },
    "orientation" : 1
  }, {
    "shape" : "f2fb13d2-ab84-45c6-8981-518fb42e21a0",
    "color" : "#00993F",
    "position" : {
      "x" : -22.18034,
      "y" : -8.472136,
      "z" : -13.708204
    },
    "orientation" : 55
  }, {
    "shape" : "f2fb13d2-ab84-45c6-8981-518fb42e21a0",
    "color" : "#00993F",
    "position" : {
      "x" : 13.708204,
      "y" : -22.18034,
      "z" : 8.472136
    },
    "orientation" : 26
  }, {
    "shape" : "078780e2-b7bd-430e-8157-80d825acb31e",
    "color" : "#FFD98C",
    "position" : {
      "x" : -20.562305,
      "y" : -19.562305,
      "z" : 9.472136
    },
    "orientation" : 16
  }, {
    "shape" : "f2fb13d2-ab84-45c6-8981-518fb42e21a0",
    "color" : "#00993F",
    "position" : {
      "x" : -8.472136,
      "y" : -13.708204,
      "z" : 22.18034
    },
    "orientation" : 7
  }, {
    "shape" : "1b466b15-b091-403c-896f-3b0d328845ea",
    "color" : "#00993F",
    "position" : {
      "x" : -2.618034,
      "y" : -17.944271,
      "z" : -23.798374
    },
    "orientation" : 41
  }, {
    "shape" : "c58cd9c4-7d46-401c-8849-a36fa3ff3a13",
    "color" : "#F2F2F2",
    "position" : {
      "x" : 8.472136,
      "y" : -13.708204,
      "z" : 22.18034
    }
  }, {
    "shape" : "c58cd9c4-7d46-401c-8849-a36fa3ff3a13",
    "color" : "#F2F2F2",
    "position" : {
      "x" : -17.944271,
      "y" : 23.798374,
      "z" : 2.618034
    }
  }, {
    "shape" : "f2fb13d2-ab84-45c6-8981-518fb42e21a0",
    "color" : "#00993F",
    "position" : {
      "x" : 22.18034,
      "y" : 8.472136,
      "z" : -13.708204
    },
    "orientation" : 25
  }, {
    "shape" : "f2fb13d2-ab84-45c6-8981-518fb42e21a0",
    "color" : "#00993F",
    "position" : {
      "x" : -22.18034,
      "y" : -8.472136,
      "z" : 13.708204
    },
    "orientation" : 53
  }, {
    "shape" : "c58cd9c4-7d46-401c-8849-a36fa3ff3a13",
    "color" : "#F2F2F2",
    "position" : {
      "x" : -19.562305,
      "y" : -9.472136,
      "z" : 20.562305
    }
  }, {
    "shape" : "c58cd9c4-7d46-401c-8849-a36fa3ff3a13",
    "color" : "#F2F2F2",
    "position" : {
      "x" : -8.472136,
      "y" : -27.416409,
      "z" : 8.472136
    }
  }, {
    "shape" : "1b466b15-b091-403c-896f-3b0d328845ea",
    "color" : "#00993F",
    "position" : {
      "x" : 23.18034,
      "y" : -15.326238,
      "z" : 11.09017
    },
    "orientation" : 49
  }, {
    "shape" : "c58cd9c4-7d46-401c-8849-a36fa3ff3a13",
    "color" : "#F2F2F2",
    "position" : {
      "x" : -8.472136,
      "y" : 13.708204,
      "z" : 22.18034
    }
  }, {
    "shape" : "f2fb13d2-ab84-45c6-8981-518fb42e21a0",
    "color" : "#00993F",
    "position" : {
      "x" : 8.472136,
      "y" : -13.708204,
      "z" : -22.18034
    },
    "orientation" : 52
  }, {
    "shape" : "c58cd9c4-7d46-401c-8849-a36fa3ff3a13",
    "color" : "#F2F2F2",
    "position" : {
      "x" : 11.09017,
      "y" : 23.18034,
      "z" : -15.326238
    }
  }, {
    "shape" : "c58cd9c4-7d46-401c-8849-a36fa3ff3a13",
    "color" : "#F2F2F2",
    "position" : {
      "x" : -29.034441,
      "y" : 5.854102,
      "z" : 4.236068
    }
  }, {
    "shape" : "c58cd9c4-7d46-401c-8849-a36fa3ff3a13",
    "color" : "#F2F2F2",
    "position" : {
      "x" : 23.18034,
      "y" : -15.326238,
      "z" : 11.09017
    }
  }, {
    "shape" : "c58cd9c4-7d46-401c-8849-a36fa3ff3a13",
    "color" : "#F2F2F2",
    "position" : {
      "x" : -8.472136,
      "y" : 8.472136,
      "z" : -27.416409
    }
  }, {
    "shape" : "1ce6830c-e4cd-4db2-b48c-ed0c824d9933",
    "color" : "#FFD98C",
    "position" : {
      "x" : -29.034441,
      "y" : 5.854102,
      "z" : 4.236068
    },
    "orientation" : 30
  }, {
    "shape" : "c58cd9c4-7d46-401c-8849-a36fa3ff3a13",
    "color" : "#F2F2F2",
    "position" : {
      "x" : -22.18034,
      "y" : 8.472136,
      "z" : -13.708204
    }
  }, {
    "shape" : "c58cd9c4-7d46-401c-8849-a36fa3ff3a13",
    "color" : "#F2F2F2",
    "position" : {
      "x" : -23.798374,
      "y" : 2.618034,
      "z" : 17.944271
    }
  }, {
    "shape" : "c58cd9c4-7d46-401c-8849-a36fa3ff3a13",
    "color" : "#F2F2F2",
    "position" : {
      "x" : -15.326238,
      "y" : 11.09017,
      "z" : 23.18034
    }
  }, {
    "shape" : "1b466b15-b091-403c-896f-3b0d328845ea",
    "color" : "#00993F",
    "position" : {
      "x" : 19.562305,
      "y" : -9.472136,
      "z" : -20.562305
    },
    "orientation" : 13
  }, {
    "shape" : "f2fb13d2-ab84-45c6-8981-518fb42e21a0",
    "color" : "#00993F",
    "position" : {
