{
  "polygons" : "true",
  "field" : "golden",
  "symmetry" : "icosahedral",
  "orientations" : [ [ 1.0, 0.0, 0.0, 0.0, 0.0, 1.0, 0.0, 0.0, 0.0, 0.0, 1.0, 0.0, 0.0, 0.0, 0.0, 1.0 ], [ 0.0, 0.0, 1.0, 0.0, 1.0, 0.0, 0.0, 0.0, 0.0, 1.0, 0.0, 0.0, 0.0, 0.0, 0.0, 1.0 ], [ 0.0, 1.0, 0.0, 0.0, 0.0, 0.0, 1.0, 0.0, 1.0, 0.0, 0.0, 0.0, 0.0, 0.0, 0.0, 1.0 ], [ 0.809017, 0.309017, 0.5, 0.0, 0.309017, 0.5, -0.809017, 0.0, -0.5, 0.809017, 0.309017, 0.0, 0.0, 0.0, 0.0, 1.0 ], [ -0.5, 0.809017, 0.309017, 0.0, 0.809017, 0.309017, 0.5, 0.0, 0.309017, 0.5, -0.809017, 0.0, 0.0, 0.0, 0.0, 1.0 ], [ 0.309017, 0.5, -0.809017, 0.0, -0.5, 0.809017, 0.309017, 0.0, 0.809017, 0.309017, 0.5, 0.0, 0.0, 0.0, 0.0, 1.0 ], [ 0.5, 0.809017, 0.309017, 0.0, 0.809017, -0.309017, -0.5, 0.0, -0.309017, 0.5, -0.809017, 0.0, 0.0, 0.0, 0.0, 1.0 ], [ -0.309017, 0.5, -0.809017, 0.0, 0.5, 0.809017, 0.309017, 0.0, 0.809017, -0.309017, -0.5, 0.0, 0.0, 0.0, 0.0, 1.0 ], [ 0.809017, -0.309017, -0.5, 0.0, -0.309017, 0.5, -0.809017, 0.0, 0.5, 0.809017, 0.309017, 0.0, 0.0, 0.0, 0.0, 1.0 ], [ 0.5, 0.809017, -0.309017, 0.0, 0.809017, -0.309017, 0.5, 0.0, 0.309017, -0.5, -0.809017, 0.0, 0.0, 0.0, 0.0, 1.0 ], [ 0.309017, -0.5, -0.809017, 0.0, 0.5, 0.809017, -0.309017, 0.0, 0.809017, -0.309017, 0.5, 0.0, 0.0, 0.0, 0.0, 1.0 ], [ 0.809017, -0.309017, 0.5, 0.0, 0.309017, -0.5, -0.809017, 0.0, 0.5, 0.809017, -0.309017, 0.0, 0.0, 0.0, 0.0, 1.0 ], [ 0.809017, 0.309017, -0.5, 0.0, 0.309017, 0.5, 0.809017, 0.0, 0.5, -0.809017, 0.309017, 0.0, 0.0, 0.0, 0.0, 1.0 ], [ 0.5, -0.809017, 0.309017, 0.0, 0.809017, 0.309017, -0.5, 0.0, 0.309017, 0.5, 0.809017, 0.0, 0.0, 0.0, 0.0, 1.0 ], [ 0.309017, 0.5, 0.809017, 0.0, 0.5, -0.809017, 0.309017, 0.0, 0.809017, 0.309017, -0.5, 0.0, 0.0, 0.0, 0.0, 1.0 ], [ 1.0, 0.0, 0.0, 0.0, 0.0, -1.0, 0.0, 0.0, 0.0, 0.0, -1.0, 0.0, 0.0, 0.0, 0.0, 1.0 ], [ 0.0, 0.0, 1.0, 0.0, -1.0, 0.0, 0.0, 0.0, 0.0, -1.0, 0.0, 0.0, 0.0, 0.0, 0.0, 1.0 ], [ 0.0, 1.0, 0.0, 0.0, 0.0, 0.0, -1.0, 0.0, -1.0, 0.0, 0.0, 0.0, 0.0, 0.0, 0.0, 1.0 ], [ 0.809017, 0.309017, 0.5, 0.0, -0.309017, -0.5, 0.809017, 0.0, 0.5, -0.809017, -0.309017, 0.0, 0.0, 0.0, 0.0, 1.0 ], [ -0.5, 0.809017, 0.309017, 0.0, -0.809017, -0.309017, -0.5, 0.0, -0.309017, -0.5, 0.809017, 0.0, 0.0, 0.0, 0.0, 1.0 ], [ 0.309017, 0.5, -0.809017, 0.0, 0.5, -0.809017, -0.309017, 0.0, -0.809017, -0.309017, -0.5, 0.0, 0.0, 0.0, 0.0, 1.0 ], [ 0.5, 0.809017, 0.309017, 0.0, -0.809017, 0.309017, 0.5, 0.0, 0.309017, -0.5, 0.809017, 0.0, 0.0, 0.0, 0.0, 1.0 ], [ -0.309017, 0.5, -0.809017, 0.0, -0.5, -0.809017, -0.309017, 0.0, -0.809017, 0.309017, 0.5, 0.0, 0.0, 0.0, 0.0, 1.0 ], [ 0.809017, -0.309017, -0.5, 0.0, 0.309017, -0.5, 0.809017, 0.0, -0.5, -0.809017, -0.309017, 0.0, 0.0, 0.0, 0.0, 1.0 ], [ 0.5, 0.809017, -0.309017, 0.0, -0.809017, 0.309017, -0.5, 0.0, -0.309017, 0.5, 0.809017, 0.0, 0.0, 0.0, 0.0, 1.0 ], [ 0.309017, -0.5, -0.809017, 0.0, -0.5, -0.809017, 0.309017, 0.0, -0.809017, 0.309017, -0.5, 0.0, 0.0, 0.0, 0.0, 1.0 ], [ 0.809017, -0.309017, 0.5, 0.0, -0.309017, 0.5, 0.809017, 0.0, -0.5, -0.809017, 0.309017, 0.0, 0.0, 0.0, 0.0, 1.0 ], [ 0.809017, 0.309017, -0.5, 0.0, -0.309017, -0.5, -0.809017, 0.0, -0.5, 0.809017, -0.309017, 0.0, 0.0, 0.0, 0.0, 1.0 ], [ 0.5, -0.809017, 0.309017, 0.0, -0.809017, -0.309017, 0.5, 0.0, -0.309017, -0.5, -0.809017, 0.0, 0.0, 0.0, 0.0, 1.0 ], [ 0.309017, 0.5, 0.809017, 0.0, -0.5, 0.809017, -0.309017, 0.0, -0.809017, -0.309017, 0.5, 0.0, 0.0, 0.0, 0.0, 1.0 ], [ -1.0, 0.0, 0.0, 0.0, 0.0, -1.0, 0.0, 0.0, 0.0, 0.0, 1.0, 0.0, 0.0, 0.0, 0.0, 1.0 ], [ 0.0, 0.0, -1.0, 0.0, -1.0, 0.0, 0.0, 0.0, 0.0, 1.0, 0.0, 0.0, 0.0, 0.0, 0.0, 1.0 ], [ 0.0, -1.0, 0.0, 0.0, 0.0, 0.0, -1.0, 0.0, 1.0, 0.0, 0.0, 0.0, 0.0, 0.0, 0.0, 1.0 ], [ -0.809017, -0.309017, -0.5, 0.0, -0.309017, -0.5, 0.809017, 0.0, -0.5, 0.809017, 0.309017, 0.0, 0.0, 0.0, 0.0, 1.0 ], [ 0.5, -0.809017, -0.309017, 0.0, -0.809017, -0.309017, -0.5, 0.0, 0.309017, 0.5, -0.809017, 0.0, 0.0, 0.0, 0.0, 1.0 ], [ -0.309017, -0.5, 0.809017, 0.0, 0.5, -0.809017, -0.309017, 0.0, 0.809017, 0.309017, 0.5, 0.0, 0.0, 0.0, 0.0, 1.0 ], [ -0.5, -0.809017, -0.309017, 0.0, -0.809017, 0.309017, 0.5, 0.0, -0.309017, 0.5, -0.809017, 0.0, 0.0, 0.0, 0.0, 1.0 ], [ 0.309017, -0.5, 0.809017, 0.0, -0.5, -0.809017, -0.309017, 0.0, 0.809017, -0.309017, -0.5, 0.0, 0.0, 0.0, 0.0, 1.0 ], [ -0.809017, 0.309017, 0.5, 0.0, 0.309017, -0.5, 0.809017, 0.0, 0.5, 0.809017, 0.309017, 0.0, 0.0, 0.0, 0.0, 1.0 ], [ -0.5, -0.809017, 0.309017, 0.0, -0.809017, 0.309017, -0.5, 0.0, 0.309017, -0.5, -0.809017, 0.0, 0.0, 0.0, 0.0, 1.0 ], [ -0.309017, 0.5, 0.809017, 0.0, -0.5, -0.809017, 0.309017, 0.0, 0.809017, -0.309017, 0.5, 0.0, 0.0, 0.0, 0.0, 1.0 ], [ -0.809017, 0.309017, -0.5, 0.0, -0.309017, 0.5, 0.809017, 0.0, 0.5, 0.809017, -0.309017, 0.0, 0.0, 0.0, 0.0, 1.0 ], [ -0.809017, -0.309017, 0.5, 0.0, -0.309017, -0.5, -0.809017, 0.0, 0.5, -0.809017, 0.309017, 0.0, 0.0, 0.0, 0.0, 1.0 ], [ -0.5, 0.809017, -0.309017, 0.0, -0.809017, -0.309017, 0.5, 0.0, 0.309017, 0.5, 0.809017, 0.0, 0.0, 0.0, 0.0, 1.0 ], [ -0.309017, -0.5, -0.809017, 0.0, -0.5, 0.809017, -0.309017, 0.0, 0.809017, 0.309017, -0.5, 0.0, 0.0, 0.0, 0.0, 1.0 ], [ -1.0, 0.0, 0.0, 0.0, 0.0, 1.0, 0.0, 0.0, 0.0, 0.0, -1.0, 0.0, 0.0, 0.0, 0.0, 1.0 ], [ 0.0, 0.0, -1.0, 0.0, 1.0, 0.0, 0.0, 0.0, 0.0, -1.0, 0.0, 0.0, 0.0, 0.0, 0.0, 1.0 ], [ 0.0, -1.0, 0.0, 0.0, 0.0, 0.0, 1.0, 0.0, -1.0, 0.0, 0.0, 0.0, 0.0, 0.0, 0.0, 1.0 ], [ -0.809017, -0.309017, -0.5, 0.0, 0.309017, 0.5, -0.809017, 0.0, 0.5, -0.809017, -0.309017, 0.0, 0.0, 0.0, 0.0, 1.0 ], [ 0.5, -0.809017, -0.309017, 0.0, 0.809017, 0.309017, 0.5, 0.0, -0.309017, -0.5, 0.809017, 0.0, 0.0, 0.0, 0.0, 1.0 ], [ -0.309017, -0.5, 0.809017, 0.0, -0.5, 0.809017, 0.309017, 0.0, -0.809017, -0.309017, -0.5, 0.0, 0.0, 0.0, 0.0, 1.0 ], [ -0.5, -0.809017, -0.309017, 0.0, 0.809017, -0.309017, -0.5, 0.0, 0.309017, -0.5, 0.809017, 0.0, 0.0, 0.0, 0.0, 1.0 ], [ 0.309017, -0.5, 0.809017, 0.0, 0.5, 0.809017, 0.309017, 0.0, -0.809017, 0.309017, 0.5, 0.0, 0.0, 0.0, 0.0, 1.0 ], [ -0.809017, 0.309017, 0.5, 0.0, -0.309017, 0.5, -0.809017, 0.0, -0.5, -0.809017, -0.309017, 0.0, 0.0, 0.0, 0.0, 1.0 ], [ -0.5, -0.809017, 0.309017, 0.0, 0.809017, -0.309017, 0.5, 0.0, -0.309017, 0.5, 0.809017, 0.0, 0.0, 0.0, 0.0, 1.0 ], [ -0.309017, 0.5, 0.809017, 0.0, 0.5, 0.809017, -0.309017, 0.0, -0.809017, 0.309017, -0.5, 0.0, 0.0, 0.0, 0.0, 1.0 ], [ -0.809017, 0.309017, -0.5, 0.0, 0.309017, -0.5, -0.809017, 0.0, -0.5, -0.809017, 0.309017, 0.0, 0.0, 0.0, 0.0, 1.0 ], [ -0.809017, -0.309017, 0.5, 0.0, 0.309017, 0.5, 0.809017, 0.0, -0.5, 0.809017, -0.309017, 0.0, 0.0, 0.0, 0.0, 1.0 ], [ -0.5, 0.809017, -0.309017, 0.0, 0.809017, 0.309017, -0.5, 0.0, -0.309017, -0.5, -0.809017, 0.0, 0.0, 0.0, 0.0, 1.0 ], [ -0.309017, -0.5, -0.809017, 0.0, 0.5, -0.809017, 0.309017, 0.0, -0.809017, -0.309017, 0.5, 0.0, 0.0, 0.0, 0.0, 1.0 ] ],
  "lights" : {
    "directionalLights" : [ {
      "direction" : [ 1.0, -1.0, -1.0 ],
      "color" : "#EBEBE4"
    }, {
      "direction" : [ -1.0, 0.0, 0.0 ],
      "color" : "#E4E4EB"
    }, {
      "direction" : [ 0.0, 0.0, -1.0 ],
      "color" : "#1E1E1E"
    } ],
    "backgroundColor" : "#AFC8DC",
    "ambientColor" : "#292929"
  },
  "camera" : {
    "width" : 135.68987,
    "position" : {
      "x" : 301.533,
      "y" : 0.0,
      "z" : 0.0
    },
    "lookAtPoint" : {
      "x" : 0.0,
      "y" : 0.0,
      "z" : 0.0
    },
    "upDirection" : {
      "x" : 0.0,
      "y" : 1.0,
      "z" : 0.0
    },
    "lookDirection" : {
      "x" : -1.0,
      "y" : 0.0,
      "z" : 0.0
    },
    "farClipDistance" : 603.06586,
    "stereo" : false,
    "nearClipDistance" : 0.7538325,
    "perspective" : false,
    "lookAtPointRV" : {
      "x" : 0.0,
      "y" : 0.0,
      "z" : 0.0,
      "zero" : true
    },
    "fieldOfView" : 0.44262895,
    "upDirectionRV" : {
      "x" : 0.0,
      "y" : 1.0,
      "z" : 0.0,
      "zero" : false
    },
    "lookDirectionRV" : {
      "x" : -1.0,
      "y" : 0.0,
      "z" : 0.0,
      "zero" : false
    },
    "viewDistance" : 301.533
  },
  "embedding" : [ 1.0, 0.0, 0.0, 0.0, 0.0, 1.0, 0.0, 0.0, 0.0, 0.0, 1.0, 0.0, 0.0, 0.0, 0.0, 1.0 ],
  "shapes" : [ {
    "id" : "fc56e5fe-6276-413e-962d-3db77e795fab",
    "orbit" : "blue",
    "orbitC" : "[[0,0,1],[0,0,1]]",
    "length" : "[0,1,2]",
    "name" : " :1/2*phi",
    "vertices" : [ {
      "x" : 5.854102,
      "y" : 0.309017,
      "z" : 0.19098301
    }, {
      "x" : 5.854102,
      "y" : 0.309017,
      "z" : -0.19098301
    }, {
      "x" : 1.0,
      "y" : 0.309017,
      "z" : -0.19098301
    }, {
      "x" : 1.0,
      "y" : 0.309017,
      "z" : 0.19098301
    }, {
      "x" : 5.854102,
      "y" : -0.309017,
      "z" : 0.19098301
    }, {
      "x" : 1.0,
      "y" : -0.309017,
      "z" : 0.19098301
    }, {
      "x" : 1.0,
      "y" : -0.309017,
      "z" : -0.19098301
    }, {
      "x" : 5.854102,
      "y" : -0.309017,
      "z" : -0.19098301
    }, {
      "x" : 6.854102,
      "y" : 0.0,
      "z" : 0.0
    } ],
    "faces" : [ {
      "vertices" : [ 1, 7, 6, 2 ]
    }, {
      "vertices" : [ 0, 1, 2, 3 ]
    }, {
      "vertices" : [ 4, 5, 6, 7 ]
    }, {
      "vertices" : [ 0, 3, 5, 4 ]
    } ]
  }, {
    "id" : "03bc77e9-7afc-4b11-8cb8-4f6de67df401",
    "orbit" : "green",
    "orbitC" : "[[2,-1,1],[5,-3,1]]",
    "length" : "[0,1,2]",
    "name" : " :1/2*phi",
    "vertices" : [ {
      "x" : 7.2586102,
      "y" : 2.5815594,
      "z" : -1.177051
    }, {
      "x" : 8.281153,
      "y" : 2.618034,
      "z" : -1.309017
    }, {
      "x" : 7.2586102,
      "y" : 2.5815594,
      "z" : -0.79508495
    }, {
      "x" : 7.0676274,
      "y" : 2.8905764,
      "z" : -1.295085
    }, {
      "x" : 7.0676274,
      "y" : 2.8905764,
      "z" : -0.91311896
    }, {
      "x" : 0.809017,
      "y" : 0.618034,
      "z" : 0.309017
    }, {
      "x" : 1.0,
      "y" : 0.309017,
      "z" : 0.19098301
    }, {
      "x" : 1.9045085,
      "y" : 0.5364745,
      "z" : -0.013932022
    }, {
      "x" : 7.972136,
      "y" : 3.118034,
      "z" : -1.5
    }, {
      "x" : 8.163119,
      "y" : 2.809017,
      "z" : -1.618034
    }, {
      "x" : 8.163119,
      "y" : 2.809017,
      "z" : -1.0
    }, {
      "x" : 7.972136,
      "y" : 3.118034,
      "z" : -1.118034
    }, {
      "x" : 1.7135255,
      "y" : 0.8454915,
      "z" : -0.13196601
    }, {
      "x" : 0.690983,
      "y" : 0.809017,
      "z" : 0.0
    }, {
      "x" : 1.9045085,
      "y" : 0.5364745,
      "z" : -0.39589804
    }, {
      "x" : 1.7135255,
      "y" : 0.8454915,
      "z" : -0.51393205
    }, {
      "x" : 0.809017,
      "y" : 0.618034,
      "z" : -0.309017
    }, {
      "x" : 1.0,
      "y" : 0.309017,
      "z" : -0.19098301
    }, {
      "x" : 8.972136,
      "y" : 3.427051,
      "z" : -1.309017
    } ],
    "faces" : [ {
      "vertices" : [ 0, 14, 15, 3 ]
    }, {
      "vertices" : [ 3, 15, 12, 4 ]
    }, {
      "vertices" : [ 0, 1, 2 ]
    }, {
      "vertices" : [ 12, 15, 13 ]
    }, {
      "vertices" : [ 0, 9, 1 ]
    }, {
      "vertices" : [ 0, 3, 9 ]
    }, {
      "vertices" : [ 13, 15, 16 ]
    }, {
      "vertices" : [ 6, 17, 14, 7 ]
    }, {
      "vertices" : [ 1, 10, 2 ]
    }, {
      "vertices" : [ 5, 6, 7 ]
    }, {
      "vertices" : [ 3, 8, 9 ]
    }, {
      "vertices" : [ 0, 2, 7, 14 ]
    }, {
      "vertices" : [ 5, 7, 12 ]
    }, {
      "vertices" : [ 2, 4, 12, 7 ]
    }, {
      "vertices" : [ 3, 4, 11, 8 ]
    }, {
      "vertices" : [ 2, 10, 11, 4 ]
    }, {
      "vertices" : [ 5, 12, 13 ]
    }, {
      "vertices" : [ 14, 17, 16, 15 ]
    } ]
  }, {
    "id" : "7b1c7e4b-a3be-4de4-afa1-e5cc07d6945b",
    "name" : "ball",
    "vertices" : [ {
      "x" : 0.309017,
      "y" : -0.809017,
      "z" : 0.618034
    }, {
      "x" : 0.809017,
      "y" : -0.618034,
      "z" : 0.309017
    }, {
      "x" : 0.618034,
      "y" : -0.309017,
      "z" : 0.809017
    }, {
      "x" : 1.0,
      "y" : 0.309017,
      "z" : 0.19098301
    }, {
      "x" : 0.809017,
      "y" : 0.618034,
      "z" : 0.309017
    }, {
      "x" : 0.618034,
      "y" : 0.309017,
      "z" : 0.809017
    }, {
      "x" : 0.809017,
      "y" : 0.0,
      "z" : 0.690983
    }, {
      "x" : 0.19098301,
      "y" : -1.0,
      "z" : 0.309017
    }, {
      "x" : -0.19098301,
      "y" : -1.0,
      "z" : 0.309017
    }, {
      "x" : -0.19098301,
      "y" : -1.0,
      "z" : -0.309017
    }, {
      "x" : 0.19098301,
      "y" : -1.0,
      "z" : -0.309017
    }, {
      "x" : 1.0,
      "y" : -0.309017,
      "z" : -0.19098301
    }, {
      "x" : 0.809017,
      "y" : -0.618034,
      "z" : -0.309017
    }, {
      "x" : 0.618034,
      "y" : -0.309017,
      "z" : -0.809017
    }, {
      "x" : 0.809017,
      "y" : 0.0,
      "z" : -0.690983
    }, {
      "x" : 0.0,
      "y" : 0.690983,
      "z" : -0.809017
    }, {
      "x" : 0.309017,
      "y" : 0.809017,
      "z" : -0.618034
    }, {
      "x" : 0.618034,
      "y" : 0.309017,
      "z" : -0.809017
    }, {
      "x" : 0.309017,
      "y" : 0.19098301,
      "z" : -1.0
    }, {
      "x" : 1.0,
      "y" : 0.309017,
      "z" : -0.19098301
    }, {
      "x" : -0.309017,
      "y" : -0.809017,
      "z" : 0.618034
    }, {
      "x" : 0.0,
      "y" : -0.690983,
      "z" : 0.809017
    }, {
      "x" : 0.809017,
      "y" : 0.618034,
      "z" : -0.309017
    }, {
      "x" : 0.690983,
      "y" : 0.809017,
      "z" : 0.0
    }, {
      "x" : -0.690983,
      "y" : 0.809017,
      "z" : 0.0
    }, {
      "x" : -0.809017,
      "y" : 0.618034,
      "z" : 0.309017
    }, {
      "x" : -0.309017,
      "y" : 0.809017,
      "z" : 0.618034
    }, {
      "x" : -0.19098301,
      "y" : 1.0,
      "z" : 0.309017
    }, {
      "x" : 0.309017,
      "y" : -0.19098301,
      "z" : -1.0
    }, {
      "x" : 0.19098301,
      "y" : 1.0,
      "z" : 0.309017
    }, {
      "x" : 0.309017,
      "y" : 0.809017,
      "z" : 0.618034
    }, {
      "x" : -0.809017,
      "y" : -0.618034,
      "z" : 0.309017
    }, {
      "x" : -0.690983,
      "y" : -0.809017,
      "z" : 0.0
    }, {
      "x" : 0.0,
      "y" : 0.690983,
      "z" : 0.809017
    }, {
      "x" : 0.309017,
      "y" : -0.809017,
      "z" : -0.618034
    }, {
      "x" : 0.0,
      "y" : -0.690983,
      "z" : -0.809017
    }, {
      "x" : -1.0,
      "y" : 0.309017,
      "z" : 0.19098301
    }, {
      "x" : -0.809017,
      "y" : 0.0,
      "z" : 0.690983
    }, {
      "x" : -0.618034,
      "y" : 0.309017,
      "z" : 0.809017
    }, {
      "x" : 1.0,
      "y" : -0.309017,
      "z" : 0.19098301
    }, {
      "x" : -0.309017,
      "y" : -0.809017,
      "z" : -0.618034
    }, {
      "x" : -1.0,
      "y" : 0.309017,
      "z" : -0.19098301
    }, {
      "x" : -1.0,
      "y" : -0.309017,
      "z" : -0.19098301
    }, {
      "x" : -1.0,
      "y" : -0.309017,
      "z" : 0.19098301
    }, {
      "x" : 0.19098301,
      "y" : 1.0,
      "z" : -0.309017
    }, {
      "x" : -0.809017,
      "y" : 0.618034,
      "z" : -0.309017
    }, {
      "x" : -0.19098301,
      "y" : 1.0,
      "z" : -0.309017
    }, {
      "x" : -0.309017,
      "y" : 0.809017,
      "z" : -0.618034
    }, {
      "x" : -0.618034,
      "y" : -0.309017,
      "z" : 0.809017
    }, {
      "x" : 0.309017,
      "y" : 0.19098301,
      "z" : 1.0
    }, {
      "x" : -0.309017,
      "y" : 0.19098301,
      "z" : -1.0
    }, {
      "x" : -0.309017,
      "y" : 0.19098301,
      "z" : 1.0
    }, {
      "x" : -0.309017,
      "y" : -0.19098301,
      "z" : 1.0
    }, {
      "x" : 0.309017,
      "y" : -0.19098301,
      "z" : 1.0
    }, {
      "x" : 0.690983,
      "y" : -0.809017,
      "z" : 0.0
    }, {
      "x" : -0.809017,
      "y" : 0.0,
      "z" : -0.690983
    }, {
      "x" : -0.618034,
      "y" : -0.309017,
      "z" : -0.809017
    }, {
      "x" : -0.309017,
      "y" : -0.19098301,
      "z" : -1.0
    }, {
      "x" : -0.618034,
      "y" : 0.309017,
      "z" : -0.809017
    }, {
      "x" : -0.809017,
      "y" : -0.618034,
      "z" : -0.309017
    } ],
    "faces" : [ {
      "vertices" : [ 9, 40, 35, 34, 10 ]
    }, {
      "vertices" : [ 0, 1, 2 ]
    }, {
      "vertices" : [ 33, 51, 49 ]
    }, {
      "vertices" : [ 25, 36, 37, 38 ]
    }, {
      "vertices" : [ 41, 55, 42 ]
    }, {
      "vertices" : [ 9, 32, 59, 40 ]
    }, {
      "vertices" : [ 20, 21, 52, 48 ]
    }, {
      "vertices" : [ 26, 33, 30, 29, 27 ]
    }, {
      "vertices" : [ 3, 4, 5, 6 ]
    }, {
      "vertices" : [ 27, 29, 44, 46 ]
    }, {
      "vertices" : [ 50, 57, 56, 55, 58 ]
    }, {
      "vertices" : [ 26, 38, 51, 33 ]
    }, {
      "vertices" : [ 45, 47, 58 ]
    }, {
      "vertices" : [ 18, 28, 57, 50 ]
    }, {
      "vertices" : [ 40, 59, 56 ]
    }, {
      "vertices" : [ 31, 48, 37, 43 ]
    }, {
      "vertices" : [ 7, 8, 9, 10 ]
    }, {
      "vertices" : [ 36, 41, 42, 43 ]
    }, {
      "vertices" : [ 24, 46, 47, 45 ]
    }, {
      "vertices" : [ 4, 30, 5 ]
    }, {
      "vertices" : [ 15, 47, 46, 44, 16 ]
    }, {
      "vertices" : [ 15, 50, 58, 47 ]
    }, {
      "vertices" : [ 24, 45, 41, 36, 25 ]
    }, {
      "vertices" : [ 11, 14, 19 ]
    }, {
      "vertices" : [ 3, 6, 39 ]
    }, {
      "vertices" : [ 1, 39, 6, 2 ]
    }, {
      "vertices" : [ 8, 32, 9 ]
    }, {
      "vertices" : [ 11, 12, 13, 14 ]
    }, {
      "vertices" : [ 16, 22, 17 ]
    }, {
      "vertices" : [ 0, 21, 20, 8, 7 ]
    }, {
      "vertices" : [ 12, 34, 13 ]
    }, {
      "vertices" : [ 35, 40, 56, 57 ]
    }, {
      "vertices" : [ 0, 7, 54, 1 ]
    }, {
      "vertices" : [ 15, 16, 17, 18 ]
    }, {
      "vertices" : [ 3, 19, 22, 23, 4 ]
    }, {
      "vertices" : [ 7, 10, 54 ]
    }, {
      "vertices" : [ 41, 45, 58, 55 ]
    }, {
      "vertices" : [ 3, 39, 11, 19 ]
    }, {
      "vertices" : [ 14, 17, 22, 19 ]
    }, {
      "vertices" : [ 0, 2, 53, 21 ]
    }, {
      "vertices" : [ 49, 51, 52, 53 ]
    }, {
      "vertices" : [ 31, 43, 42, 59, 32 ]
    }, {
      "vertices" : [ 15, 18, 50 ]
    }, {
      "vertices" : [ 42, 55, 56, 59 ]
    }, {
      "vertices" : [ 4, 23, 29, 30 ]
    }, {
      "vertices" : [ 25, 38, 26 ]
    }, {
      "vertices" : [ 13, 28, 18, 17, 14 ]
    }, {
      "vertices" : [ 8, 20, 31, 32 ]
    }, {
      "vertices" : [ 23, 44, 29 ]
    }, {
      "vertices" : [ 24, 27, 46 ]
    }, {
      "vertices" : [ 37, 48, 52, 51, 38 ]
    }, {
      "vertices" : [ 20, 48, 31 ]
    }, {
      "vertices" : [ 24, 25, 26, 27 ]
    }, {
      "vertices" : [ 16, 44, 23, 22 ]
    }, {
      "vertices" : [ 13, 34, 35, 28 ]
    }, {
      "vertices" : [ 10, 34, 12, 54 ]
    }, {
      "vertices" : [ 2, 6, 5, 49, 53 ]
    }, {
      "vertices" : [ 36, 43, 37 ]
    }, {
      "vertices" : [ 5, 30, 33, 49 ]
    }, {
      "vertices" : [ 1, 54, 12, 11, 39 ]
    }, {
      "vertices" : [ 28, 35, 57 ]
    }, {
      "vertices" : [ 21, 53, 52 ]
    } ]
  } ],
  "instances" : [ {
    "shape" : "fc56e5fe-6276-413e-962d-3db77e795fab",
    "color" : "#008EC2",
    "position" : {
      "x" : -13.708204,
      "y" : 10.281153,
      "z" : -3.427051
    },
    "orientation" : 1
  }, {
    "shape" : "fc56e5fe-6276-413e-962d-3db77e795fab",
    "color" : "#008EC2",
    "position" : {
      "x" : 13.708204,
      "y" : 3.427051,
      "z" : -10.281153
    },
    "orientation" : 47
  }, {
    "shape" : "03bc77e9-7afc-4b11-8cb8-4f6de67df401",
    "color" : "#00993F",
    "position" : {
      "x" : 6.854102,
      "y" : -3.427051,
      "z" : 10.281153
    },
    "orientation" : 36
  }, {
    "shape" : "fc56e5fe-6276-413e-962d-3db77e795fab",
    "color" : "#008EC2",
    "position" : {
      "x" : 0.0,
      "y" : 30.843458,
      "z" : -30.843458
    },
    "orientation" : 45
  }, {
    "shape" : "7b1c7e4b-a3be-4de4-afa1-e5cc07d6945b",
    "color" : "#F2F2F2",
    "position" : {
      "x" : 6.854102,
      "y" : -30.843458,
      "z" : 3.427051
    }
  }, {
    "shape" : "fc56e5fe-6276-413e-962d-3db77e795fab",
    "color" : "#008EC2",
    "position" : {
      "x" : -13.708204,
      "y" : 3.427051,
      "z" : -30.843458
    },
    "orientation" : 1
  }, {
    "shape" : "03bc77e9-7afc-4b11-8cb8-4f6de67df401",
    "color" : "#00993F",
    "position" : {
      "x" : 6.854102,
      "y" : -23.989357,
      "z" : -10.281153
    },
    "orientation" : 8
  }, {
    "shape" : "7b1c7e4b-a3be-4de4-afa1-e5cc07d6945b",
    "color" : "#F2F2F2",
    "position" : {
      "x" : -13.708204,
      "y" : 30.843458,
      "z" : -10.281153
    }
  }, {
    "shape" : "7b1c7e4b-a3be-4de4-afa1-e5cc07d6945b",
    "color" : "#F2F2F2",
    "position" : {
      "x" : -13.708204,
      "y" : 17.135256,
      "z" : -3.427051
    }
  }, {
    "shape" : "7b1c7e4b-a3be-4de4-afa1-e5cc07d6945b",
    "color" : "#F2F2F2",
    "position" : {
      "x" : 13.708204,
      "y" : -10.281153,
      "z" : 30.843458
    }
  }, {
    "shape" : "fc56e5fe-6276-413e-962d-3db77e795fab",
    "color" : "#008EC2",
    "position" : {
      "x" : -13.708204,
      "y" : 3.427051,
      "z" : -3.427051
    },
    "orientation" : 1
  }, {
    "shape" : "fc56e5fe-6276-413e-962d-3db77e795fab",
    "color" : "#008EC2",
    "position" : {
      "x" : 13.708204,
      "y" : 3.427051,
      "z" : -30.843458
    },
    "orientation" : 45
  }, {
    "shape" : "03bc77e9-7afc-4b11-8cb8-4f6de67df401",
    "color" : "#00993F",
    "position" : {
      "x" : -13.708204,
      "y" : -30.843458,
      "z" : -23.989357
    },
    "orientation" : 52
  }, {
    "shape" : "fc56e5fe-6276-413e-962d-3db77e795fab",
    "color" : "#008EC2",
    "position" : {
      "x" : 0.0,
      "y" : 3.427051,
      "z" : -30.843458
    },
    "orientation" : 45
  }, {
    "shape" : "7b1c7e4b-a3be-4de4-afa1-e5cc07d6945b",
    "color" : "#F2F2F2",
    "position" : {
      "x" : 13.708204,
      "y" : -30.843458,
      "z" : -23.989357
    }
  }, {
    "shape" : "03bc77e9-7afc-4b11-8cb8-4f6de67df401",
    "color" : "#00993F",
    "position" : {
      "x" : 13.708204,
      "y" : -3.427051,
      "z" : -23.989357
    },
    "orientation" : 38
  }, {
    "shape" : "fc56e5fe-6276-413e-962d-3db77e795fab",
    "color" : "#008EC2",
    "position" : {
      "x" : 6.854102,
      "y" : -30.843458,
      "z" : 3.427051
    },
    "orientation" : 45
  }, {
    "shape" : "7b1c7e4b-a3be-4de4-afa1-e5cc07d6945b",
    "color" : "#F2F2F2",
    "position" : {
      "x" : -13.708204,
      "y" : -3.427051,
      "z" : 17.135256
    }
  }, {
    "shape" : "fc56e5fe-6276-413e-962d-3db77e795fab",
    "color" : "#008EC2",
    "position" : {
      "x" : -6.854102,
      "y" : -30.843458,
      "z" : 3.427051
    },
    "orientation" : 45
  }, {
    "shape" : "03bc77e9-7afc-4b11-8cb8-4f6de67df401",
    "color" : "#00993F",
    "position" : {
      "x" : 13.708204,
      "y" : -30.843458,
      "z" : -23.989357
    },
    "orientation" : 52
  }, {
    "shape" : "7b1c7e4b-a3be-4de4-afa1-e5cc07d6945b",
    "color" : "#F2F2F2",
    "position" : {
      "x" : 13.708204,
      "y" : 23.989357,
      "z" : -23.989357
    }
  }, {
    "shape" : "03bc77e9-7afc-4b11-8cb8-4f6de67df401",
    "color" : "#00993F",
    "position" : {
      "x" : -13.708204,
      "y" : -30.843458,
      "z" : 3.427051
    },
    "orientation" : 52
  }, {
    "shape" : "03bc77e9-7afc-4b11-8cb8-4f6de67df401",
    "color" : "#00993F",
    "position" : {
      "x" : -13.708204,
      "y" : -23.989357,
      "z" : -3.427051
    },
    "orientation" : 6
  }, {
    "shape" : "fc56e5fe-6276-413e-962d-3db77e795fab",
    "color" : "#008EC2",
    "position" : {
      "x" : -13.708204,
      "y" : -30.843458,
      "z" : 3.427051
    },
    "orientation" : 2
  }, {
    "shape" : "fc56e5fe-6276-413e-962d-3db77e795fab",
    "color" : "#008EC2",
    "position" : {
      "x" : 13.708204,
      "y" : -10.281153,
      "z" : 30.843458
    },
    "orientation" : 1
  }, {
    "shape" : "03bc77e9-7afc-4b11-8cb8-4f6de67df401",
    "color" : "#00993F",
    "position" : {
      "x" : -13.708204,
      "y" : 3.427051,
      "z" : -30.843458
    },
    "orientation" : 6
  }, {
    "shape" : "fc56e5fe-6276-413e-962d-3db77e795fab",
    "color" : "#008EC2",
    "position" : {
      "x" : 13.708204,
      "y" : 10.281153,
      "z" : -30.843458
    },
    "orientation" : 1
  }, {
    "shape" : "fc56e5fe-6276-413e-962d-3db77e795fab",
    "color" : "#008EC2",
    "position" : {
      "x" : 13.708204,
      "y" : 3.427051,
      "z" : -23.989357
    },
    "orientation" : 47
  }, {
    "shape" : "03bc77e9-7afc-4b11-8cb8-4f6de67df401",
    "color" : "#00993F",
    "position" : {
      "x" : 6.854102,
      "y" : -30.843458,
      "z" : -17.135256
    },
    "orientation" : 7
  }, {
    "shape" : "fc56e5fe-6276-413e-962d-3db77e795fab",
    "color" : "#008EC2",
    "position" : {
      "x" : 13.708204,
      "y" : -3.427051,
      "z" : 30.843458
    },
    "orientation" : 45
  }, {
    "shape" : "7b1c7e4b-a3be-4de4-afa1-e5cc07d6945b",
    "color" : "#F2F2F2",
    "position" : {
      "x" : 0.0,
      "y" : -17.135256,
      "z" : 17.135256
    }
  }, {
    "shape" : "7b1c7e4b-a3be-4de4-afa1-e5cc07d6945b",
    "color" : "#F2F2F2",
    "position" : {
      "x" : 0.0,
      "y" : -30.843458,
      "z" : 3.427051
    }
  }, {
    "shape" : "7b1c7e4b-a3be-4de4-afa1-e5cc07d6945b",
    "color" : "#F2F2F2",
    "position" : {
      "x" : -6.854102,
      "y" : -17.135256,
      "z" : 23.989357
    }
  }, {
    "shape" : "03bc77e9-7afc-4b11-8cb8-4f6de67df401",
    "color" : "#00993F",
    "position" : {
      "x" : 6.854102,
      "y" : 23.989357,
      "z" : 10.281153
    },
    "orientation" : 36
  }, {
    "shape" : "7b1c7e4b-a3be-4de4-afa1-e5cc07d6945b",
    "color" : "#F2F2F2",
    "position" : {
      "x" : -13.708204,
      "y" : -23.989357,
      "z" : -30.843458
    }
  }, {
    "shape" : "fc56e5fe-6276-413e-962d-3db77e795fab",
    "color" : "#008EC2",
    "position" : {
      "x" : -6.854102,
      "y" : -3.427051,
      "z" : 3.427051
    },
    "orientation" : 45
  }, {
    "shape" : "03bc77e9-7afc-4b11-8cb8-4f6de67df401",
    "color" : "#00993F",
    "position" : {
      "x" : 13.708204,
      "y" : -3.427051,
      "z" : 3.427051
    },
    "orientation" : 38
  }, {
    "shape" : "fc56e5fe-6276-413e-962d-3db77e795fab",
    "color" : "#008EC2",
    "position" : {
      "x" : -13.708204,
      "y" : -3.427051,
      "z" : 10.281153
    },
    "orientation" : 2
  }, {
    "shape" : "fc56e5fe-6276-413e-962d-3db77e795fab",
    "color" : "#008EC2",
    "position" : {
      "x" : -6.854102,
      "y" : 30.843458,
      "z" : -3.427051
    },
    "orientation" : 45
  }, {
    "shape" : "7b1c7e4b-a3be-4de4-afa1-e5cc07d6945b",
    "color" : "#F2F2F2",
    "position" : {
      "x" : -13.708204,
      "y" : 3.427051,
      "z" : 23.989357
    }
  }, {
    "shape" : "7b1c7e4b-a3be-4de4-afa1-e5cc07d6945b",
    "color" : "#F2F2F2",
    "position" : {
      "x" : 13.708204,
      "y" : -3.427051,
      "z" : -23.989357
    }
  }, {
    "shape" : "03bc77e9-7afc-4b11-8cb8-4f6de67df401",
    "color" : "#00993F",
    "position" : {
      "x" : -6.854102,
      "y" : 10.281153,
      "z" : 23.989357
    },
    "orientation" : 23
  }, {
    "shape" : "7b1c7e4b-a3be-4de4-afa1-e5cc07d6945b",
    "color" : "#F2F2F2",
    "position" : {
      "x" : 13.708204,
      "y" : 3.427051,
      "z" : -3.427051
    }
  }, {
    "shape" : "03bc77e9-7afc-4b11-8cb8-4f6de67df401",
    "color" : "#00993F",
    "position" : {
      "x" : -13.708204,
      "y" : -3.427051,
      "z" : 3.427051
    },
    "orientation" : 52
  }, {
    "shape" : "7b1c7e4b-a3be-4de4-afa1-e5cc07d6945b",
    "color" : "#F2F2F2",
    "position" : {
      "x" : 6.854102,
      "y" : -30.843458,
      "z" : 10.281153
    }
  }, {
    "shape" : "03bc77e9-7afc-4b11-8cb8-4f6de67df401",
    "color" : "#00993F",
    "position" : {
      "x" : -6.854102,
      "y" : -10.281153,
      "z" : 3.427051
    },
    "orientation" : 8
  }, {
    "shape" : "03bc77e9-7afc-4b11-8cb8-4f6de67df401",
    "color" : "#00993F",
    "position" : {
      "x" : 6.854102,
      "y" : -3.427051,
      "z" : -17.135256
    },
    "orientation" : 7
  }, {
    "shape" : "7b1c7e4b-a3be-4de4-afa1-e5cc07d6945b",
    "color" : "#F2F2F2",
    "position" : {
      "x" : 13.708204,
      "y" : 17.135256,
      "z" : -30.843458
    }
  }, {
    "shape" : "7b1c7e4b-a3be-4de4-afa1-e5cc07d6945b",
    "color" : "#F2F2F2",
    "position" : {
      "x" : 0.0,
      "y" : -3.427051,
      "z" : 30.843458
    }
  }, {
    "shape" : "7b1c7e4b-a3be-4de4-afa1-e5cc07d6945b",
    "color" : "#F2F2F2",
    "position" : {
      "x" : 0.0,
      "y" : -10.281153,
      "z" : -17.135256
    }
  }, {
    "shape" : "7b1c7e4b-a3be-4de4-afa1-e5cc07d6945b",
    "color" : "#F2F2F2",
    "position" : {
      "x" : -13.708204,
      "y" : -3.427051,
      "z" : 10.281153
    }
  }, {
    "shape" : "03bc77e9-7afc-4b11-8cb8-4f6de67df401",
    "color" : "#00993F",
    "position" : {
      "x" : -13.708204,
      "y" : -3.427051,
      "z" : 3.427051
    },
    "orientation" : 21
  }, {
    "shape" : "03bc77e9-7afc-4b11-8cb8-4f6de67df401",
    "color" : "#00993F",
    "position" : {
      "x" : 6.854102,
      "y" : -30.843458,
      "z" : 10.281153
    },
    "orientation" : 7
  }, {
    "shape" : "7b1c7e4b-a3be-4de4-afa1-e5cc07d6945b",
    "color" : "#F2F2F2",
    "position" : {
      "x" : 13.708204,
      "y" : 30.843458,
      "z" : -17.135256
    }
  }, {
    "shape" : "03bc77e9-7afc-4b11-8cb8-4f6de67df401",
    "color" : "#00993F",
    "position" : {
      "x" : 13.708204,
      "y" : -30.843458,
      "z" : -23.989357
    },
    "orientation" : 38
  }, {
    "shape" : "7b1c7e4b-a3be-4de4-afa1-e5cc07d6945b",
    "color" : "#F2F2F2",
    "position" : {
      "x" : -13.708204,
      "y" : -17.135256,
      "z" : 30.843458
    }
  }, {
    "shape" : "7b1c7e4b-a3be-4de4-afa1-e5cc07d6945b",
    "color" : "#F2F2F2",
    "position" : {
      "x" : -13.708204,
      "y" : 3.427051,
      "z" : -17.135256
    }
  }, {
    "shape" : "7b1c7e4b-a3be-4de4-afa1-e5cc07d6945b",
    "color" : "#F2F2F2",
    "position" : {
      "x" : 13.708204,
      "y" : -17.135256,
      "z" : 3.427051
    }
  }, {
    "shape" : "7b1c7e4b-a3be-4de4-afa1-e5cc07d6945b",
    "color" : "#F2F2F2",
    "position" : {
      "x" : -13.708204,
      "y" : 23.989357,
      "z" : 30.843458
    }
  }, {
    "shape" : "7b1c7e4b-a3be-4de4-afa1-e5cc07d6945b",
    "color" : "#F2F2F2",
    "position" : {
      "x" : 13.708204,
      "y" : -30.843458,
      "z" : 17.135256
    }
  }, {
    "shape" : "fc56e5fe-6276-413e-962d-3db77e795fab",
    "color" : "#008EC2",
    "position" : {
      "x" : 13.708204,
      "y" : -30.843458,
      "z" : 30.843458
    },
    "orientation" : 45
  }, {
    "shape" : "7b1c7e4b-a3be-4de4-afa1-e5cc07d6945b",
    "color" : "#F2F2F2",
    "position" : {
      "x" : 13.708204,
      "y" : -23.989357,
      "z" : 30.843458
    }
  }, {
    "shape" : "7b1c7e4b-a3be-4de4-afa1-e5cc07d6945b",
    "color" : "#F2F2F2",
    "position" : {
      "x" : 13.708204,
      "y" : 23.989357,
      "z" : 3.427051
    }
  }, {
    "shape" : "7b1c7e4b-a3be-4de4-afa1-e5cc07d6945b",
    "color" : "#F2F2F2",
    "position" : {
      "x" : -13.708204,
      "y" : 23.989357,
      "z" : -30.843458
    }
  }, {
    "shape" : "fc56e5fe-6276-413e-962d-3db77e795fab",
    "color" : "#008EC2",
    "position" : {
      "x" : 13.708204,
      "y" : 17.135256,
      "z" : -30.843458
    },
    "orientation" : 1
  }, {
    "shape" : "fc56e5fe-6276-413e-962d-3db77e795fab",
    "color" : "#008EC2",
    "position" : {
      "x" : -13.708204,
      "y" : 10.281153,
      "z" : -30.843458
    },
    "orientation" : 1
  }, {
    "shape" : "03bc77e9-7afc-4b11-8cb8-4f6de67df401",
    "color" : "#00993F",
    "position" : {
      "x" : 0.0,
      "y" : 10.281153,
      "z" : 17.135256
    },
    "orientation" : 21
  }, {
    "shape" : "7b1c7e4b-a3be-4de4-afa1-e5cc07d6945b",
    "color" : "#F2F2F2",
    "position" : {
      "x" : -13.708204,
      "y" : -30.843458,
      "z" : 10.281153
    }
  }, {
    "shape" : "fc56e5fe-6276-413e-962d-3db77e795fab",
    "color" : "#008EC2",
    "position" : {
      "x" : 13.708204,
      "y" : 30.843458,
      "z" : -10.281153
    },
    "orientation" : 47
  }, {
    "shape" : "7b1c7e4b-a3be-4de4-afa1-e5cc07d6945b",
    "color" : "#F2F2F2",
    "position" : {
      "x" : 6.854102,
      "y" : -3.427051,
      "z" : 10.281153
    }
  }, {
    "shape" : "fc56e5fe-6276-413e-962d-3db77e795fab",
    "color" : "#008EC2",
    "position" : {
      "x" : 13.708204,
      "y" : 3.427051,
      "z" : -30.843458
    },
    "orientation" : 1
  }, {
    "shape" : "7b1c7e4b-a3be-4de4-afa1-e5cc07d6945b",
    "color" : "#F2F2F2",
    "position" : {
      "x" : 0.0,
      "y" : -17.135256,
      "z" : -10.281153
    }
  }, {
    "shape" : "fc56e5fe-6276-413e-962d-3db77e795fab",
    "color" : "#008EC2",
    "position" : {
      "x" : -13.708204,
      "y" : 30.843458,
      "z" : -3.427051
    },
    "orientation" : 47
  }, {
    "shape" : "03bc77e9-7afc-4b11-8cb8-4f6de67df401",
    "color" : "#00993F",
    "position" : {
      "x" : -6.854102,
      "y" : -17.135256,
      "z" : 23.989357
    },
    "orientation" : 23
  }, {
    "shape" : "fc56e5fe-6276-413e-962d-3db77e795fab",
    "color" : "#008EC2",
    "position" : {
      "x" : 0.0,
      "y" : 3.427051,
      "z" : -3.427051
    },
    "orientation" : 45
  }, {
    "shape" : "fc56e5fe-6276-413e-962d-3db77e795fab",
    "color" : "#008EC2",
    "position" : {
      "x" : -13.708204,
      "y" : 30.843458,
      "z" : -10.281153
    },
    "orientation" : 47
  }, {
    "shape" : "fc56e5fe-6276-413e-962d-3db77e795fab",
    "color" : "#008EC2",
    "position" : {
      "x" : -13.708204,
      "y" : -17.135256,
      "z" : 3.427051
    },
    "orientation" : 16
  }, {
    "shape" : "7b1c7e4b-a3be-4de4-afa1-e5cc07d6945b",
    "color" : "#F2F2F2",
    "position" : {
      "x" : 0.0,
      "y" : 30.843458,
      "z" : -30.843458
    }
  }, {
    "shape" : "7b1c7e4b-a3be-4de4-afa1-e5cc07d6945b",
    "color" : "#F2F2F2",
    "position" : {
      "x" : 13.708204,
      "y" : 10.281153,
      "z" : -3.427051
    }
  }, {
    "shape" : "fc56e5fe-6276-413e-962d-3db77e795fab",
    "color" : "#008EC2",
    "position" : {
      "x" : -6.854102,
      "y" : -3.427051,
      "z" : 30.843458
    },
    "orientation" : 45
  }, {
    "shape" : "03bc77e9-7afc-4b11-8cb8-4f6de67df401",
    "color" : "#00993F",
    "position" : {
      "x" : 0.0,
      "y" : 17.135256,
      "z" : -17.135256
    },
    "orientation" : 37
  }, {
    "shape" : "7b1c7e4b-a3be-4de4-afa1-e5cc07d6945b",
    "color" : "#F2F2F2",
    "position" : {
      "x" : 6.854102,
      "y" : -30.843458,
      "z" : -17.135256
    }
  }, {
    "shape" : "7b1c7e4b-a3be-4de4-afa1-e5cc07d6945b",
    "color" : "#F2F2F2",
    "position" : {
      "x" : 0.0,
      "y" : 3.427051,
      "z" : -3.427051
    }
  }, {
    "shape" : "fc56e5fe-6276-413e-962d-3db77e795fab",
    "color" : "#008EC2",
    "position" : {
      "x" : -13.708204,
      "y" : 30.843458,
      "z" : -23.989357
    },
    "orientation" : 47
  }, {
    "shape" : "03bc77e9-7afc-4b11-8cb8-4f6de67df401",
    "color" : "#00993F",
    "position" : {
      "x" : -6.854102,
      "y" : -10.281153,
      "z" : -23.989357
    },
    "orientation" : 22
  }, {
    "shape" : "7b1c7e4b-a3be-4de4-afa1-e5cc07d6945b",
    "color" : "#F2F2F2",
    "position" : {
      "x" : -6.854102,
      "y" : -3.427051,
      "z" : 30.843458
    }
  }, {
    "shape" : "7b1c7e4b-a3be-4de4-afa1-e5cc07d6945b",
    "color" : "#F2F2F2",
    "position" : {
      "x" : -6.854102,
      "y" : 30.843458,
      "z" : -3.427051
    }
  }, {
    "shape" : "fc56e5fe-6276-413e-962d-3db77e795fab",
    "color" : "#008EC2",
    "position" : {
      "x" : -13.708204,
      "y" : -3.427051,
      "z" : 3.427051
    },
    "orientation" : 16
  }, {
    "shape" : "7b1c7e4b-a3be-4de4-afa1-e5cc07d6945b",
    "color" : "#F2F2F2",
    "position" : {
      "x" : 13.708204,
      "y" : -23.989357,
      "z" : 23.989357
    }
  }, {
    "shape" : "fc56e5fe-6276-413e-962d-3db77e795fab",
    "color" : "#008EC2",
    "position" : {
      "x" : 13.708204,
      "y" : -3.427051,
      "z" : 3.427051
    },
    "orientation" : 16
  }, {
    "shape" : "7b1c7e4b-a3be-4de4-afa1-e5cc07d6945b",
    "color" : "#F2F2F2",
    "position" : {
      "x" : 6.854102,
      "y" : 23.989357,
      "z" : -17.135256
    }
  }, {
    "shape" : "03bc77e9-7afc-4b11-8cb8-4f6de67df401",
    "color" : "#00993F",
    "position" : {
      "x" : -13.708204,
      "y" : 23.989357,
      "z" : -23.989357
    },
    "orientation" : 21
  }, {
    "shape" : "fc56e5fe-6276-413e-962d-3db77e795fab",
    "color" : "#008EC2",
    "position" : {
      "x" : 13.708204,
      "y" : 30.843458,
      "z" : -17.135256
    },
    "orientation" : 47
  }, {
    "shape" : "7b1c7e4b-a3be-4de4-afa1-e5cc07d6945b",
    "color" : "#F2F2F2",
    "position" : {
      "x" : -13.708204,
      "y" : -10.281153,
      "z" : 3.427051
    }
  }, {
    "shape" : "fc56e5fe-6276-413e-962d-3db77e795fab",
    "color" : "#008EC2",
    "position" : {
      "x" : 13.708204,
      "y" : -23.989357,
      "z" : 3.427051
    },
    "orientation" : 16
  }, {
    "shape" : "7b1c7e4b-a3be-4de4-afa1-e5cc07d6945b",
    "color" : "#F2F2F2",
    "position" : {
      "x" : 13.708204,
      "y" : -3.427051,
      "z" : 23.989357
    }
  }, {
    "shape" : "7b1c7e4b-a3be-4de4-afa1-e5cc07d6945b",
    "color" : "#F2F2F2",
    "position" : {
      "x" : 6.854102,
      "y" : -3.427051,
      "z" : -17.135256
    }
  }, {
    "shape" : "03bc77e9-7afc-4b11-8cb8-4f6de67df401",
    "color" : "#00993F",
    "position" : {
      "x" : -13.708204,
      "y" : -3.427051,
      "z" : 30.843458
    },
    "orientation" : 21
  }, {
    "shape" : "7b1c7e4b-a3be-4de4-afa1-e5cc07d6945b",
    "color" : "#F2F2F2",
    "position" : {
      "x" : -13.708204,
      "y" : -30.843458,
      "z" : 17.135256
    }
  }, {
    "shape" : "03bc77e9-7afc-4b11-8cb8-4f6de67df401",
    "color" : "#00993F",
    "position" : {
      "x" : 0.0,
      "y" : -17.135256,
      "z" : 17.135256
    },
    "orientation" : 21
  }, {
    "shape" : "fc56e5fe-6276-413e-962d-3db77e795fab",
    "color" : "#008EC2",
    "position" : {
      "x" : -6.854102,
      "y" : 30.843458,
      "z" : -30.843458
    },
    "orientation" : 45
  }, {
    "shape" : "03bc77e9-7afc-4b11-8cb8-4f6de67df401",
    "color" : "#00993F",
    "position" : {
      "x" : -6.854102,
