{
  "polygons" : "true",
  "field" : "golden",
  "symmetry" : "icosahedral",
  "orientations" : [ [ 1.0, 0.0, 0.0, 0.0, 0.0, 1.0, 0.0, 0.0, 0.0, 0.0, 1.0, 0.0, 0.0, 0.0, 0.0, 1.0 ], [ 0.0, 0.0, 1.0, 0.0, 1.0, 0.0, 0.0, 0.0, 0.0, 1.0, 0.0, 0.0, 0.0, 0.0, 0.0, 1.0 ], [ 0.0, 1.0, 0.0, 0.0, 0.0, 0.0, 1.0, 0.0, 1.0, 0.0, 0.0, 0.0, 0.0, 0.0, 0.0, 1.0 ], [ 0.809017, 0.309017, 0.5, 0.0, 0.309017, 0.5, -0.809017, 0.0, -0.5, 0.809017, 0.309017, 0.0, 0.0, 0.0, 0.0, 1.0 ], [ -0.5, 0.809017, 0.309017, 0.0, 0.809017, 0.309017, 0.5, 0.0, 0.309017, 0.5, -0.809017, 0.0, 0.0, 0.0, 0.0, 1.0 ], [ 0.309017, 0.5, -0.809017, 0.0, -0.5, 0.809017, 0.309017, 0.0, 0.809017, 0.309017, 0.5, 0.0, 0.0, 0.0, 0.0, 1.0 ], [ 0.5, 0.809017, 0.309017, 0.0, 0.809017, -0.309017, -0.5, 0.0, -0.309017, 0.5, -0.809017, 0.0, 0.0, 0.0, 0.0, 1.0 ], [ -0.309017, 0.5, -0.809017, 0.0, 0.5, 0.809017, 0.309017, 0.0, 0.809017, -0.309017, -0.5, 0.0, 0.0, 0.0, 0.0, 1.0 ], [ 0.809017, -0.309017, -0.5, 0.0, -0.309017, 0.5, -0.809017, 0.0, 0.5, 0.809017, 0.309017, 0.0, 0.0, 0.0, 0.0, 1.0 ], [ 0.5, 0.809017, -0.309017, 0.0, 0.809017, -0.309017, 0.5, 0.0, 0.309017, -0.5, -0.809017, 0.0, 0.0, 0.0, 0.0, 1.0 ], [ 0.309017, -0.5, -0.809017, 0.0, 0.5, 0.809017, -0.309017, 0.0, 0.809017, -0.309017, 0.5, 0.0, 0.0, 0.0, 0.0, 1.0 ], [ 0.809017, -0.309017, 0.5, 0.0, 0.309017, -0.5, -0.809017, 0.0, 0.5, 0.809017, -0.309017, 0.0, 0.0, 0.0, 0.0, 1.0 ], [ 0.809017, 0.309017, -0.5, 0.0, 0.309017, 0.5, 0.809017, 0.0, 0.5, -0.809017, 0.309017, 0.0, 0.0, 0.0, 0.0, 1.0 ], [ 0.5, -0.809017, 0.309017, 0.0, 0.809017, 0.309017, -0.5, 0.0, 0.309017, 0.5, 0.809017, 0.0, 0.0, 0.0, 0.0, 1.0 ], [ 0.309017, 0.5, 0.809017, 0.0, 0.5, -0.809017, 0.309017, 0.0, 0.809017, 0.309017, -0.5, 0.0, 0.0, 0.0, 0.0, 1.0 ], [ 1.0, 0.0, 0.0, 0.0, 0.0, -1.0, 0.0, 0.0, 0.0, 0.0, -1.0, 0.0, 0.0, 0.0, 0.0, 1.0 ], [ 0.0, 0.0, 1.0, 0.0, -1.0, 0.0, 0.0, 0.0, 0.0, -1.0, 0.0, 0.0, 0.0, 0.0, 0.0, 1.0 ], [ 0.0, 1.0, 0.0, 0.0, 0.0, 0.0, -1.0, 0.0, -1.0, 0.0, 0.0, 0.0, 0.0, 0.0, 0.0, 1.0 ], [ 0.809017, 0.309017, 0.5, 0.0, -0.309017, -0.5, 0.809017, 0.0, 0.5, -0.809017, -0.309017, 0.0, 0.0, 0.0, 0.0, 1.0 ], [ -0.5, 0.809017, 0.309017, 0.0, -0.809017, -0.309017, -0.5, 0.0, -0.309017, -0.5, 0.809017, 0.0, 0.0, 0.0, 0.0, 1.0 ], [ 0.309017, 0.5, -0.809017, 0.0, 0.5, -0.809017, -0.309017, 0.0, -0.809017, -0.309017, -0.5, 0.0, 0.0, 0.0, 0.0, 1.0 ], [ 0.5, 0.809017, 0.309017, 0.0, -0.809017, 0.309017, 0.5, 0.0, 0.309017, -0.5, 0.809017, 0.0, 0.0, 0.0, 0.0, 1.0 ], [ -0.309017, 0.5, -0.809017, 0.0, -0.5, -0.809017, -0.309017, 0.0, -0.809017, 0.309017, 0.5, 0.0, 0.0, 0.0, 0.0, 1.0 ], [ 0.809017, -0.309017, -0.5, 0.0, 0.309017, -0.5, 0.809017, 0.0, -0.5, -0.809017, -0.309017, 0.0, 0.0, 0.0, 0.0, 1.0 ], [ 0.5, 0.809017, -0.309017, 0.0, -0.809017, 0.309017, -0.5, 0.0, -0.309017, 0.5, 0.809017, 0.0, 0.0, 0.0, 0.0, 1.0 ], [ 0.309017, -0.5, -0.809017, 0.0, -0.5, -0.809017, 0.309017, 0.0, -0.809017, 0.309017, -0.5, 0.0, 0.0, 0.0, 0.0, 1.0 ], [ 0.809017, -0.309017, 0.5, 0.0, -0.309017, 0.5, 0.809017, 0.0, -0.5, -0.809017, 0.309017, 0.0, 0.0, 0.0, 0.0, 1.0 ], [ 0.809017, 0.309017, -0.5, 0.0, -0.309017, -0.5, -0.809017, 0.0, -0.5, 0.809017, -0.309017, 0.0, 0.0, 0.0, 0.0, 1.0 ], [ 0.5, -0.809017, 0.309017, 0.0, -0.809017, -0.309017, 0.5, 0.0, -0.309017, -0.5, -0.809017, 0.0, 0.0, 0.0, 0.0, 1.0 ], [ 0.309017, 0.5, 0.809017, 0.0, -0.5, 0.809017, -0.309017, 0.0, -0.809017, -0.309017, 0.5, 0.0, 0.0, 0.0, 0.0, 1.0 ], [ -1.0, 0.0, 0.0, 0.0, 0.0, -1.0, 0.0, 0.0, 0.0, 0.0, 1.0, 0.0, 0.0, 0.0, 0.0, 1.0 ], [ 0.0, 0.0, -1.0, 0.0, -1.0, 0.0, 0.0, 0.0, 0.0, 1.0, 0.0, 0.0, 0.0, 0.0, 0.0, 1.0 ], [ 0.0, -1.0, 0.0, 0.0, 0.0, 0.0, -1.0, 0.0, 1.0, 0.0, 0.0, 0.0, 0.0, 0.0, 0.0, 1.0 ], [ -0.809017, -0.309017, -0.5, 0.0, -0.309017, -0.5, 0.809017, 0.0, -0.5, 0.809017, 0.309017, 0.0, 0.0, 0.0, 0.0, 1.0 ], [ 0.5, -0.809017, -0.309017, 0.0, -0.809017, -0.309017, -0.5, 0.0, 0.309017, 0.5, -0.809017, 0.0, 0.0, 0.0, 0.0, 1.0 ], [ -0.309017, -0.5, 0.809017, 0.0, 0.5, -0.809017, -0.309017, 0.0, 0.809017, 0.309017, 0.5, 0.0, 0.0, 0.0, 0.0, 1.0 ], [ -0.5, -0.809017, -0.309017, 0.0, -0.809017, 0.309017, 0.5, 0.0, -0.309017, 0.5, -0.809017, 0.0, 0.0, 0.0, 0.0, 1.0 ], [ 0.309017, -0.5, 0.809017, 0.0, -0.5, -0.809017, -0.309017, 0.0, 0.809017, -0.309017, -0.5, 0.0, 0.0, 0.0, 0.0, 1.0 ], [ -0.809017, 0.309017, 0.5, 0.0, 0.309017, -0.5, 0.809017, 0.0, 0.5, 0.809017, 0.309017, 0.0, 0.0, 0.0, 0.0, 1.0 ], [ -0.5, -0.809017, 0.309017, 0.0, -0.809017, 0.309017, -0.5, 0.0, 0.309017, -0.5, -0.809017, 0.0, 0.0, 0.0, 0.0, 1.0 ], [ -0.309017, 0.5, 0.809017, 0.0, -0.5, -0.809017, 0.309017, 0.0, 0.809017, -0.309017, 0.5, 0.0, 0.0, 0.0, 0.0, 1.0 ], [ -0.809017, 0.309017, -0.5, 0.0, -0.309017, 0.5, 0.809017, 0.0, 0.5, 0.809017, -0.309017, 0.0, 0.0, 0.0, 0.0, 1.0 ], [ -0.809017, -0.309017, 0.5, 0.0, -0.309017, -0.5, -0.809017, 0.0, 0.5, -0.809017, 0.309017, 0.0, 0.0, 0.0, 0.0, 1.0 ], [ -0.5, 0.809017, -0.309017, 0.0, -0.809017, -0.309017, 0.5, 0.0, 0.309017, 0.5, 0.809017, 0.0, 0.0, 0.0, 0.0, 1.0 ], [ -0.309017, -0.5, -0.809017, 0.0, -0.5, 0.809017, -0.309017, 0.0, 0.809017, 0.309017, -0.5, 0.0, 0.0, 0.0, 0.0, 1.0 ], [ -1.0, 0.0, 0.0, 0.0, 0.0, 1.0, 0.0, 0.0, 0.0, 0.0, -1.0, 0.0, 0.0, 0.0, 0.0, 1.0 ], [ 0.0, 0.0, -1.0, 0.0, 1.0, 0.0, 0.0, 0.0, 0.0, -1.0, 0.0, 0.0, 0.0, 0.0, 0.0, 1.0 ], [ 0.0, -1.0, 0.0, 0.0, 0.0, 0.0, 1.0, 0.0, -1.0, 0.0, 0.0, 0.0, 0.0, 0.0, 0.0, 1.0 ], [ -0.809017, -0.309017, -0.5, 0.0, 0.309017, 0.5, -0.809017, 0.0, 0.5, -0.809017, -0.309017, 0.0, 0.0, 0.0, 0.0, 1.0 ], [ 0.5, -0.809017, -0.309017, 0.0, 0.809017, 0.309017, 0.5, 0.0, -0.309017, -0.5, 0.809017, 0.0, 0.0, 0.0, 0.0, 1.0 ], [ -0.309017, -0.5, 0.809017, 0.0, -0.5, 0.809017, 0.309017, 0.0, -0.809017, -0.309017, -0.5, 0.0, 0.0, 0.0, 0.0, 1.0 ], [ -0.5, -0.809017, -0.309017, 0.0, 0.809017, -0.309017, -0.5, 0.0, 0.309017, -0.5, 0.809017, 0.0, 0.0, 0.0, 0.0, 1.0 ], [ 0.309017, -0.5, 0.809017, 0.0, 0.5, 0.809017, 0.309017, 0.0, -0.809017, 0.309017, 0.5, 0.0, 0.0, 0.0, 0.0, 1.0 ], [ -0.809017, 0.309017, 0.5, 0.0, -0.309017, 0.5, -0.809017, 0.0, -0.5, -0.809017, -0.309017, 0.0, 0.0, 0.0, 0.0, 1.0 ], [ -0.5, -0.809017, 0.309017, 0.0, 0.809017, -0.309017, 0.5, 0.0, -0.309017, 0.5, 0.809017, 0.0, 0.0, 0.0, 0.0, 1.0 ], [ -0.309017, 0.5, 0.809017, 0.0, 0.5, 0.809017, -0.309017, 0.0, -0.809017, 0.309017, -0.5, 0.0, 0.0, 0.0, 0.0, 1.0 ], [ -0.809017, 0.309017, -0.5, 0.0, 0.309017, -0.5, -0.809017, 0.0, -0.5, -0.809017, 0.309017, 0.0, 0.0, 0.0, 0.0, 1.0 ], [ -0.809017, -0.309017, 0.5, 0.0, 0.309017, 0.5, 0.809017, 0.0, -0.5, 0.809017, -0.309017, 0.0, 0.0, 0.0, 0.0, 1.0 ], [ -0.5, 0.809017, -0.309017, 0.0, 0.809017, 0.309017, -0.5, 0.0, -0.309017, -0.5, -0.809017, 0.0, 0.0, 0.0, 0.0, 1.0 ], [ -0.309017, -0.5, -0.809017, 0.0, 0.5, -0.809017, 0.309017, 0.0, -0.809017, -0.309017, 0.5, 0.0, 0.0, 0.0, 0.0, 1.0 ] ],
  "lights" : {
    "directionalLights" : [ {
      "direction" : [ 1.0, -1.0, -1.0 ],
      "color" : "#EBEBE4"
    }, {
      "direction" : [ -1.0, 0.0, 0.0 ],
      "color" : "#E4E4EB"
    }, {
      "direction" : [ 0.0, 0.0, -1.0 ],
      "color" : "#1E1E1E"
    } ],
    "ambientColor" : "#292929",
    "backgroundColor" : "#AFC8DC"
  },
  "camera" : {
    "position" : {
      "x" : 75.156555,
      "y" : -75.156555,
      "z" : 75.156555
    },
    "width" : 58.578743,
    "fieldOfView" : 0.44262892,
    "lookDirectionRV" : {
      "x" : -0.57735026,
      "y" : 0.57735026,
      "z" : -0.57735026,
      "zero" : false
    },
    "perspective" : false,
    "upDirectionRV" : {
      "x" : 0.7071068,
      "y" : 0.7071068,
      "z" : 0.0,
      "zero" : false
    },
    "viewDistance" : 130.17497,
    "lookAtPointRV" : {
      "x" : 0.0,
      "y" : 0.0,
      "z" : 0.0,
      "zero" : true
    },
    "stereo" : false,
    "nearClipDistance" : 0.32543743,
    "lookAtPoint" : {
      "x" : 0.0,
      "y" : 0.0,
      "z" : 0.0
    },
    "farClipDistance" : 260.3497,
    "lookDirection" : {
      "x" : -0.57735026,
      "y" : 0.57735026,
      "z" : -0.57735026
    },
    "upDirection" : {
      "x" : 0.7071068,
      "y" : 0.7071068,
      "z" : 0.0
    }
  },
  "embedding" : [ 1.0, 0.0, 0.0, 0.0, 0.0, 1.0, 0.0, 0.0, 0.0, 0.0, 1.0, 0.0, 0.0, 0.0, 0.0, 1.0 ],
  "shapes" : [ {
    "id" : "60c43e35-91e3-43b6-bf98-987dcf6ba906",
    "name" : "ball",
    "vertices" : [ {
      "x" : 0.309017,
      "y" : -0.809017,
      "z" : 0.618034
    }, {
      "x" : 0.809017,
      "y" : -0.618034,
      "z" : 0.309017
    }, {
      "x" : 0.618034,
      "y" : -0.309017,
      "z" : 0.809017
    }, {
      "x" : 1.0,
      "y" : 0.309017,
      "z" : 0.19098301
    }, {
      "x" : 0.809017,
      "y" : 0.618034,
      "z" : 0.309017
    }, {
      "x" : 0.618034,
      "y" : 0.309017,
      "z" : 0.809017
    }, {
      "x" : 0.809017,
      "y" : 0.0,
      "z" : 0.690983
    }, {
      "x" : 0.19098301,
      "y" : -1.0,
      "z" : 0.309017
    }, {
      "x" : -0.19098301,
      "y" : -1.0,
      "z" : 0.309017
    }, {
      "x" : -0.19098301,
      "y" : -1.0,
      "z" : -0.309017
    }, {
      "x" : 0.19098301,
      "y" : -1.0,
      "z" : -0.309017
    }, {
      "x" : 1.0,
      "y" : -0.309017,
      "z" : -0.19098301
    }, {
      "x" : 0.809017,
      "y" : -0.618034,
      "z" : -0.309017
    }, {
      "x" : 0.618034,
      "y" : -0.309017,
      "z" : -0.809017
    }, {
      "x" : 0.809017,
      "y" : 0.0,
      "z" : -0.690983
    }, {
      "x" : 0.0,
      "y" : 0.690983,
      "z" : -0.809017
    }, {
      "x" : 0.309017,
      "y" : 0.809017,
      "z" : -0.618034
    }, {
      "x" : 0.618034,
      "y" : 0.309017,
      "z" : -0.809017
    }, {
      "x" : 0.309017,
      "y" : 0.19098301,
      "z" : -1.0
    }, {
      "x" : 1.0,
      "y" : 0.309017,
      "z" : -0.19098301
    }, {
      "x" : -0.309017,
      "y" : -0.809017,
      "z" : 0.618034
    }, {
      "x" : 0.0,
      "y" : -0.690983,
      "z" : 0.809017
    }, {
      "x" : 0.809017,
      "y" : 0.618034,
      "z" : -0.309017
    }, {
      "x" : 0.690983,
      "y" : 0.809017,
      "z" : 0.0
    }, {
      "x" : -0.690983,
      "y" : 0.809017,
      "z" : 0.0
    }, {
      "x" : -0.809017,
      "y" : 0.618034,
      "z" : 0.309017
    }, {
      "x" : -0.309017,
      "y" : 0.809017,
      "z" : 0.618034
    }, {
      "x" : -0.19098301,
      "y" : 1.0,
      "z" : 0.309017
    }, {
      "x" : 0.309017,
      "y" : -0.19098301,
      "z" : -1.0
    }, {
      "x" : 0.19098301,
      "y" : 1.0,
      "z" : 0.309017
    }, {
      "x" : 0.309017,
      "y" : 0.809017,
      "z" : 0.618034
    }, {
      "x" : -0.809017,
      "y" : -0.618034,
      "z" : 0.309017
    }, {
      "x" : -0.690983,
      "y" : -0.809017,
      "z" : 0.0
    }, {
      "x" : 0.0,
      "y" : 0.690983,
      "z" : 0.809017
    }, {
      "x" : 0.309017,
      "y" : -0.809017,
      "z" : -0.618034
    }, {
      "x" : 0.0,
      "y" : -0.690983,
      "z" : -0.809017
    }, {
      "x" : -1.0,
      "y" : 0.309017,
      "z" : 0.19098301
    }, {
      "x" : -0.809017,
      "y" : 0.0,
      "z" : 0.690983
    }, {
      "x" : -0.618034,
      "y" : 0.309017,
      "z" : 0.809017
    }, {
      "x" : 1.0,
      "y" : -0.309017,
      "z" : 0.19098301
    }, {
      "x" : -0.309017,
      "y" : -0.809017,
      "z" : -0.618034
    }, {
      "x" : -1.0,
      "y" : 0.309017,
      "z" : -0.19098301
    }, {
      "x" : -1.0,
      "y" : -0.309017,
      "z" : -0.19098301
    }, {
      "x" : -1.0,
      "y" : -0.309017,
      "z" : 0.19098301
    }, {
      "x" : 0.19098301,
      "y" : 1.0,
      "z" : -0.309017
    }, {
      "x" : -0.809017,
      "y" : 0.618034,
      "z" : -0.309017
    }, {
      "x" : -0.19098301,
      "y" : 1.0,
      "z" : -0.309017
    }, {
      "x" : -0.309017,
      "y" : 0.809017,
      "z" : -0.618034
    }, {
      "x" : -0.618034,
      "y" : -0.309017,
      "z" : 0.809017
    }, {
      "x" : 0.309017,
      "y" : 0.19098301,
      "z" : 1.0
    }, {
      "x" : -0.309017,
      "y" : 0.19098301,
      "z" : -1.0
    }, {
      "x" : -0.309017,
      "y" : 0.19098301,
      "z" : 1.0
    }, {
      "x" : -0.309017,
      "y" : -0.19098301,
      "z" : 1.0
    }, {
      "x" : 0.309017,
      "y" : -0.19098301,
      "z" : 1.0
    }, {
      "x" : 0.690983,
      "y" : -0.809017,
      "z" : 0.0
    }, {
      "x" : -0.809017,
      "y" : 0.0,
      "z" : -0.690983
    }, {
      "x" : -0.618034,
      "y" : -0.309017,
      "z" : -0.809017
    }, {
      "x" : -0.309017,
      "y" : -0.19098301,
      "z" : -1.0
    }, {
      "x" : -0.618034,
      "y" : 0.309017,
      "z" : -0.809017
    }, {
      "x" : -0.809017,
      "y" : -0.618034,
      "z" : -0.309017
    } ],
    "faces" : [ {
      "vertices" : [ 9, 40, 35, 34, 10 ]
    }, {
      "vertices" : [ 0, 1, 2 ]
    }, {
      "vertices" : [ 33, 51, 49 ]
    }, {
      "vertices" : [ 25, 36, 37, 38 ]
    }, {
      "vertices" : [ 41, 55, 42 ]
    }, {
      "vertices" : [ 9, 32, 59, 40 ]
    }, {
      "vertices" : [ 20, 21, 52, 48 ]
    }, {
      "vertices" : [ 26, 33, 30, 29, 27 ]
    }, {
      "vertices" : [ 3, 4, 5, 6 ]
    }, {
      "vertices" : [ 27, 29, 44, 46 ]
    }, {
      "vertices" : [ 50, 57, 56, 55, 58 ]
    }, {
      "vertices" : [ 26, 38, 51, 33 ]
    }, {
      "vertices" : [ 45, 47, 58 ]
    }, {
      "vertices" : [ 18, 28, 57, 50 ]
    }, {
      "vertices" : [ 40, 59, 56 ]
    }, {
      "vertices" : [ 31, 48, 37, 43 ]
    }, {
      "vertices" : [ 7, 8, 9, 10 ]
    }, {
      "vertices" : [ 36, 41, 42, 43 ]
    }, {
      "vertices" : [ 24, 46, 47, 45 ]
    }, {
      "vertices" : [ 4, 30, 5 ]
    }, {
      "vertices" : [ 15, 47, 46, 44, 16 ]
    }, {
      "vertices" : [ 15, 50, 58, 47 ]
    }, {
      "vertices" : [ 24, 45, 41, 36, 25 ]
    }, {
      "vertices" : [ 11, 14, 19 ]
    }, {
      "vertices" : [ 3, 6, 39 ]
    }, {
      "vertices" : [ 1, 39, 6, 2 ]
    }, {
      "vertices" : [ 8, 32, 9 ]
    }, {
      "vertices" : [ 11, 12, 13, 14 ]
    }, {
      "vertices" : [ 16, 22, 17 ]
    }, {
      "vertices" : [ 0, 21, 20, 8, 7 ]
    }, {
      "vertices" : [ 12, 34, 13 ]
    }, {
      "vertices" : [ 35, 40, 56, 57 ]
    }, {
      "vertices" : [ 0, 7, 54, 1 ]
    }, {
      "vertices" : [ 15, 16, 17, 18 ]
    }, {
      "vertices" : [ 3, 19, 22, 23, 4 ]
    }, {
      "vertices" : [ 7, 10, 54 ]
    }, {
      "vertices" : [ 41, 45, 58, 55 ]
    }, {
      "vertices" : [ 3, 39, 11, 19 ]
    }, {
      "vertices" : [ 14, 17, 22, 19 ]
    }, {
      "vertices" : [ 0, 2, 53, 21 ]
    }, {
      "vertices" : [ 49, 51, 52, 53 ]
    }, {
      "vertices" : [ 31, 43, 42, 59, 32 ]
    }, {
      "vertices" : [ 15, 18, 50 ]
    }, {
      "vertices" : [ 42, 55, 56, 59 ]
    }, {
      "vertices" : [ 4, 23, 29, 30 ]
    }, {
      "vertices" : [ 25, 38, 26 ]
    }, {
      "vertices" : [ 13, 28, 18, 17, 14 ]
    }, {
      "vertices" : [ 8, 20, 31, 32 ]
    }, {
      "vertices" : [ 23, 44, 29 ]
    }, {
      "vertices" : [ 24, 27, 46 ]
    }, {
      "vertices" : [ 37, 48, 52, 51, 38 ]
    }, {
      "vertices" : [ 20, 48, 31 ]
    }, {
      "vertices" : [ 24, 25, 26, 27 ]
    }, {
      "vertices" : [ 16, 44, 23, 22 ]
    }, {
      "vertices" : [ 13, 34, 35, 28 ]
    }, {
      "vertices" : [ 10, 34, 12, 54 ]
    }, {
      "vertices" : [ 2, 6, 5, 49, 53 ]
    }, {
      "vertices" : [ 36, 43, 37 ]
    }, {
      "vertices" : [ 5, 30, 33, 49 ]
    }, {
      "vertices" : [ 1, 54, 12, 11, 39 ]
    }, {
      "vertices" : [ 28, 35, 57 ]
    }, {
      "vertices" : [ 21, 53, 52 ]
    } ]
  }, {
    "id" : "9bf0418a-2a77-42ca-8d36-a4768d6779b3",
    "orbit" : "green",
    "orbitC" : "[[2,-1,1],[5,-3,1]]",
    "length" : "[0,1,2]",
    "name" : " :1/2*phi",
    "vertices" : [ {
      "x" : 7.2586102,
      "y" : 2.5815594,
      "z" : -1.177051
    }, {
      "x" : 8.281153,
      "y" : 2.618034,
      "z" : -1.309017
    }, {
      "x" : 7.2586102,
      "y" : 2.5815594,
      "z" : -0.79508495
    }, {
      "x" : 7.0676274,
      "y" : 2.8905764,
      "z" : -1.295085
    }, {
      "x" : 7.0676274,
      "y" : 2.8905764,
      "z" : -0.91311896
    }, {
      "x" : 0.809017,
      "y" : 0.618034,
      "z" : 0.309017
    }, {
      "x" : 1.0,
      "y" : 0.309017,
      "z" : 0.19098301
    }, {
      "x" : 1.9045085,
      "y" : 0.5364745,
      "z" : -0.013932022
    }, {
      "x" : 7.972136,
      "y" : 3.118034,
      "z" : -1.5
    }, {
      "x" : 8.163119,
      "y" : 2.809017,
      "z" : -1.618034
    }, {
      "x" : 8.163119,
      "y" : 2.809017,
      "z" : -1.0
    }, {
      "x" : 7.972136,
      "y" : 3.118034,
      "z" : -1.118034
    }, {
      "x" : 1.7135255,
      "y" : 0.8454915,
      "z" : -0.13196601
    }, {
      "x" : 0.690983,
      "y" : 0.809017,
      "z" : 0.0
    }, {
      "x" : 1.9045085,
      "y" : 0.5364745,
      "z" : -0.39589804
    }, {
      "x" : 1.7135255,
      "y" : 0.8454915,
      "z" : -0.51393205
    }, {
      "x" : 0.809017,
      "y" : 0.618034,
      "z" : -0.309017
    }, {
      "x" : 1.0,
      "y" : 0.309017,
      "z" : -0.19098301
    }, {
      "x" : 8.972136,
      "y" : 3.427051,
      "z" : -1.309017
    } ],
    "faces" : [ {
      "vertices" : [ 0, 14, 15, 3 ]
    }, {
      "vertices" : [ 3, 15, 12, 4 ]
    }, {
      "vertices" : [ 0, 1, 2 ]
    }, {
      "vertices" : [ 12, 15, 13 ]
    }, {
      "vertices" : [ 0, 9, 1 ]
    }, {
      "vertices" : [ 0, 3, 9 ]
    }, {
      "vertices" : [ 13, 15, 16 ]
    }, {
      "vertices" : [ 6, 17, 14, 7 ]
    }, {
      "vertices" : [ 1, 10, 2 ]
    }, {
      "vertices" : [ 5, 6, 7 ]
    }, {
      "vertices" : [ 3, 8, 9 ]
    }, {
      "vertices" : [ 0, 2, 7, 14 ]
    }, {
      "vertices" : [ 5, 7, 12 ]
    }, {
      "vertices" : [ 2, 4, 12, 7 ]
    }, {
      "vertices" : [ 3, 4, 11, 8 ]
    }, {
      "vertices" : [ 2, 10, 11, 4 ]
    }, {
      "vertices" : [ 5, 12, 13 ]
    }, {
      "vertices" : [ 14, 17, 16, 15 ]
    } ]
  } ],
  "instances" : [ {
    "shape" : "60c43e35-91e3-43b6-bf98-987dcf6ba906",
    "color" : "#F2F2F2",
    "position" : {
      "x" : -15.28992,
      "y" : 1.0544772,
      "z" : -6.854102
    }
  }, {
    "shape" : "9bf0418a-2a77-42ca-8d36-a4768d6779b3",
    "color" : "#FFFF00",
    "position" : {
      "x" : -8.435818,
      "y" : 7.9085793,
      "z" : 6.854102
    },
    "orientation" : 6
  }, {
    "shape" : "60c43e35-91e3-43b6-bf98-987dcf6ba906",
    "color" : "#F2F2F2",
    "position" : {
      "x" : -1.5817158,
      "y" : -5.799625,
      "z" : -13.708204
    }
  }, {
    "shape" : "60c43e35-91e3-43b6-bf98-987dcf6ba906",
    "color" : "#F2F2F2",
    "position" : {
      "x" : 12.126488,
      "y" : 1.0544772,
      "z" : -6.854102
    }
  }, {
    "shape" : "60c43e35-91e3-43b6-bf98-987dcf6ba906",
    "color" : "#F2F2F2",
    "position" : {
      "x" : -8.435818,
      "y" : 7.9085793,
      "z" : 6.854102
    }
  }, {
    "shape" : "9bf0418a-2a77-42ca-8d36-a4768d6779b3",
    "color" : "#FFFF00",
    "position" : {
      "x" : 12.126488,
      "y" : 1.0544772,
      "z" : -6.854102
    },
    "orientation" : 36
  }, {
    "shape" : "60c43e35-91e3-43b6-bf98-987dcf6ba906",
    "color" : "#F2F2F2",
    "position" : {
      "x" : 12.126488,
      "y" : 7.9085793,
      "z" : 0.0
    }
  }, {
    "shape" : "60c43e35-91e3-43b6-bf98-987dcf6ba906",
    "color" : "#F2F2F2",
    "position" : {
      "x" : 5.272386,
      "y" : -5.799625,
      "z" : -6.854102
    }
  }, {
    "shape" : "60c43e35-91e3-43b6-bf98-987dcf6ba906",
    "color" : "#F2F2F2",
    "position" : {
      "x" : -1.5817158,
      "y" : -12.653727,
      "z" : 6.854102
    }
  }, {
    "shape" : "9bf0418a-2a77-42ca-8d36-a4768d6779b3",
    "color" : "#CC00CC",
    "position" : {
      "x" : 5.272386,
      "y" : 14.762681,
      "z" : 0.0
    },
    "orientation" : 21
  }, {
    "shape" : "60c43e35-91e3-43b6-bf98-987dcf6ba906",
    "color" : "#F2F2F2",
    "position" : {
      "x" : 5.272386,
      "y" : 14.762681,
      "z" : 0.0
    }
  }, {
    "shape" : "9bf0418a-2a77-42ca-8d36-a4768d6779b3",
    "color" : "#0066FF",
    "position" : {
      "x" : -15.28992,
      "y" : 1.0544772,
      "z" : -6.854102
    },
    "orientation" : 7
  }, {
    "shape" : "9bf0418a-2a77-42ca-8d36-a4768d6779b3",
    "color" : "#FF0000",
    "position" : {
      "x" : -1.5817158,
      "y" : 14.762681,
      "z" : 6.854102
    },
    "orientation" : 23
  }, {
    "shape" : "60c43e35-91e3-43b6-bf98-987dcf6ba906",
    "color" : "#F2F2F2",
    "position" : {
      "x" : 12.126488,
      "y" : -19.507828,
      "z" : 0.0
    }
  }, {
    "shape" : "9bf0418a-2a77-42ca-8d36-a4768d6779b3",
    "color" : "#FF9900",
    "position" : {
      "x" : 5.272386,
      "y" : -5.799625,
      "z" : -6.854102
    },
    "orientation" : 37
  }, {
    "shape" : "9bf0418a-2a77-42ca-8d36-a4768d6779b3",
    "color" : "#0066FF",
    "position" : {
      "x" : 12.126488,
      "y" : 1.0544772,
      "z" : -6.854102
    },
    "orientation" : 7
  }, {
    "shape" : "9bf0418a-2a77-42ca-8d36-a4768d6779b3",
    "color" : "#FF9900",
    "position" : {
      "x" : -8.435818,
      "y" : 1.0544772,
      "z" : 13.708204
    },
    "orientation" : 52
  }, {
    "shape" : "60c43e35-91e3-43b6-bf98-987dcf6ba906",
    "color" : "#F2F2F2",
    "position" : {
      "x" : 5.272386,
      "y" : -12.653727,
      "z" : 0.0
    }
  }, {
    "shape" : "9bf0418a-2a77-42ca-8d36-a4768d6779b3",
    "color" : "#CC00CC",
    "position" : {
      "x" : 5.272386,
      "y" : -12.653727,
      "z" : 0.0
    },
    "orientation" : 21
  }, {
    "shape" : "60c43e35-91e3-43b6-bf98-987dcf6ba906",
    "color" : "#F2F2F2",
    "position" : {
      "x" : -8.435818,
      "y" : 1.0544772,
      "z" : 13.708204
    }
  }, {
    "shape" : "60c43e35-91e3-43b6-bf98-987dcf6ba906",
    "color" : "#F2F2F2",
    "position" : {
      "x" : -15.28992,
      "y" : 7.9085793,
      "z" : 0.0
    }
  }, {
    "shape" : "60c43e35-91e3-43b6-bf98-987dcf6ba906",
    "color" : "#F2F2F2",
    "position" : {
      "x" : -1.5817158,
      "y" : 14.762681,
      "z" : 6.854102
    }
  }, {
    "shape" : "9bf0418a-2a77-42ca-8d36-a4768d6779b3",
    "color" : "#FF0000",
    "position" : {
      "x" : -1.5817158,
      "y" : -12.653727,
      "z" : 6.854102
    },
    "orientation" : 23
  }, {
    "shape" : "9bf0418a-2a77-42ca-8d36-a4768d6779b3",
    "color" : "#00FF00",
    "position" : {
      "x" : -15.28992,
      "y" : 7.9085793,
      "z" : 0.0
    },
    "orientation" : 8
  }, {
    "shape" : "9bf0418a-2a77-42ca-8d36-a4768d6779b3",
    "color" : "#00FF00",
    "position" : {
      "x" : -1.5817158,
      "y" : -5.799625,
      "z" : -13.708204
    },
    "orientation" : 8
  } ],
  "scenes" : [ {
    "title" : "Unit cell",
    "content" : "",
    "view" : {
      "position" : {
        "x" : 75.156555,
        "y" : -75.156555,
        "z" : 75.156555
      },
      "width" : 58.578743,
      "fieldOfView" : 0.44262892,
      "lookDirectionRV" : {
        "x" : -0.57735026,
        "y" : 0.57735026,
        "z" : -0.57735026,
        "zero" : false
      },
      "perspective" : false,
      "upDirectionRV" : {
        "x" : 0.7071068,
        "y" : 0.7071068,
        "z" : 0.0,
        "zero" : false
      },
      "viewDistance" : 130.17497,
      "lookAtPointRV" : {
        "x" : 0.0,
        "y" : 0.0,
        "z" : 0.0,
        "zero" : true
      },
      "stereo" : false,
      "nearClipDistance" : 0.32543743,
      "lookAtPoint" : {
        "x" : 0.0,
        "y" : 0.0,
        "z" : 0.0
      },
      "farClipDistance" : 260.3497,
      "lookDirection" : {
        "x" : -0.57735026,
        "y" : 0.57735026,
        "z" : -0.57735026
      },
      "upDirection" : {
        "x" : 0.7071068,
        "y" : 0.7071068,
        "z" : 0.0
      }
    },
    "snapshot" : 0
  }, {
    "title" : "Zoom out",
    "content" : "",
    "view" : {
      "position" : {
        "x" : 387.44482,
        "y" : -387.44482,
        "z" : 387.44482
      },
      "width" : 301.98343,
      "fieldOfView" : 0.44262895,
      "lookDirectionRV" : {
        "x" : -0.57735026,
        "y" : 0.57735026,
        "z" : -0.57735026,
        "zero" : false
      },
      "perspective" : false,
      "upDirectionRV" : {
        "x" : 0.7071068,
        "y" : 0.7071068,
        "z" : 0.0,
        "zero" : false
      },
      "viewDistance" : 671.07416,
      "lookAtPointRV" : {
        "x" : 0.0,
        "y" : 0.0,
        "z" : 0.0,
        "zero" : true
      },
      "stereo" : false,
      "nearClipDistance" : 1.6776856,
      "lookAtPoint" : {
        "x" : 0.0,
        "y" : 0.0,
        "z" : 0.0
      },
      "farClipDistance" : 1342.1469,
      "lookDirection" : {
        "x" : -0.57735026,
        "y" : 0.57735026,
        "z" : -0.57735026
      },
      "upDirection" : {
        "x" : 0.7071068,
        "y" : 0.7071068,
        "z" : 0.0
      }
    },
    "snapshot" : 1
  }, {
    "title" : "Translate 1",
    "content" : "",
    "view" : {
      "position" : {
        "x" : 387.44482,
        "y" : -387.44482,
        "z" : 387.44482
      },
      "width" : 301.98343,
      "fieldOfView" : 0.44262895,
      "lookDirectionRV" : {
        "x" : -0.57735026,
        "y" : 0.57735026,
        "z" : -0.57735026,
        "zero" : false
      },
      "perspective" : false,
      "upDirectionRV" : {
        "x" : 0.7071068,
        "y" : 0.7071068,
        "z" : 0.0,
        "zero" : false
      },
      "viewDistance" : 671.07416,
      "lookAtPointRV" : {
        "x" : 0.0,
        "y" : 0.0,
        "z" : 0.0,
        "zero" : true
      },
      "stereo" : false,
      "nearClipDistance" : 1.6776856,
      "lookAtPoint" : {
        "x" : 0.0,
        "y" : 0.0,
        "z" : 0.0
      },
      "farClipDistance" : 1342.1469,
      "lookDirection" : {
        "x" : -0.57735026,
        "y" : 0.57735026,
        "z" : -0.57735026
      },
      "upDirection" : {
        "x" : 0.7071068,
        "y" : 0.7071068,
        "z" : 0.0
      }
    },
    "snapshot" : 2
  }, {
    "title" : "Translate 2",
    "content" : "",
    "view" : {
      "position" : {
        "x" : 387.44482,
        "y" : -387.44482,
        "z" : 387.44482
      },
      "width" : 301.98343,
      "fieldOfView" : 0.44262895,
      "lookDirectionRV" : {
        "x" : -0.57735026,
        "y" : 0.57735026,
        "z" : -0.57735026,
        "zero" : false
      },
      "perspective" : false,
      "upDirectionRV" : {
        "x" : 0.7071068,
        "y" : 0.7071068,
        "z" : 0.0,
        "zero" : false
      },
      "viewDistance" : 671.07416,
      "lookAtPointRV" : {
        "x" : 0.0,
        "y" : 0.0,
        "z" : 0.0,
        "zero" : true
      },
      "stereo" : false,
      "nearClipDistance" : 1.6776856,
      "lookAtPoint" : {
        "x" : 0.0,
        "y" : 0.0,
        "z" : 0.0
      },
      "farClipDistance" : 1342.1469,
      "lookDirection" : {
        "x" : -0.57735026,
        "y" : 0.57735026,
        "z" : -0.57735026
      },
      "upDirection" : {
        "x" : 0.7071068,
        "y" : 0.7071068,
        "z" : 0.0
      }
    },
    "snapshot" : 3
  }, {
    "title" : "Translate 3",
    "content" : "",
    "view" : {
      "position" : {
        "x" : 387.44482,
        "y" : -387.44482,
        "z" : 387.44482
      },
      "width" : 301.98343,
      "fieldOfView" : 0.44262895,
      "lookDirectionRV" : {
        "x" : -0.57735026,
        "y" : 0.57735026,
        "z" : -0.57735026,
        "zero" : false
      },
      "perspective" : false,
      "upDirectionRV" : {
        "x" : 0.7071068,
        "y" : 0.7071068,
        "z" : 0.0,
        "zero" : false
      },
      "viewDistance" : 671.07416,
      "lookAtPointRV" : {
        "x" : 0.0,
        "y" : 0.0,
        "z" : 0.0,
        "zero" : true
      },
      "stereo" : false,
      "nearClipDistance" : 1.6776856,
      "lookAtPoint" : {
        "x" : 0.0,
        "y" : 0.0,
        "z" : 0.0
      },
      "farClipDistance" : 1342.1469,
      "lookDirection" : {
        "x" : -0.57735026,
        "y" : 0.57735026,
        "z" : -0.57735026
      },
      "upDirection" : {
        "x" : 0.7071068,
        "y" : 0.7071068,
        "z" : 0.0
      }
    },
    "snapshot" : 4
  }, {
    "title" : "Reposition camera",
    "content" : "",
    "view" : {
      "position" : {
        "x" : 0.0,
        "y" : 0.0,
        "z" : 1222.7767
      },
      "width" : 550.2497,
      "fieldOfView" : 0.442629,
      "lookDirectionRV" : {
        "x" : 0.0,
        "y" : 0.0,
        "z" : -1.0,
        "zero" : false
      },
      "perspective" : false,
      "upDirectionRV" : {
        "x" : 0.3568221,
        "y" : 0.93417233,
        "z" : 0.0,
        "zero" : false
      },
      "viewDistance" : 1222.7767,
      "lookAtPointRV" : {
        "x" : 0.0,
        "y" : 0.0,
        "z" : 0.0,
        "zero" : true
      },
      "stereo" : false,
      "nearClipDistance" : 3.0569422,
      "lookAtPoint" : {
        "x" : 0.0,
        "y" : 0.0,
        "z" : 0.0
      },
      "farClipDistance" : 2445.5505,
      "lookDirection" : {
        "x" : 0.0,
        "y" : 0.0,
        "z" : -1.0
      },
      "upDirection" : {
        "x" : 0.3568221,
        "y" : 0.93417233,
        "z" : 0.0
      }
    },
    "snapshot" : 5
  } ],
  "snapshots" : [ [ {
    "shape" : "9bf0418a-2a77-42ca-8d36-a4768d6779b3",
    "color" : "#FF0000",
    "position" : {
      "x" : -1.5817158,
      "y" : 14.762681,
      "z" : 6.854102
    },
    "orientation" : 23
  }, {
    "shape" : "60c43e35-91e3-43b6-bf98-987dcf6ba906",
    "color" : "#F2F2F2",
    "position" : {
      "x" : 5.272386,
      "y" : 14.762681,
      "z" : 0.0
    },
    "orientation" : 0
  }, {
    "shape" : "60c43e35-91e3-43b6-bf98-987dcf6ba906",
    "color" : "#F2F2F2",
    "position" : {
      "x" : -8.435818,
      "y" : 1.0544772,
      "z" : 13.708204
    },
    "orientation" : 0
  }, {
    "shape" : "9bf0418a-2a77-42ca-8d36-a4768d6779b3",
    "color" : "#00FF00",
    "position" : {
      "x" : -1.5817158,
      "y" : -5.799625,
      "z" : -13.708204
    },
    "orientation" : 8
  }, {
    "shape" : "9bf0418a-2a77-42ca-8d36-a4768d6779b3",
    "color" : "#FF9900",
    "position" : {
      "x" : 5.272386,
      "y" : -5.799625,
      "z" : -6.854102
    },
    "orientation" : 37
  }, {
    "shape" : "9bf0418a-2a77-42ca-8d36-a4768d6779b3",
    "color" : "#FF0000",
    "position" : {
      "x" : -1.5817158,
      "y" : -12.653727,
      "z" : 6.854102
    },
    "orientation" : 23
  }, {
    "shape" : "60c43e35-91e3-43b6-bf98-987dcf6ba906",
    "color" : "#F2F2F2",
    "position" : {
      "x" : 5.272386,
      "y" : -12.653727,
      "z" : 0.0
    },
    "orientation" : 0
  }, {
    "shape" : "9bf0418a-2a77-42ca-8d36-a4768d6779b3",
    "color" : "#CC00CC",
    "position" : {
      "x" : 5.272386,
      "y" : 14.762681,
      "z" : 0.0
    },
    "orientation" : 21
  }, {
    "shape" : "60c43e35-91e3-43b6-bf98-987dcf6ba906",
    "color" : "#F2F2F2",
    "position" : {
      "x" : 12.126488,
      "y" : 7.9085793,
      "z" : 0.0
    },
    "orientation" : 0
  }, {
    "shape" : "60c43e35-91e3-43b6-bf98-987dcf6ba906",
    "color" : "#F2F2F2",
    "position" : {
      "x" : -1.5817158,
      "y" : -5.799625,
      "z" : -13.708204
    },
    "orientation" : 0
  }, {
    "shape" : "60c43e35-91e3-43b6-bf98-987dcf6ba906",
    "color" : "#F2F2F2",
    "position" : {
      "x" : -1.5817158,
      "y" : 14.762681,
      "z" : 6.854102
    },
    "orientation" : 0
  }, {
    "shape" : "60c43e35-91e3-43b6-bf98-987dcf6ba906",
    "color" : "#F2F2F2",
    "position" : {
      "x" : -1.5817158,
      "y" : -12.653727,
      "z" : 6.854102
    },
    "orientation" : 0
  }, {
    "shape" : "9bf0418a-2a77-42ca-8d36-a4768d6779b3",
    "color" : "#FF9900",
    "position" : {
      "x" : -8.435818,
      "y" : 1.0544772,
      "z" : 13.708204
    },
    "orientation" : 52
  }, {
    "shape" : "60c43e35-91e3-43b6-bf98-987dcf6ba906",
    "color" : "#F2F2F2",
    "position" : {
      "x" : -15.28992,
      "y" : 7.9085793,
      "z" : 0.0
    },
    "orientation" : 0
  }, {
    "shape" : "60c43e35-91e3-43b6-bf98-987dcf6ba906",
    "color" : "#F2F2F2",
    "position" : {
      "x" : -15.28992,
      "y" : 1.0544772,
      "z" : -6.854102
    },
    "orientation" : 0
  }, {
    "shape" : "60c43e35-91e3-43b6-bf98-987dcf6ba906",
    "color" : "#F2F2F2",
    "position" : {
      "x" : -8.435818,
      "y" : 7.9085793,
      "z" : 6.854102
    },
    "orientation" : 0
  }, {
    "shape" : "9bf0418a-2a77-42ca-8d36-a4768d6779b3",
    "color" : "#0066FF",
    "position" : {
      "x" : -15.28992,
      "y" : 1.0544772,
      "z" : -6.854102
    },
    "orientation" : 7
  }, {
    "shape" : "9bf0418a-2a77-42ca-8d36-a4768d6779b3",
    "color" : "#00FF00",
    "position" : {
      "x" : -15.28992,
      "y" : 7.9085793,
      "z" : 0.0
    },
    "orientation" : 8
  }, {
    "shape" : "9bf0418a-2a77-42ca-8d36-a4768d6779b3",
    "color" : "#FFFF00",
    "position" : {
      "x" : 12.126488,
      "y" : 1.0544772,
      "z" : -6.854102
    },
    "orientation" : 36
  }, {
    "shape" : "9bf0418a-2a77-42ca-8d36-a4768d6779b3",
    "color" : "#FFFF00",
    "position" : {
      "x" : -8.435818,
      "y" : 7.9085793,
      "z" : 6.854102
    },
    "orientation" : 6
  }, {
    "shape" : "60c43e35-91e3-43b6-bf98-987dcf6ba906",
    "color" : "#F2F2F2",
    "position" : {
      "x" : 12.126488,
      "y" : 1.0544772,
      "z" : -6.854102
    },
    "orientation" : 0
  }, {
    "shape" : "60c43e35-91e3-43b6-bf98-987dcf6ba906",
    "color" : "#F2F2F2",
    "position" : {
      "x" : 12.126488,
      "y" : -19.507828,
      "z" : 0.0
    },
    "orientation" : 0
  }, {
    "shape" : "9bf0418a-2a77-42ca-8d36-a4768d6779b3",
    "color" : "#CC00CC",
    "position" : {
      "x" : 5.272386,
      "y" : -12.653727,
      "z" : 0.0
    },
    "orientation" : 21
  }, {
    "shape" : "9bf0418a-2a77-42ca-8d36-a4768d6779b3",
    "color" : "#0066FF",
    "position" : {
      "x" : 12.126488,
      "y" : 1.0544772,
      "z" : -6.854102
    },
    "orientation" : 7
  }, {
    "shape" : "60c43e35-91e3-43b6-bf98-987dcf6ba906",
    "color" : "#F2F2F2",
    "position" : {
      "x" : 5.272386,
      "y" : -5.799625,
      "z" : -6.854102
    },
    "orientation" : 0
  } ], [ {
    "shape" : "60c43e35-91e3-43b6-bf98-987dcf6ba906",
    "color" : "#F2F2F2",
    "position" : {
      "x" : 12.126488,
      "y" : 7.9085793,
      "z" : 0.0
    },
    "orientation" : 0
  }, {
    "shape" : "60c43e35-91e3-43b6-bf98-987dcf6ba906",
    "color" : "#F2F2F2",
    "position" : {
      "x" : -1.5817158,
      "y" : -12.653727,
      "z" : 6.854102
    },
    "orientation" : 0
  }, {
    "shape" : "9bf0418a-2a77-42ca-8d36-a4768d6779b3",
    "color" : "#FFFF00",
    "position" : {
      "x" : -8.435818,
      "y" : 7.9085793,
      "z" : 6.854102
    },
    "orientation" : 6
  }, {
    "shape" : "9bf0418a-2a77-42ca-8d36-a4768d6779b3",
    "color" : "#FFFF00",
    "position" : {
      "x" : 12.126488,
      "y" : 1.0544772,
      "z" : -6.854102
    },
    "orientation" : 36
  }, {
    "shape" : "9bf0418a-2a77-42ca-8d36-a4768d6779b3",
    "color" : "#00FF00",
    "position" : {
      "x" : -15.28992,
      "y" : 7.9085793,
      "z" : 0.0
    },
    "orientation" : 8
  }, {
    "shape" : "60c43e35-91e3-43b6-bf98-987dcf6ba906",
    "color" : "#F2F2F2",
    "position" : {
      "x" : -15.28992,
      "y" : 7.9085793,
      "z" : 0.0
    },
    "orientation" : 0
  }, {
    "shape" : "9bf0418a-2a77-42ca-8d36-a4768d6779b3",
    "color" : "#FF9900",
    "position" : {
      "x" : -8.435818,
      "y" : 1.0544772,
      "z" : 13.708204
    },
    "orientation" : 52
  }, {
    "shape" : "9bf0418a-2a77-42ca-8d36-a4768d6779b3",
    "color" : "#00FF00",
    "position" : {
      "x" : -1.5817158,
      "y" : -5.799625,
      "z" : -13.708204
    },
    "orientation" : 8
  }, {
    "shape" : "9bf0418a-2a77-42ca-8d36-a4768d6779b3",
    "color" : "#CC00CC",
    "position" : {
      "x" : 5.272386,
      "y" : 14.762681,
      "z" : 0.0
    },
    "orientation" : 21
  }, {
    "shape" : "60c43e35-91e3-43b6-bf98-987dcf6ba906",
    "color" : "#F2F2F2",
    "position" : {
      "x" : -15.28992,
      "y" : 1.0544772,
      "z" : -6.854102
    },
    "orientation" : 0
  }, {
    "shape" : "9bf0418a-2a77-42ca-8d36-a4768d6779b3",
    "color" : "#FF0000",
    "position" : {
      "x" : -1.5817158,
      "y" : -12.653727,
      "z" : 6.854102
    },
    "orientation" : 23
  }, {
    "shape" : "9bf0418a-2a77-42ca-8d36-a4768d6779b3",
    "color" : "#0066FF",
    "position" : {
      "x" : 12.126488,
      "y" : 1.0544772,
      "z" : -6.854102
    },
    "orientation" : 7
  }, {
    "shape" : "60c43e35-91e3-43b6-bf98-987dcf6ba906",
    "color" : "#F2F2F2",
    "position" : {
      "x" : -1.5817158,
      "y" : -5.799625,
      "z" : -13.708204
    },
    "orientation" : 0
  }, {
    "shape" : "60c43e35-91e3-43b6-bf98-987dcf6ba906",
    "color" : "#F2F2F2",
    "position" : {
      "x" : 12.126488,
      "y" : -19.507828,
      "z" : 0.0
    },
    "orientation" : 0
  }, {
    "shape" : "60c43e35-91e3-43b6-bf98-987dcf6ba906",
    "color" : "#F2F2F2",
    "position" : {
      "x" : -8.435818,
      "y" : 7.9085793,
      "z" : 6.854102
    },
    "orientation" : 0
  }, {
    "shape" : "60c43e35-91e3-43b6-bf98-987dcf6ba906",
    "color" : "#F2F2F2",
    "position" : {
      "x" : 5.272386,
      "y" : 14.762681,
      "z" : 0.0
    },
    "orientation" : 0
  }, {
    "shape" : "60c43e35-91e3-43b6-bf98-987dcf6ba906",
    "color" : "#F2F2F2",
    "position" : {
      "x" : -8.435818,
      "y" : 1.0544772,
      "z" : 13.708204
    },
    "orientation" : 0
  }, {
    "shape" : "60c43e35-91e3-43b6-bf98-987dcf6ba906",
    "color" : "#F2F2F2",
    "position" : {
      "x" : 5.272386,
      "y" : -5.799625,
      "z" : -6.854102
    },
    "orientation" : 0
  }, {
    "shape" : "9bf0418a-2a77-42ca-8d36-a4768d6779b3",
    "color" : "#FF0000",
    "position" : {
      "x" : -1.5817158,
      "y" : 14.762681,
      "z" : 6.854102
    },
    "orientation" : 23
  }, {
    "shape" : "60c43e35-91e3-43b6-bf98-987dcf6ba906",
    "color" : "#F2F2F2",
    "position" : {
      "x" : 12.126488,
      "y" : 1.0544772,
      "z" : -6.854102
    },
    "orientation" : 0
  }, {
    "shape" : "9bf0418a-2a77-42ca-8d36-a4768d6779b3",
    "color" : "#CC00CC",
    "position" : {
      "x" : 5.272386,
      "y" : -12.653727,
