{
  "polygons" : "true",
  "field" : "golden",
  "symmetry" : "icosahedral",
  "orientations" : [ [ 1.0, 0.0, 0.0, 0.0, 0.0, 1.0, 0.0, 0.0, 0.0, 0.0, 1.0, 0.0, 0.0, 0.0, 0.0, 1.0 ], [ 0.0, 0.0, 1.0, 0.0, 1.0, 0.0, 0.0, 0.0, 0.0, 1.0, 0.0, 0.0, 0.0, 0.0, 0.0, 1.0 ], [ 0.0, 1.0, 0.0, 0.0, 0.0, 0.0, 1.0, 0.0, 1.0, 0.0, 0.0, 0.0, 0.0, 0.0, 0.0, 1.0 ], [ 0.809017, 0.309017, 0.5, 0.0, 0.309017, 0.5, -0.809017, 0.0, -0.5, 0.809017, 0.309017, 0.0, 0.0, 0.0, 0.0, 1.0 ], [ -0.5, 0.809017, 0.309017, 0.0, 0.809017, 0.309017, 0.5, 0.0, 0.309017, 0.5, -0.809017, 0.0, 0.0, 0.0, 0.0, 1.0 ], [ 0.309017, 0.5, -0.809017, 0.0, -0.5, 0.809017, 0.309017, 0.0, 0.809017, 0.309017, 0.5, 0.0, 0.0, 0.0, 0.0, 1.0 ], [ 0.5, 0.809017, 0.309017, 0.0, 0.809017, -0.309017, -0.5, 0.0, -0.309017, 0.5, -0.809017, 0.0, 0.0, 0.0, 0.0, 1.0 ], [ -0.309017, 0.5, -0.809017, 0.0, 0.5, 0.809017, 0.309017, 0.0, 0.809017, -0.309017, -0.5, 0.0, 0.0, 0.0, 0.0, 1.0 ], [ 0.809017, -0.309017, -0.5, 0.0, -0.309017, 0.5, -0.809017, 0.0, 0.5, 0.809017, 0.309017, 0.0, 0.0, 0.0, 0.0, 1.0 ], [ 0.5, 0.809017, -0.309017, 0.0, 0.809017, -0.309017, 0.5, 0.0, 0.309017, -0.5, -0.809017, 0.0, 0.0, 0.0, 0.0, 1.0 ], [ 0.309017, -0.5, -0.809017, 0.0, 0.5, 0.809017, -0.309017, 0.0, 0.809017, -0.309017, 0.5, 0.0, 0.0, 0.0, 0.0, 1.0 ], [ 0.809017, -0.309017, 0.5, 0.0, 0.309017, -0.5, -0.809017, 0.0, 0.5, 0.809017, -0.309017, 0.0, 0.0, 0.0, 0.0, 1.0 ], [ 0.809017, 0.309017, -0.5, 0.0, 0.309017, 0.5, 0.809017, 0.0, 0.5, -0.809017, 0.309017, 0.0, 0.0, 0.0, 0.0, 1.0 ], [ 0.5, -0.809017, 0.309017, 0.0, 0.809017, 0.309017, -0.5, 0.0, 0.309017, 0.5, 0.809017, 0.0, 0.0, 0.0, 0.0, 1.0 ], [ 0.309017, 0.5, 0.809017, 0.0, 0.5, -0.809017, 0.309017, 0.0, 0.809017, 0.309017, -0.5, 0.0, 0.0, 0.0, 0.0, 1.0 ], [ 1.0, 0.0, 0.0, 0.0, 0.0, -1.0, 0.0, 0.0, 0.0, 0.0, -1.0, 0.0, 0.0, 0.0, 0.0, 1.0 ], [ 0.0, 0.0, 1.0, 0.0, -1.0, 0.0, 0.0, 0.0, 0.0, -1.0, 0.0, 0.0, 0.0, 0.0, 0.0, 1.0 ], [ 0.0, 1.0, 0.0, 0.0, 0.0, 0.0, -1.0, 0.0, -1.0, 0.0, 0.0, 0.0, 0.0, 0.0, 0.0, 1.0 ], [ 0.809017, 0.309017, 0.5, 0.0, -0.309017, -0.5, 0.809017, 0.0, 0.5, -0.809017, -0.309017, 0.0, 0.0, 0.0, 0.0, 1.0 ], [ -0.5, 0.809017, 0.309017, 0.0, -0.809017, -0.309017, -0.5, 0.0, -0.309017, -0.5, 0.809017, 0.0, 0.0, 0.0, 0.0, 1.0 ], [ 0.309017, 0.5, -0.809017, 0.0, 0.5, -0.809017, -0.309017, 0.0, -0.809017, -0.309017, -0.5, 0.0, 0.0, 0.0, 0.0, 1.0 ], [ 0.5, 0.809017, 0.309017, 0.0, -0.809017, 0.309017, 0.5, 0.0, 0.309017, -0.5, 0.809017, 0.0, 0.0, 0.0, 0.0, 1.0 ], [ -0.309017, 0.5, -0.809017, 0.0, -0.5, -0.809017, -0.309017, 0.0, -0.809017, 0.309017, 0.5, 0.0, 0.0, 0.0, 0.0, 1.0 ], [ 0.809017, -0.309017, -0.5, 0.0, 0.309017, -0.5, 0.809017, 0.0, -0.5, -0.809017, -0.309017, 0.0, 0.0, 0.0, 0.0, 1.0 ], [ 0.5, 0.809017, -0.309017, 0.0, -0.809017, 0.309017, -0.5, 0.0, -0.309017, 0.5, 0.809017, 0.0, 0.0, 0.0, 0.0, 1.0 ], [ 0.309017, -0.5, -0.809017, 0.0, -0.5, -0.809017, 0.309017, 0.0, -0.809017, 0.309017, -0.5, 0.0, 0.0, 0.0, 0.0, 1.0 ], [ 0.809017, -0.309017, 0.5, 0.0, -0.309017, 0.5, 0.809017, 0.0, -0.5, -0.809017, 0.309017, 0.0, 0.0, 0.0, 0.0, 1.0 ], [ 0.809017, 0.309017, -0.5, 0.0, -0.309017, -0.5, -0.809017, 0.0, -0.5, 0.809017, -0.309017, 0.0, 0.0, 0.0, 0.0, 1.0 ], [ 0.5, -0.809017, 0.309017, 0.0, -0.809017, -0.309017, 0.5, 0.0, -0.309017, -0.5, -0.809017, 0.0, 0.0, 0.0, 0.0, 1.0 ], [ 0.309017, 0.5, 0.809017, 0.0, -0.5, 0.809017, -0.309017, 0.0, -0.809017, -0.309017, 0.5, 0.0, 0.0, 0.0, 0.0, 1.0 ], [ -1.0, 0.0, 0.0, 0.0, 0.0, -1.0, 0.0, 0.0, 0.0, 0.0, 1.0, 0.0, 0.0, 0.0, 0.0, 1.0 ], [ 0.0, 0.0, -1.0, 0.0, -1.0, 0.0, 0.0, 0.0, 0.0, 1.0, 0.0, 0.0, 0.0, 0.0, 0.0, 1.0 ], [ 0.0, -1.0, 0.0, 0.0, 0.0, 0.0, -1.0, 0.0, 1.0, 0.0, 0.0, 0.0, 0.0, 0.0, 0.0, 1.0 ], [ -0.809017, -0.309017, -0.5, 0.0, -0.309017, -0.5, 0.809017, 0.0, -0.5, 0.809017, 0.309017, 0.0, 0.0, 0.0, 0.0, 1.0 ], [ 0.5, -0.809017, -0.309017, 0.0, -0.809017, -0.309017, -0.5, 0.0, 0.309017, 0.5, -0.809017, 0.0, 0.0, 0.0, 0.0, 1.0 ], [ -0.309017, -0.5, 0.809017, 0.0, 0.5, -0.809017, -0.309017, 0.0, 0.809017, 0.309017, 0.5, 0.0, 0.0, 0.0, 0.0, 1.0 ], [ -0.5, -0.809017, -0.309017, 0.0, -0.809017, 0.309017, 0.5, 0.0, -0.309017, 0.5, -0.809017, 0.0, 0.0, 0.0, 0.0, 1.0 ], [ 0.309017, -0.5, 0.809017, 0.0, -0.5, -0.809017, -0.309017, 0.0, 0.809017, -0.309017, -0.5, 0.0, 0.0, 0.0, 0.0, 1.0 ], [ -0.809017, 0.309017, 0.5, 0.0, 0.309017, -0.5, 0.809017, 0.0, 0.5, 0.809017, 0.309017, 0.0, 0.0, 0.0, 0.0, 1.0 ], [ -0.5, -0.809017, 0.309017, 0.0, -0.809017, 0.309017, -0.5, 0.0, 0.309017, -0.5, -0.809017, 0.0, 0.0, 0.0, 0.0, 1.0 ], [ -0.309017, 0.5, 0.809017, 0.0, -0.5, -0.809017, 0.309017, 0.0, 0.809017, -0.309017, 0.5, 0.0, 0.0, 0.0, 0.0, 1.0 ], [ -0.809017, 0.309017, -0.5, 0.0, -0.309017, 0.5, 0.809017, 0.0, 0.5, 0.809017, -0.309017, 0.0, 0.0, 0.0, 0.0, 1.0 ], [ -0.809017, -0.309017, 0.5, 0.0, -0.309017, -0.5, -0.809017, 0.0, 0.5, -0.809017, 0.309017, 0.0, 0.0, 0.0, 0.0, 1.0 ], [ -0.5, 0.809017, -0.309017, 0.0, -0.809017, -0.309017, 0.5, 0.0, 0.309017, 0.5, 0.809017, 0.0, 0.0, 0.0, 0.0, 1.0 ], [ -0.309017, -0.5, -0.809017, 0.0, -0.5, 0.809017, -0.309017, 0.0, 0.809017, 0.309017, -0.5, 0.0, 0.0, 0.0, 0.0, 1.0 ], [ -1.0, 0.0, 0.0, 0.0, 0.0, 1.0, 0.0, 0.0, 0.0, 0.0, -1.0, 0.0, 0.0, 0.0, 0.0, 1.0 ], [ 0.0, 0.0, -1.0, 0.0, 1.0, 0.0, 0.0, 0.0, 0.0, -1.0, 0.0, 0.0, 0.0, 0.0, 0.0, 1.0 ], [ 0.0, -1.0, 0.0, 0.0, 0.0, 0.0, 1.0, 0.0, -1.0, 0.0, 0.0, 0.0, 0.0, 0.0, 0.0, 1.0 ], [ -0.809017, -0.309017, -0.5, 0.0, 0.309017, 0.5, -0.809017, 0.0, 0.5, -0.809017, -0.309017, 0.0, 0.0, 0.0, 0.0, 1.0 ], [ 0.5, -0.809017, -0.309017, 0.0, 0.809017, 0.309017, 0.5, 0.0, -0.309017, -0.5, 0.809017, 0.0, 0.0, 0.0, 0.0, 1.0 ], [ -0.309017, -0.5, 0.809017, 0.0, -0.5, 0.809017, 0.309017, 0.0, -0.809017, -0.309017, -0.5, 0.0, 0.0, 0.0, 0.0, 1.0 ], [ -0.5, -0.809017, -0.309017, 0.0, 0.809017, -0.309017, -0.5, 0.0, 0.309017, -0.5, 0.809017, 0.0, 0.0, 0.0, 0.0, 1.0 ], [ 0.309017, -0.5, 0.809017, 0.0, 0.5, 0.809017, 0.309017, 0.0, -0.809017, 0.309017, 0.5, 0.0, 0.0, 0.0, 0.0, 1.0 ], [ -0.809017, 0.309017, 0.5, 0.0, -0.309017, 0.5, -0.809017, 0.0, -0.5, -0.809017, -0.309017, 0.0, 0.0, 0.0, 0.0, 1.0 ], [ -0.5, -0.809017, 0.309017, 0.0, 0.809017, -0.309017, 0.5, 0.0, -0.309017, 0.5, 0.809017, 0.0, 0.0, 0.0, 0.0, 1.0 ], [ -0.309017, 0.5, 0.809017, 0.0, 0.5, 0.809017, -0.309017, 0.0, -0.809017, 0.309017, -0.5, 0.0, 0.0, 0.0, 0.0, 1.0 ], [ -0.809017, 0.309017, -0.5, 0.0, 0.309017, -0.5, -0.809017, 0.0, -0.5, -0.809017, 0.309017, 0.0, 0.0, 0.0, 0.0, 1.0 ], [ -0.809017, -0.309017, 0.5, 0.0, 0.309017, 0.5, 0.809017, 0.0, -0.5, 0.809017, -0.309017, 0.0, 0.0, 0.0, 0.0, 1.0 ], [ -0.5, 0.809017, -0.309017, 0.0, 0.809017, 0.309017, -0.5, 0.0, -0.309017, -0.5, -0.809017, 0.0, 0.0, 0.0, 0.0, 1.0 ], [ -0.309017, -0.5, -0.809017, 0.0, 0.5, -0.809017, 0.309017, 0.0, -0.809017, -0.309017, 0.5, 0.0, 0.0, 0.0, 0.0, 1.0 ] ],
  "lights" : {
    "directionalLights" : [ {
      "direction" : [ 1.0, -1.0, -1.0 ],
      "color" : "#EBEBE4"
    }, {
      "direction" : [ -1.0, 0.0, 0.0 ],
      "color" : "#E4E4EB"
    }, {
      "direction" : [ 0.0, 0.0, -1.0 ],
      "color" : "#1E1E1E"
    } ],
    "ambientColor" : "#292929",
    "backgroundColor" : "#AFC8DC"
  },
  "camera" : {
    "width" : 113.33768,
    "position" : {
      "x" : 0.0,
      "y" : 0.0,
      "z" : 251.86151
    },
    "nearClipDistance" : 0.6296537,
    "fieldOfView" : 0.44262886,
    "perspective" : true,
    "farClipDistance" : 503.72293,
    "viewDistance" : 251.86151,
    "lookAtPoint" : {
      "x" : 0.0,
      "y" : 0.0,
      "z" : 0.0
    },
    "lookDirection" : {
      "x" : 0.0,
      "y" : 0.0,
      "z" : -1.0
    },
    "upDirection" : {
      "x" : 0.0,
      "y" : 1.0,
      "z" : 0.0
    },
    "stereo" : false
  },
  "embedding" : [ 1.0, 0.0, 0.0, 0.0, 0.0, 1.0, 0.0, 0.0, 0.0, 0.0, 1.0, 0.0, 0.0, 0.0, 0.0, 1.0 ],
  "shapes" : [ {
    "id" : "da3ac819-e501-46e1-b72b-c1254dcfd744",
    "vertices" : [ {
      "x" : 0.0,
      "y" : 0.0,
      "z" : 0.0
    }, {
      "x" : 6.854102,
      "y" : -5.854102,
      "z" : 1.0
    }, {
      "x" : 11.09017,
      "y" : 1.0,
      "z" : 6.854102
    } ],
    "faces" : [ {
      "vertices" : [ 0, 1, 2 ]
    }, {
      "vertices" : [ 0, 2, 1 ]
    } ]
  }, {
    "id" : "0e65bc19-01eb-432d-96f4-a1c51a8bb3cb",
    "vertices" : [ {
      "x" : 0.0,
      "y" : 0.0,
      "z" : 0.0
    }, {
      "x" : -11.09017,
      "y" : -1.0,
      "z" : -6.854102
    }, {
      "x" : -4.236068,
      "y" : -6.854102,
      "z" : -5.854102
    } ],
    "faces" : [ {
      "vertices" : [ 0, 1, 2 ]
    }, {
      "vertices" : [ 0, 2, 1 ]
    } ]
  }, {
    "id" : "c2d6a5fd-ec52-4eaa-bd1c-f6be5eaa36a4",
    "orbit" : "apple",
    "orbitC" : "[[2,-1,3],[-1,1,3]]",
    "length" : "[0,1,1]",
    "name" : "medium",
    "vertices" : [ {
      "x" : 0.559017,
      "y" : 0.4045085,
      "z" : 0.7725425
    }, {
      "x" : 0.5,
      "y" : 0.38196602,
      "z" : 0.809017
    }, {
      "x" : 0.309017,
      "y" : 0.309017,
      "z" : 0.927051
    }, {
      "x" : 0.25,
      "y" : 0.2864745,
      "z" : 0.9635255
    }, {
      "x" : 0.309017,
      "y" : 0.809017,
      "z" : 0.618034
    }, {
      "x" : 0.0,
      "y" : 0.690983,
      "z" : 0.809017
    }, {
      "x" : 0.042572472,
      "y" : 0.5570832,
      "z" : 1.7245873
    }, {
      "x" : 0.6101011,
      "y" : 0.8590048,
      "z" : 1.5278641
    }, {
      "x" : 0.46420303,
      "y" : 0.80327666,
      "z" : 1.618034
    }, {
      "x" : 0.14589803,
      "y" : 0.681695,
      "z" : 1.8147573
    }, {
      "x" : 0.14589803,
      "y" : 1.318305,
      "z" : 1.4213107
    }, {
      "x" : -0.17240697,
      "y" : 1.1967233,
      "z" : 1.618034
    }, {
      "x" : 1.172407,
      "y" : 5.6573787,
      "z" : 9.472136
    }, {
      "x" : 0.85410196,
      "y" : 5.535797,
      "z" : 9.6688595
    }, {
      "x" : 0.85410196,
      "y" : 6.172407,
      "z" : 9.275413
    }, {
      "x" : 0.53579694,
      "y" : 6.050825,
      "z" : 9.472136
    }, {
      "x" : 1.0,
      "y" : 6.163119,
      "z" : 10.281153
    }, {
      "x" : 0.690983,
      "y" : 6.045085,
      "z" : 10.472136
    }, {
      "x" : 0.75,
      "y" : 6.5676274,
      "z" : 10.126644
    }, {
      "x" : 0.440983,
      "y" : 6.4495935,
      "z" : 10.317628
    }, {
      "x" : 1.0,
      "y" : 6.854102,
      "z" : 11.09017
    } ],
    "faces" : [ {
      "vertices" : [ 13, 17, 19, 15 ]
    }, {
      "vertices" : [ 14, 15, 19, 18 ]
    }, {
      "vertices" : [ 16, 18, 19, 17 ]
    }, {
      "vertices" : [ 0, 7, 1 ]
    }, {
      "vertices" : [ 8, 12, 13, 9 ]
    }, {
      "vertices" : [ 0, 4, 7 ]
    }, {
      "vertices" : [ 2, 6, 3 ]
    }, {
      "vertices" : [ 0, 3, 5, 4 ]
    }, {
      "vertices" : [ 8, 10, 14, 12 ]
    }, {
      "vertices" : [ 3, 6, 5 ]
    }, {
      "vertices" : [ 1, 7, 8 ]
    }, {
      "vertices" : [ 9, 13, 15, 11 ]
    }, {
      "vertices" : [ 2, 9, 6 ]
    }, {
      "vertices" : [ 10, 11, 15, 14 ]
    }, {
      "vertices" : [ 1, 8, 9, 2 ]
    }, {
      "vertices" : [ 4, 10, 7 ]
    }, {
      "vertices" : [ 5, 6, 11 ]
    }, {
      "vertices" : [ 7, 10, 8 ]
    }, {
      "vertices" : [ 6, 9, 11 ]
    }, {
      "vertices" : [ 12, 16, 17, 13 ]
    }, {
      "vertices" : [ 12, 14, 18, 16 ]
    }, {
      "vertices" : [ 4, 5, 11, 10 ]
    } ]
  }, {
    "id" : "538642bd-46f2-4455-8367-ba8513da9ed8",
    "name" : "ball",
    "vertices" : [ {
      "x" : 0.309017,
      "y" : -0.809017,
      "z" : 0.618034
    }, {
      "x" : 0.809017,
      "y" : -0.618034,
      "z" : 0.309017
    }, {
      "x" : 0.618034,
      "y" : -0.309017,
      "z" : 0.809017
    }, {
      "x" : 1.0,
      "y" : 0.309017,
      "z" : 0.19098301
    }, {
      "x" : 0.809017,
      "y" : 0.618034,
      "z" : 0.309017
    }, {
      "x" : 0.618034,
      "y" : 0.309017,
      "z" : 0.809017
    }, {
      "x" : 0.809017,
      "y" : 0.0,
      "z" : 0.690983
    }, {
      "x" : 0.19098301,
      "y" : -1.0,
      "z" : 0.309017
    }, {
      "x" : -0.19098301,
      "y" : -1.0,
      "z" : 0.309017
    }, {
      "x" : -0.19098301,
      "y" : -1.0,
      "z" : -0.309017
    }, {
      "x" : 0.19098301,
      "y" : -1.0,
      "z" : -0.309017
    }, {
      "x" : 1.0,
      "y" : -0.309017,
      "z" : -0.19098301
    }, {
      "x" : 0.809017,
      "y" : -0.618034,
      "z" : -0.309017
    }, {
      "x" : 0.618034,
      "y" : -0.309017,
      "z" : -0.809017
    }, {
      "x" : 0.809017,
      "y" : 0.0,
      "z" : -0.690983
    }, {
      "x" : 0.0,
      "y" : 0.690983,
      "z" : -0.809017
    }, {
      "x" : 0.309017,
      "y" : 0.809017,
      "z" : -0.618034
    }, {
      "x" : 0.618034,
      "y" : 0.309017,
      "z" : -0.809017
    }, {
      "x" : 0.309017,
      "y" : 0.19098301,
      "z" : -1.0
    }, {
      "x" : 1.0,
      "y" : 0.309017,
      "z" : -0.19098301
    }, {
      "x" : -0.309017,
      "y" : -0.809017,
      "z" : 0.618034
    }, {
      "x" : 0.0,
      "y" : -0.690983,
      "z" : 0.809017
    }, {
      "x" : 0.809017,
      "y" : 0.618034,
      "z" : -0.309017
    }, {
      "x" : 0.690983,
      "y" : 0.809017,
      "z" : 0.0
    }, {
      "x" : -0.690983,
      "y" : 0.809017,
      "z" : 0.0
    }, {
      "x" : -0.809017,
      "y" : 0.618034,
      "z" : 0.309017
    }, {
      "x" : -0.309017,
      "y" : 0.809017,
      "z" : 0.618034
    }, {
      "x" : -0.19098301,
      "y" : 1.0,
      "z" : 0.309017
    }, {
      "x" : 0.309017,
      "y" : -0.19098301,
      "z" : -1.0
    }, {
      "x" : 0.19098301,
      "y" : 1.0,
      "z" : 0.309017
    }, {
      "x" : 0.309017,
      "y" : 0.809017,
      "z" : 0.618034
    }, {
      "x" : -0.809017,
      "y" : -0.618034,
      "z" : 0.309017
    }, {
      "x" : -0.690983,
      "y" : -0.809017,
      "z" : 0.0
    }, {
      "x" : 0.0,
      "y" : 0.690983,
      "z" : 0.809017
    }, {
      "x" : 0.309017,
      "y" : -0.809017,
      "z" : -0.618034
    }, {
      "x" : 0.0,
      "y" : -0.690983,
      "z" : -0.809017
    }, {
      "x" : -1.0,
      "y" : 0.309017,
      "z" : 0.19098301
    }, {
      "x" : -0.809017,
      "y" : 0.0,
      "z" : 0.690983
    }, {
      "x" : -0.618034,
      "y" : 0.309017,
      "z" : 0.809017
    }, {
      "x" : 1.0,
      "y" : -0.309017,
      "z" : 0.19098301
    }, {
      "x" : -0.309017,
      "y" : -0.809017,
      "z" : -0.618034
    }, {
      "x" : -1.0,
      "y" : 0.309017,
      "z" : -0.19098301
    }, {
      "x" : -1.0,
      "y" : -0.309017,
      "z" : -0.19098301
    }, {
      "x" : -1.0,
      "y" : -0.309017,
      "z" : 0.19098301
    }, {
      "x" : 0.19098301,
      "y" : 1.0,
      "z" : -0.309017
    }, {
      "x" : -0.809017,
      "y" : 0.618034,
      "z" : -0.309017
    }, {
      "x" : -0.19098301,
      "y" : 1.0,
      "z" : -0.309017
    }, {
      "x" : -0.309017,
      "y" : 0.809017,
      "z" : -0.618034
    }, {
      "x" : -0.618034,
      "y" : -0.309017,
      "z" : 0.809017
    }, {
      "x" : 0.309017,
      "y" : 0.19098301,
      "z" : 1.0
    }, {
      "x" : -0.309017,
      "y" : 0.19098301,
      "z" : -1.0
    }, {
      "x" : -0.309017,
      "y" : 0.19098301,
      "z" : 1.0
    }, {
      "x" : -0.309017,
      "y" : -0.19098301,
      "z" : 1.0
    }, {
      "x" : 0.309017,
      "y" : -0.19098301,
      "z" : 1.0
    }, {
      "x" : 0.690983,
      "y" : -0.809017,
      "z" : 0.0
    }, {
      "x" : -0.809017,
      "y" : 0.0,
      "z" : -0.690983
    }, {
      "x" : -0.618034,
      "y" : -0.309017,
      "z" : -0.809017
    }, {
      "x" : -0.309017,
      "y" : -0.19098301,
      "z" : -1.0
    }, {
      "x" : -0.618034,
      "y" : 0.309017,
      "z" : -0.809017
    }, {
      "x" : -0.809017,
      "y" : -0.618034,
      "z" : -0.309017
    } ],
    "faces" : [ {
      "vertices" : [ 9, 40, 35, 34, 10 ]
    }, {
      "vertices" : [ 0, 1, 2 ]
    }, {
      "vertices" : [ 33, 51, 49 ]
    }, {
      "vertices" : [ 25, 36, 37, 38 ]
    }, {
      "vertices" : [ 41, 55, 42 ]
    }, {
      "vertices" : [ 9, 32, 59, 40 ]
    }, {
      "vertices" : [ 20, 21, 52, 48 ]
    }, {
      "vertices" : [ 26, 33, 30, 29, 27 ]
    }, {
      "vertices" : [ 3, 4, 5, 6 ]
    }, {
      "vertices" : [ 27, 29, 44, 46 ]
    }, {
      "vertices" : [ 50, 57, 56, 55, 58 ]
    }, {
      "vertices" : [ 26, 38, 51, 33 ]
    }, {
      "vertices" : [ 45, 47, 58 ]
    }, {
      "vertices" : [ 18, 28, 57, 50 ]
    }, {
      "vertices" : [ 40, 59, 56 ]
    }, {
      "vertices" : [ 31, 48, 37, 43 ]
    }, {
      "vertices" : [ 7, 8, 9, 10 ]
    }, {
      "vertices" : [ 36, 41, 42, 43 ]
    }, {
      "vertices" : [ 24, 46, 47, 45 ]
    }, {
      "vertices" : [ 4, 30, 5 ]
    }, {
      "vertices" : [ 15, 47, 46, 44, 16 ]
    }, {
      "vertices" : [ 15, 50, 58, 47 ]
    }, {
      "vertices" : [ 24, 45, 41, 36, 25 ]
    }, {
      "vertices" : [ 11, 14, 19 ]
    }, {
      "vertices" : [ 3, 6, 39 ]
    }, {
      "vertices" : [ 1, 39, 6, 2 ]
    }, {
      "vertices" : [ 8, 32, 9 ]
    }, {
      "vertices" : [ 11, 12, 13, 14 ]
    }, {
      "vertices" : [ 16, 22, 17 ]
    }, {
      "vertices" : [ 0, 21, 20, 8, 7 ]
    }, {
      "vertices" : [ 12, 34, 13 ]
    }, {
      "vertices" : [ 35, 40, 56, 57 ]
    }, {
      "vertices" : [ 0, 7, 54, 1 ]
    }, {
      "vertices" : [ 15, 16, 17, 18 ]
    }, {
      "vertices" : [ 3, 19, 22, 23, 4 ]
    }, {
      "vertices" : [ 7, 10, 54 ]
    }, {
      "vertices" : [ 41, 45, 58, 55 ]
    }, {
      "vertices" : [ 3, 39, 11, 19 ]
    }, {
      "vertices" : [ 14, 17, 22, 19 ]
    }, {
      "vertices" : [ 0, 2, 53, 21 ]
    }, {
      "vertices" : [ 49, 51, 52, 53 ]
    }, {
      "vertices" : [ 31, 43, 42, 59, 32 ]
    }, {
      "vertices" : [ 15, 18, 50 ]
    }, {
      "vertices" : [ 42, 55, 56, 59 ]
    }, {
      "vertices" : [ 4, 23, 29, 30 ]
    }, {
      "vertices" : [ 25, 38, 26 ]
    }, {
      "vertices" : [ 13, 28, 18, 17, 14 ]
    }, {
      "vertices" : [ 8, 20, 31, 32 ]
    }, {
      "vertices" : [ 23, 44, 29 ]
    }, {
      "vertices" : [ 24, 27, 46 ]
    }, {
      "vertices" : [ 37, 48, 52, 51, 38 ]
    }, {
      "vertices" : [ 20, 48, 31 ]
    }, {
      "vertices" : [ 24, 25, 26, 27 ]
    }, {
      "vertices" : [ 16, 44, 23, 22 ]
    }, {
      "vertices" : [ 13, 34, 35, 28 ]
    }, {
      "vertices" : [ 10, 34, 12, 54 ]
    }, {
      "vertices" : [ 2, 6, 5, 49, 53 ]
    }, {
      "vertices" : [ 36, 43, 37 ]
    }, {
      "vertices" : [ 5, 30, 33, 49 ]
    }, {
      "vertices" : [ 1, 54, 12, 11, 39 ]
    }, {
      "vertices" : [ 28, 35, 57 ]
    }, {
      "vertices" : [ 21, 53, 52 ]
    } ]
  }, {
    "id" : "86f20f95-4985-4e5b-9f16-79e26e2e234b",
    "orbit" : "purple",
    "orbitC" : "[[2,-1,1],[0,0,1]]",
    "length" : "[-2,2,1]",
    "name" : " :-2 +2*phi",
    "vertices" : [ {
      "x" : 0.690983,
      "y" : 0.809017,
      "z" : 0.0
    }, {
      "x" : 0.809017,
      "y" : 0.618034,
      "z" : -0.309017
    }, {
      "x" : 0.809017,
      "y" : 0.618034,
      "z" : 0.309017
    }, {
      "x" : 1.0,
      "y" : 0.309017,
      "z" : -0.19098301
    }, {
      "x" : 1.0,
      "y" : 0.309017,
      "z" : 0.19098301
    }, {
      "x" : 1.618034,
      "y" : 0.42705098,
      "z" : -0.309017
    }, {
      "x" : 1.618034,
      "y" : 0.42705098,
      "z" : 0.309017
    }, {
      "x" : 1.618034,
      "y" : 0.809017,
      "z" : -0.309017
    }, {
      "x" : 1.618034,
      "y" : 0.809017,
      "z" : 0.309017
    }, {
      "x" : 6.854102,
      "y" : 2.427051,
      "z" : -0.309017
    }, {
      "x" : 6.854102,
      "y" : 2.427051,
      "z" : 0.309017
    }, {
      "x" : 6.854102,
      "y" : 2.809017,
      "z" : -0.309017
    }, {
      "x" : 6.854102,
      "y" : 2.809017,
      "z" : 0.309017
    }, {
      "x" : 7.472136,
      "y" : 2.927051,
      "z" : -0.19098301
    }, {
      "x" : 7.472136,
      "y" : 2.927051,
      "z" : 0.19098301
    }, {
      "x" : 7.663119,
      "y" : 2.618034,
      "z" : -0.309017
    }, {
      "x" : 7.663119,
      "y" : 2.618034,
      "z" : 0.309017
    }, {
      "x" : 7.7811527,
      "y" : 2.427051,
      "z" : 0.0
    }, {
      "x" : 8.472136,
      "y" : 3.236068,
      "z" : 0.0
    } ],
    "faces" : [ {
      "vertices" : [ 5, 7, 11, 9 ]
    }, {
      "vertices" : [ 9, 11, 15 ]
    }, {
      "vertices" : [ 9, 17, 10 ]
    }, {
      "vertices" : [ 6, 10, 12, 8 ]
    }, {
      "vertices" : [ 10, 16, 12 ]
    }, {
      "vertices" : [ 7, 8, 12, 11 ]
    }, {
      "vertices" : [ 11, 13, 15 ]
    }, {
      "vertices" : [ 0, 7, 1 ]
    }, {
      "vertices" : [ 1, 5, 3 ]
    }, {
      "vertices" : [ 9, 15, 17 ]
    }, {
      "vertices" : [ 0, 2, 8 ]
    }, {
      "vertices" : [ 12, 16, 14 ]
    }, {
      "vertices" : [ 0, 1, 3, 4, 2 ]
    }, {
      "vertices" : [ 10, 17, 16 ]
    }, {
      "vertices" : [ 13, 14, 16, 17, 15 ]
    }, {
      "vertices" : [ 2, 4, 6 ]
    }, {
      "vertices" : [ 1, 7, 5 ]
    }, {
      "vertices" : [ 0, 8, 7 ]
    }, {
      "vertices" : [ 2, 6, 8 ]
    }, {
      "vertices" : [ 3, 5, 6, 4 ]
    }, {
      "vertices" : [ 11, 12, 14, 13 ]
    }, {
      "vertices" : [ 5, 9, 10, 6 ]
    } ]
  }, {
    "id" : "46c3df70-8929-469c-8b54-f0c83c81bfbd",
    "orbit" : "orange",
    "orbitC" : "[[-4,3,5],[3,-1,5]]",
    "length" : "[-2,2,1]",
    "name" : " :-2 +2*phi",
    "vertices" : [ {
      "x" : 1.0,
      "y" : -0.309017,
      "z" : -0.19098301
    }, {
      "x" : 0.809017,
      "y" : 0.0,
      "z" : -0.690983
    }, {
      "x" : 1.0,
      "y" : 0.309017,
      "z" : -0.19098301
    }, {
      "x" : 1.809017,
      "y" : 0.0,
      "z" : -0.309017
    }, {
      "x" : 1.618034,
      "y" : 0.309017,
      "z" : -0.809017
    }, {
      "x" : 2.0,
      "y" : 0.309017,
      "z" : -0.19098301
    }, {
      "x" : 1.809017,
      "y" : 0.618034,
      "z" : -0.690983
    }, {
      "x" : 7.663119,
      "y" : 1.0,
      "z" : -1.927051
    }, {
      "x" : 7.472136,
      "y" : 1.309017,
      "z" : -2.427051
    }, {
      "x" : 7.854102,
      "y" : 1.309017,
      "z" : -1.809017
    }, {
      "x" : 7.663119,
      "y" : 1.618034,
      "z" : -2.309017
    }, {
      "x" : 8.472136,
      "y" : 1.309017,
      "z" : -2.427051
    }, {
      "x" : 8.663119,
      "y" : 1.618034,
      "z" : -1.927051
    }, {
      "x" : 8.472136,
      "y" : 1.927051,
      "z" : -2.427051
    }, {
      "x" : 9.472136,
      "y" : 1.618034,
      "z" : -2.618034
    } ],
    "faces" : [ {
      "vertices" : [ 8, 13, 11 ]
    }, {
      "vertices" : [ 2, 5, 9, 10, 6 ]
    }, {
      "vertices" : [ 3, 4, 8, 11, 7 ]
    }, {
      "vertices" : [ 0, 2, 1 ]
    }, {
      "vertices" : [ 11, 13, 12 ]
    }, {
      "vertices" : [ 0, 5, 2 ]
    }, {
      "vertices" : [ 0, 3, 5 ]
    }, {
      "vertices" : [ 0, 1, 4, 3 ]
    }, {
      "vertices" : [ 1, 2, 6 ]
    }, {
      "vertices" : [ 1, 6, 4 ]
    }, {
      "vertices" : [ 9, 12, 13, 10 ]
    }, {
      "vertices" : [ 3, 7, 9, 5 ]
    }, {
      "vertices" : [ 7, 12, 9 ]
    }, {
      "vertices" : [ 4, 6, 10, 8 ]
    }, {
      "vertices" : [ 7, 11, 12 ]
    }, {
      "vertices" : [ 8, 10, 13 ]
    } ]
  }, {
    "id" : "35a86ef7-db03-481f-b9c3-721215a9e134",
    "vertices" : [ {
      "x" : 0.0,
      "y" : 0.0,
      "z" : 0.0
    }, {
      "x" : 2.618034,
      "y" : -4.236068,
      "z" : 12.09017
    }, {
      "x" : 9.472136,
      "y" : -15.326238,
      "z" : 11.09017
    }, {
      "x" : 11.09017,
      "y" : -17.944271,
      "z" : -1.618034
    }, {
      "x" : 5.236068,
      "y" : -8.472136,
      "z" : -8.472136
    } ],
    "faces" : [ {
      "vertices" : [ 0, 1, 2, 3, 4 ]
    }, {
      "vertices" : [ 0, 4, 3, 2, 1 ]
    } ]
  }, {
    "id" : "f9d5cb41-51ee-4e62-ae8e-5e26b3ff49d3",
    "vertices" : [ {
      "x" : 0.0,
      "y" : 0.0,
      "z" : 0.0
    }, {
      "x" : 4.236068,
      "y" : 6.854102,
      "z" : 5.854102
    }, {
      "x" : -6.854102,
      "y" : 5.854102,
      "z" : -1.0
    } ],
    "faces" : [ {
      "vertices" : [ 0, 1, 2 ]
    }, {
      "vertices" : [ 0, 2, 1 ]
    } ]
  }, {
    "id" : "270d0643-d340-42bc-8622-f5c0a24817a8",
    "vertices" : [ {
      "x" : 0.0,
      "y" : 0.0,
      "z" : 0.0
    }, {
      "x" : 3.236068,
      "y" : 0.0,
      "z" : 8.472136
    }, {
      "x" : 1.618034,
      "y" : -7.854102,
      "z" : 4.236068
    } ],
    "faces" : [ {
      "vertices" : [ 0, 1, 2 ]
    }, {
      "vertices" : [ 0, 2, 1 ]
    } ]
  }, {
    "id" : "862a2857-3ca9-49bc-9d78-56b2410d7445",
    "vertices" : [ {
      "x" : 0.0,
      "y" : 0.0,
      "z" : 0.0
    }, {
      "x" : -1.618034,
      "y" : 7.854102,
      "z" : -4.236068
    }, {
      "x" : 1.618034,
      "y" : 7.854102,
      "z" : 4.236068
    } ],
    "faces" : [ {
      "vertices" : [ 0, 1, 2 ]
    }, {
      "vertices" : [ 0, 2, 1 ]
    } ]
  }, {
    "id" : "1e7c5b16-8296-4d8a-9de0-42e1c29ce47f",
    "vertices" : [ {
      "x" : 0.0,
      "y" : 0.0,
      "z" : 0.0
    }, {
      "x" : -1.618034,
      "y" : -7.854102,
      "z" : -4.236068
    }, {
      "x" : -3.236068,
      "y" : 0.0,
      "z" : -8.472136
    } ],
    "faces" : [ {
      "vertices" : [ 0, 1, 2 ]
    }, {
      "vertices" : [ 0, 2, 1 ]
    } ]
  }, {
    "id" : "a67ad64d-b20a-48f4-96f1-a289d3e92e58",
    "vertices" : [ {
      "x" : 0.0,
      "y" : 0.0,
      "z" : 0.0
    }, {
      "x" : -5.236068,
      "y" : 8.472136,
      "z" : 8.472136
    }, {
      "x" : -2.618034,
      "y" : 4.236068,
      "z" : 20.562305
    }, {
      "x" : 4.236068,
      "y" : -6.854102,
      "z" : 19.562305
    }, {
      "x" : 5.854102,
      "y" : -9.472136,
      "z" : 6.854102
    } ],
    "faces" : [ {
      "vertices" : [ 0, 1, 2, 3, 4 ]
    }, {
      "vertices" : [ 0, 4, 3, 2, 1 ]
    } ]
  }, {
    "id" : "4260cfaa-18e4-4b7b-bfe2-4b579699e2b2",
    "vertices" : [ {
      "x" : 0.0,
      "y" : 0.0,
      "z" : 0.0
    }, {
      "x" : 1.618034,
      "y" : -2.618034,
      "z" : -12.708204
    }, {
      "x" : -4.236068,
      "y" : 6.854102,
      "z" : -19.562305
    }, {
      "x" : -9.472136,
      "y" : 15.326238,
      "z" : -11.09017
    }, {
      "x" : -6.854102,
      "y" : 11.09017,
      "z" : 1.0
    } ],
    "faces" : [ {
      "vertices" : [ 0, 1, 2, 3, 4 ]
    }, {
      "vertices" : [ 0, 4, 3, 2, 1 ]
    } ]
  }, {
    "id" : "7a0f6976-7c09-4a62-8088-29c1b7fb1290",
    "vertices" : [ {
      "x" : 0.0,
      "y" : 0.0,
      "z" : 0.0
    }, {
      "x" : 6.854102,
      "y" : -11.09017,
      "z" : -1.0
    }, {
      "x" : 8.472136,
      "y" : -13.708204,
      "z" : -13.708204
    }, {
      "x" : 2.618034,
      "y" : -4.236068,
      "z" : -20.562305
    }, {
      "x" : -2.618034,
      "y" : 4.236068,
      "z" : -12.09017
    } ],
    "faces" : [ {
      "vertices" : [ 0, 1, 2, 3, 4 ]
    }, {
      "vertices" : [ 0, 4, 3, 2, 1 ]
    } ]
  } ],
  "instances" : [ {
    "shape" : "da3ac819-e501-46e1-b72b-c1254dcfd744",
    "color" : "#FFFFFF",
    "position" : {
      "x" : 2.618034,
      "y" : -12.708204,
      "z" : 20.562305
    },
    "orientation" : 56
  }, {
    "shape" : "0e65bc19-01eb-432d-96f4-a1c51a8bb3cb",
    "color" : "#FFFFFF",
    "position" : {
      "x" : 22.18034,
      "y" : 5.236068,
      "z" : 8.472136
    },
    "orientation" : 16
  }, {
    "shape" : "c2d6a5fd-ec52-4eaa-bd1c-f6be5eaa36a4",
    "color" : "#74C300",
    "position" : {
      "x" : -16.326239,
      "y" : -9.472136,
      "z" : 15.326238
    },
    "orientation" : 1
  }, {
    "shape" : "538642bd-46f2-4455-8367-ba8513da9ed8",
    "color" : "#F2F2F2",
    "position" : {
      "x" : -4.236068,
      "y" : -23.798374,
      "z" : -2.618034
    }
  }, {
    "shape" : "c2d6a5fd-ec52-4eaa-bd1c-f6be5eaa36a4",
    "color" : "#74C300",
    "position" : {
      "x" : -12.708204,
      "y" : -20.562305,
      "z" : -2.618034
    },
    "orientation" : 54
  }, {
    "shape" : "86f20f95-4985-4e5b-9f16-79e26e2e234b",
    "color" : "#7D36D3",
    "position" : {
      "x" : -2.618034,
      "y" : -4.236068,
      "z" : -23.798374
    },
    "orientation" : 18
  }, {
    "shape" : "538642bd-46f2-4455-8367-ba8513da9ed8",
    "color" : "#F2F2F2",
    "position" : {
      "x" : -5.236068,
      "y" : 8.472136,
      "z" : -22.18034
    }
  }, {
    "shape" : "86f20f95-4985-4e5b-9f16-79e26e2e234b",
    "color" : "#7D36D3",
    "position" : {
      "x" : -8.472136,
      "y" : -22.18034,
      "z" : 5.236068
    },
    "orientation" : 59
  }, {
    "shape" : "c2d6a5fd-ec52-4eaa-bd1c-f6be5eaa36a4",
    "color" : "#74C300",
    "position" : {
      "x" : -4.236068,
      "y" : 23.798374,
      "z" : 2.618034
    },
    "orientation" : 8
  }, {
    "shape" : "86f20f95-4985-4e5b-9f16-79e26e2e234b",
    "color" : "#7D36D3",
    "position" : {
      "x" : -9.472136,
      "y" : -15.326238,
      "z" : 16.326239
    },
    "orientation" : 54
  }, {
    "shape" : "538642bd-46f2-4455-8367-ba8513da9ed8",
    "color" : "#F2F2F2",
    "position" : {
      "x" : -23.798374,
      "y" : 2.618034,
      "z" : 4.236068
    }
  }, {
    "shape" : "46c3df70-8929-469c-8b54-f0c83c81bfbd",
    "color" : "#EB5200",
    "position" : {
      "x" : -15.326238,
      "y" : -16.326239,
      "z" : 9.472136
    },
    "orientation" : 24
  }, {
    "shape" : "538642bd-46f2-4455-8367-ba8513da9ed8",
    "color" : "#F2F2F2",
    "position" : {
      "x" : -22.18034,
      "y" : -5.236068,
      "z" : 8.472136
    }
  }, {
    "shape" : "c2d6a5fd-ec52-4eaa-bd1c-f6be5eaa36a4",
    "color" : "#74C300",
    "position" : {
      "x" : -5.236068,
      "y" : -8.472136,
      "z" : 22.18034
    },
    "orientation" : 57
  }, {
    "shape" : "86f20f95-4985-4e5b-9f16-79e26e2e234b",
    "color" : "#7D36D3",
    "position" : {
      "x" : 23.798374,
      "y" : 2.618034,
      "z" : -4.236068
    },
    "orientation" : 19
  }, {
    "shape" : "0e65bc19-01eb-432d-96f4-a1c51a8bb3cb",
    "color" : "#FFFFFF",
    "position" : {
      "x" : -12.09017,
      "y" : 11.09017,
      "z" : 17.944271
    },
    "orientation" : 59
  }, {
    "shape" : "46c3df70-8929-469c-8b54-f0c83c81bfbd",
    "color" : "#EB5200",
    "position" : {
      "x" : 11.09017,
      "y" : -17.944271,
      "z" : 12.09017
    },
    "orientation" : 29
  }, {
    "shape" : "c2d6a5fd-ec52-4eaa-bd1c-f6be5eaa36a4",
    "color" : "#74C300",
    "position" : {
      "x" : -22.18034,
      "y" : -5.236068,
      "z" : 8.472136
    },
    "orientation" : 28
  }, {
    "shape" : "86f20f95-4985-4e5b-9f16-79e26e2e234b",
    "color" : "#7D36D3",
    "position" : {
      "x" : 8.472136,
      "y" : 22.18034,
      "z" : 5.236068
    },
    "orientation" : 29
  }, {
    "shape" : "538642bd-46f2-4455-8367-ba8513da9ed8",
    "color" : "#F2F2F2",
    "position" : {
      "x" : -17.944271,
      "y" : -12.09017,
      "z" : -11.09017
    }
  }, {
    "shape" : "538642bd-46f2-4455-8367-ba8513da9ed8",
    "color" : "#F2F2F2",
    "position" : {
      "x" : 22.18034,
      "y" : -5.236068,
      "z" : -8.472136
    }
  }, {
    "shape" : "538642bd-46f2-4455-8367-ba8513da9ed8",
    "color" : "#F2F2F2",
    "position" : {
      "x" : 12.09017,
      "y" : -11.09017,
      "z" : 17.944271
    }
  }, {
    "shape" : "538642bd-46f2-4455-8367-ba8513da9ed8",
    "color" : "#F2F2F2",
    "position" : {
      "x" : 4.236068,
      "y" : 23.798374,
      "z" : -2.618034
    }
  }, {
    "shape" : "da3ac819-e501-46e1-b72b-c1254dcfd744",
    "color" : "#FFFFFF",
    "position" : {
      "x" : -9.472136,
      "y" : 15.326238,
      "z" : -16.326239
    },
    "orientation" : 2
  }, {
    "shape" : "35a86ef7-db03-481f-b9c3-721215a9e134",
    "color" : "#EC888B",
    "position" : {
      "x" : -20.562305,
      "y" : -2.618034,
      "z" : -12.708204
    },
    "orientation" : 47
  }, {
    "shape" : "c2d6a5fd-ec52-4eaa-bd1c-f6be5eaa36a4",
    "color" : "#74C300",
    "position" : {
      "x" : 2.618034,
      "y" : -12.708204,
      "z" : 20.562305
    },
    "orientation" : 25
  }, {
    "shape" : "86f20f95-4985-4e5b-9f16-79e26e2e234b",
    "color" : "#7D36D3",
    "position" : {
      "x" : -2.618034,
      "y" : -12.708204,
      "z" : -20.562305
    },
    "orientation" : 46
  }, {
    "shape" : "538642bd-46f2-4455-8367-ba8513da9ed8",
    "color" : "#F2F2F2",
    "position" : {
      "x" : 2.618034,
      "y" : -4.236068,
      "z" : 23.798374
    }
  }, {
    "shape" : "da3ac819-e501-46e1-b72b-c1254dcfd744",
    "color" : "#FFFFFF",
    "position" : {
      "x" : 5.236068,
      "y" : -8.472136,
      "z" : -22.18034
    },
    "orientation" : 4
  }, {
    "shape" : "0e65bc19-01eb-432d-96f4-a1c51a8bb3cb",
    "color" : "#FFFFFF",
    "position" : {
      "x" : -9.472136,
      "y" : 15.326238,
      "z" : -16.326239
    },
    "orientation" : 41
  }, {
    "shape" : "da3ac819-e501-46e1-b72b-c1254dcfd744",
    "color" : "#FFFFFF",
    "position" : {
      "x" : -8.472136,
      "y" : -22.18034,
      "z" : 5.236068
    },
    "orientation" : 3
  }, {
    "shape" : "538642bd-46f2-4455-8367-ba8513da9ed8",
    "color" : "#F2F2F2",
    "position" : {
      "x" : -15.326238,
      "y" : -16.326239,
      "z" : 9.472136
    }
  }, {
    "shape" : "da3ac819-e501-46e1-b72b-c1254dcfd744",
    "color" : "#FFFFFF",
    "position" : {
      "x" : 5.236068,
      "y" : 8.472136,
      "z" : 22.18034
    },
    "orientation" : 19
  }, {
    "shape" : "c2d6a5fd-ec52-4eaa-bd1c-f6be5eaa36a4",
    "color" : "#74C300",
    "position" : {
      "x" : 12.708204,
      "y" : 20.562305,
      "z" : -2.618034
    },
    "orientation" : 24
  }, {
    "shape" : "86f20f95-4985-4e5b-9f16-79e26e2e234b",
    "color" : "#7D36D3",
    "position" : {
      "x" : -17.944271,
      "y" : 12.09017,
      "z" : 11.09017
    },
    "orientation" : 8
  }, {
    "shape" : "86f20f95-4985-4e5b-9f16-79e26e2e234b",
    "color" : "#7D36D3",
    "position" : {
      "x" : 20.562305,
      "y" : 2.618034,
      "z" : -12.708204
    },
    "orientation" : 2
  }, {
    "shape" : "f9d5cb41-51ee-4e62-ae8e-5e26b3ff49d3",
    "color" : "#FFFFFF",
    "position" : {
      "x" : 11.09017,
      "y" : -17.944271,
      "z" : 12.09017
    },
    "orientation" : 53
  }, {
    "shape" : "46c3df70-8929-469c-8b54-f0c83c81bfbd",
    "color" : "#EB5200",
    "position" : {
      "x" : -2.618034,
      "y" : 4.236068,
      "z" : 23.798374
    },
    "orientation" : 21
  }, {
    "shape" : "c2d6a5fd-ec52-4eaa-bd1c-f6be5eaa36a4",
    "color" : "#74C300",
    "position" : {
      "x" : -16.326239,
      "y" : 9.472136,
      "z" : -15.326238
    },
    "orientation" : 16
  }, {
    "shape" : "538642bd-46f2-4455-8367-ba8513da9ed8",
    "color" : "#F2F2F2",
    "position" : {
      "x" : -2.618034,
      "y" : -12.708204,
      "z" : -20.562305
    }
  }, {
    "shape" : "86f20f95-4985-4e5b-9f16-79e26e2e234b",
    "color" : "#7D36D3",
    "position" : {
      "x" : 5.236068,
      "y" : -8.472136,
      "z" : -22.18034
    },
    "orientation" : 42
  }, {
    "shape" : "538642bd-46f2-4455-8367-ba8513da9ed8",
    "color" : "#F2F2F2",
    "position" : {
      "x" : -8.472136,
      "y" : 22.18034,
      "z" : -5.236068
    }
  }, {
    "shape" : "c2d6a5fd-ec52-4eaa-bd1c-f6be5eaa36a4",
    "color" : "#74C300",
    "position" : {
      "x" : -15.326238,
      "y" : 16.326239,
      "z" : -9.472136
    },
    "orientation" : 32
  }, {
    "shape" : "270d0643-d340-42bc-8622-f5c0a24817a8",
    "color" : "#FFD98C",
    "position" : {
      "x" : -20.562305,
      "y" : -2.618034,
      "z" : -12.708204
    },
    "orientation" : 30
  }, {
    "shape" : "270d0643-d340-42bc-8622-f5c0a24817a8",
    "color" : "#FFD98C",
    "position" : {
      "x" : 11.09017,
      "y" : 17.944271,
      "z" : -12.09017
    },
    "orientation" : 3
  }, {
    "shape" : "538642bd-46f2-4455-8367-ba8513da9ed8",
    "color" : "#F2F2F2",
    "position" : {
      "x" : -11.09017,
      "y" : 17.944271,
      "z" : 12.09017
    }
  }, {
    "shape" : "86f20f95-4985-4e5b-9f16-79e26e2e234b",
    "color" : "#7D36D3",
    "position" : {
      "x" : -20.562305,
      "y" : 2.618034,
      "z" : 12.708204
    },
    "orientation" : 47
  }, {
    "shape" : "c2d6a5fd-ec52-4eaa-bd1c-f6be5eaa36a4",
    "color" : "#74C300",
    "position" : {
      "x" : 17.944271,
      "y" : -12.09017,
      "z" : 11.09017
    },
    "orientation" : 20
  }, {
    "shape" : "538642bd-46f2-4455-8367-ba8513da9ed8",
    "color" : "#F2F2F2",
    "position" : {
      "x" : 2.618034,
      "y" : -12.708204,
      "z" : 20.562305
    }
  }, {
    "shape" : "46c3df70-8929-469c-8b54-f0c83c81bfbd",
    "color" : "#EB5200",
    "position" : {
      "x" : -22.18034,
      "y" : 5.236068,
      "z" : -8.472136
    },
    "orientation" : 20
  }, {
    "shape" : "c2d6a5fd-ec52-4eaa-bd1c-f6be5eaa36a4",
    "color" : "#74C300",
    "position" : {
      "x" : -23.798374,
      "y" : 2.618034,
      "z" : 4.236068
    },
    "orientation" : 52
  }, {
    "shape" : "f9d5cb41-51ee-4e62-ae8e-5e26b3ff49d3",
    "color" : "#FFFFFF",
    "position" : {
      "x" : 22.18034,
      "y" : -5.236068,
      "z" : -8.472136
    },
    "orientation" : 39
  }, {
    "shape" : "c2d6a5fd-ec52-4eaa-bd1c-f6be5eaa36a4",
    "color" : "#74C300",
    "position" : {
      "x" : 2.618034,
      "y" : 12.708204,
      "z" : -20.562305
    },
    "orientation" : 10
  }, {
    "shape" : "c2d6a5fd-ec52-4eaa-bd1c-f6be5eaa36a4",
    "color" : "#74C300",
    "position" : {
      "x" : -9.472136,
      "y" : -15.326238,
      "z" : 16.326239
    },
    "orientation" : 15
  }, {
    "shape" : "0e65bc19-01eb-432d-96f4-a1c51a8bb3cb",
    "color" : "#FFFFFF",
    "position" : {
      "x" : -20.562305,
      "y" : -2.618034,
      "z" : -12.708204
    },
    "orientation" : 7
  }, {
    "shape" : "86f20f95-4985-4e5b-9f16-79e26e2e234b",
    "color" : "#7D36D3",
    "position" : {
      "x" : 22.18034,
      "y" : -5.236068,
      "z" : -8.472136
    },
    "orientation" : 58
  }, {
    "shape" : "46c3df70-8929-469c-8b54-f0c83c81bfbd",
    "color" : "#EB5200",
    "position" : {
      "x" : -12.09017,
      "y" : -11.09017,
      "z" : -17.944271
    },
    "orientation" : 27
  }, {
    "shape" : "c2d6a5fd-ec52-4eaa-bd1c-f6be5eaa36a4",
    "color" : "#74C300",
    "position" : {
      "x" : 20.562305,
      "y" : 2.618034,
      "z" : -12.708204
    },
    "orientation" : 56
  }, {
    "shape" : "0e65bc19-01eb-432d-96f4-a1c51a8bb3cb",
    "color" : "#FFFFFF",
    "position" : {
