{
  "field" : "golden",
  "symmetry" : "icosahedral",
  "orientations" : [ [ 1.0, 0.0, 0.0, 0.0, 0.0, 1.0, 0.0, 0.0, 0.0, 0.0, 1.0, 0.0, 0.0, 0.0, 0.0, 1.0 ], [ 0.0, 0.0, 1.0, 0.0, 1.0, 0.0, 0.0, 0.0, 0.0, 1.0, 0.0, 0.0, 0.0, 0.0, 0.0, 1.0 ], [ 0.0, 1.0, 0.0, 0.0, 0.0, 0.0, 1.0, 0.0, 1.0, 0.0, 0.0, 0.0, 0.0, 0.0, 0.0, 1.0 ], [ 0.809017, 0.309017, 0.5, 0.0, 0.309017, 0.5, -0.809017, 0.0, -0.5, 0.809017, 0.309017, 0.0, 0.0, 0.0, 0.0, 1.0 ], [ -0.5, 0.809017, 0.309017, 0.0, 0.809017, 0.309017, 0.5, 0.0, 0.309017, 0.5, -0.809017, 0.0, 0.0, 0.0, 0.0, 1.0 ], [ 0.309017, 0.5, -0.809017, 0.0, -0.5, 0.809017, 0.309017, 0.0, 0.809017, 0.309017, 0.5, 0.0, 0.0, 0.0, 0.0, 1.0 ], [ 0.5, 0.809017, 0.309017, 0.0, 0.809017, -0.309017, -0.5, 0.0, -0.309017, 0.5, -0.809017, 0.0, 0.0, 0.0, 0.0, 1.0 ], [ -0.309017, 0.5, -0.809017, 0.0, 0.5, 0.809017, 0.309017, 0.0, 0.809017, -0.309017, -0.5, 0.0, 0.0, 0.0, 0.0, 1.0 ], [ 0.809017, -0.309017, -0.5, 0.0, -0.309017, 0.5, -0.809017, 0.0, 0.5, 0.809017, 0.309017, 0.0, 0.0, 0.0, 0.0, 1.0 ], [ 0.5, 0.809017, -0.309017, 0.0, 0.809017, -0.309017, 0.5, 0.0, 0.309017, -0.5, -0.809017, 0.0, 0.0, 0.0, 0.0, 1.0 ], [ 0.309017, -0.5, -0.809017, 0.0, 0.5, 0.809017, -0.309017, 0.0, 0.809017, -0.309017, 0.5, 0.0, 0.0, 0.0, 0.0, 1.0 ], [ 0.809017, -0.309017, 0.5, 0.0, 0.309017, -0.5, -0.809017, 0.0, 0.5, 0.809017, -0.309017, 0.0, 0.0, 0.0, 0.0, 1.0 ], [ 0.809017, 0.309017, -0.5, 0.0, 0.309017, 0.5, 0.809017, 0.0, 0.5, -0.809017, 0.309017, 0.0, 0.0, 0.0, 0.0, 1.0 ], [ 0.5, -0.809017, 0.309017, 0.0, 0.809017, 0.309017, -0.5, 0.0, 0.309017, 0.5, 0.809017, 0.0, 0.0, 0.0, 0.0, 1.0 ], [ 0.309017, 0.5, 0.809017, 0.0, 0.5, -0.809017, 0.309017, 0.0, 0.809017, 0.309017, -0.5, 0.0, 0.0, 0.0, 0.0, 1.0 ], [ 1.0, 0.0, 0.0, 0.0, 0.0, -1.0, 0.0, 0.0, 0.0, 0.0, -1.0, 0.0, 0.0, 0.0, 0.0, 1.0 ], [ 0.0, 0.0, 1.0, 0.0, -1.0, 0.0, 0.0, 0.0, 0.0, -1.0, 0.0, 0.0, 0.0, 0.0, 0.0, 1.0 ], [ 0.0, 1.0, 0.0, 0.0, 0.0, 0.0, -1.0, 0.0, -1.0, 0.0, 0.0, 0.0, 0.0, 0.0, 0.0, 1.0 ], [ 0.809017, 0.309017, 0.5, 0.0, -0.309017, -0.5, 0.809017, 0.0, 0.5, -0.809017, -0.309017, 0.0, 0.0, 0.0, 0.0, 1.0 ], [ -0.5, 0.809017, 0.309017, 0.0, -0.809017, -0.309017, -0.5, 0.0, -0.309017, -0.5, 0.809017, 0.0, 0.0, 0.0, 0.0, 1.0 ], [ 0.309017, 0.5, -0.809017, 0.0, 0.5, -0.809017, -0.309017, 0.0, -0.809017, -0.309017, -0.5, 0.0, 0.0, 0.0, 0.0, 1.0 ], [ 0.5, 0.809017, 0.309017, 0.0, -0.809017, 0.309017, 0.5, 0.0, 0.309017, -0.5, 0.809017, 0.0, 0.0, 0.0, 0.0, 1.0 ], [ -0.309017, 0.5, -0.809017, 0.0, -0.5, -0.809017, -0.309017, 0.0, -0.809017, 0.309017, 0.5, 0.0, 0.0, 0.0, 0.0, 1.0 ], [ 0.809017, -0.309017, -0.5, 0.0, 0.309017, -0.5, 0.809017, 0.0, -0.5, -0.809017, -0.309017, 0.0, 0.0, 0.0, 0.0, 1.0 ], [ 0.5, 0.809017, -0.309017, 0.0, -0.809017, 0.309017, -0.5, 0.0, -0.309017, 0.5, 0.809017, 0.0, 0.0, 0.0, 0.0, 1.0 ], [ 0.309017, -0.5, -0.809017, 0.0, -0.5, -0.809017, 0.309017, 0.0, -0.809017, 0.309017, -0.5, 0.0, 0.0, 0.0, 0.0, 1.0 ], [ 0.809017, -0.309017, 0.5, 0.0, -0.309017, 0.5, 0.809017, 0.0, -0.5, -0.809017, 0.309017, 0.0, 0.0, 0.0, 0.0, 1.0 ], [ 0.809017, 0.309017, -0.5, 0.0, -0.309017, -0.5, -0.809017, 0.0, -0.5, 0.809017, -0.309017, 0.0, 0.0, 0.0, 0.0, 1.0 ], [ 0.5, -0.809017, 0.309017, 0.0, -0.809017, -0.309017, 0.5, 0.0, -0.309017, -0.5, -0.809017, 0.0, 0.0, 0.0, 0.0, 1.0 ], [ 0.309017, 0.5, 0.809017, 0.0, -0.5, 0.809017, -0.309017, 0.0, -0.809017, -0.309017, 0.5, 0.0, 0.0, 0.0, 0.0, 1.0 ], [ -1.0, 0.0, 0.0, 0.0, 0.0, -1.0, 0.0, 0.0, 0.0, 0.0, 1.0, 0.0, 0.0, 0.0, 0.0, 1.0 ], [ 0.0, 0.0, -1.0, 0.0, -1.0, 0.0, 0.0, 0.0, 0.0, 1.0, 0.0, 0.0, 0.0, 0.0, 0.0, 1.0 ], [ 0.0, -1.0, 0.0, 0.0, 0.0, 0.0, -1.0, 0.0, 1.0, 0.0, 0.0, 0.0, 0.0, 0.0, 0.0, 1.0 ], [ -0.809017, -0.309017, -0.5, 0.0, -0.309017, -0.5, 0.809017, 0.0, -0.5, 0.809017, 0.309017, 0.0, 0.0, 0.0, 0.0, 1.0 ], [ 0.5, -0.809017, -0.309017, 0.0, -0.809017, -0.309017, -0.5, 0.0, 0.309017, 0.5, -0.809017, 0.0, 0.0, 0.0, 0.0, 1.0 ], [ -0.309017, -0.5, 0.809017, 0.0, 0.5, -0.809017, -0.309017, 0.0, 0.809017, 0.309017, 0.5, 0.0, 0.0, 0.0, 0.0, 1.0 ], [ -0.5, -0.809017, -0.309017, 0.0, -0.809017, 0.309017, 0.5, 0.0, -0.309017, 0.5, -0.809017, 0.0, 0.0, 0.0, 0.0, 1.0 ], [ 0.309017, -0.5, 0.809017, 0.0, -0.5, -0.809017, -0.309017, 0.0, 0.809017, -0.309017, -0.5, 0.0, 0.0, 0.0, 0.0, 1.0 ], [ -0.809017, 0.309017, 0.5, 0.0, 0.309017, -0.5, 0.809017, 0.0, 0.5, 0.809017, 0.309017, 0.0, 0.0, 0.0, 0.0, 1.0 ], [ -0.5, -0.809017, 0.309017, 0.0, -0.809017, 0.309017, -0.5, 0.0, 0.309017, -0.5, -0.809017, 0.0, 0.0, 0.0, 0.0, 1.0 ], [ -0.309017, 0.5, 0.809017, 0.0, -0.5, -0.809017, 0.309017, 0.0, 0.809017, -0.309017, 0.5, 0.0, 0.0, 0.0, 0.0, 1.0 ], [ -0.809017, 0.309017, -0.5, 0.0, -0.309017, 0.5, 0.809017, 0.0, 0.5, 0.809017, -0.309017, 0.0, 0.0, 0.0, 0.0, 1.0 ], [ -0.809017, -0.309017, 0.5, 0.0, -0.309017, -0.5, -0.809017, 0.0, 0.5, -0.809017, 0.309017, 0.0, 0.0, 0.0, 0.0, 1.0 ], [ -0.5, 0.809017, -0.309017, 0.0, -0.809017, -0.309017, 0.5, 0.0, 0.309017, 0.5, 0.809017, 0.0, 0.0, 0.0, 0.0, 1.0 ], [ -0.309017, -0.5, -0.809017, 0.0, -0.5, 0.809017, -0.309017, 0.0, 0.809017, 0.309017, -0.5, 0.0, 0.0, 0.0, 0.0, 1.0 ], [ -1.0, 0.0, 0.0, 0.0, 0.0, 1.0, 0.0, 0.0, 0.0, 0.0, -1.0, 0.0, 0.0, 0.0, 0.0, 1.0 ], [ 0.0, 0.0, -1.0, 0.0, 1.0, 0.0, 0.0, 0.0, 0.0, -1.0, 0.0, 0.0, 0.0, 0.0, 0.0, 1.0 ], [ 0.0, -1.0, 0.0, 0.0, 0.0, 0.0, 1.0, 0.0, -1.0, 0.0, 0.0, 0.0, 0.0, 0.0, 0.0, 1.0 ], [ -0.809017, -0.309017, -0.5, 0.0, 0.309017, 0.5, -0.809017, 0.0, 0.5, -0.809017, -0.309017, 0.0, 0.0, 0.0, 0.0, 1.0 ], [ 0.5, -0.809017, -0.309017, 0.0, 0.809017, 0.309017, 0.5, 0.0, -0.309017, -0.5, 0.809017, 0.0, 0.0, 0.0, 0.0, 1.0 ], [ -0.309017, -0.5, 0.809017, 0.0, -0.5, 0.809017, 0.309017, 0.0, -0.809017, -0.309017, -0.5, 0.0, 0.0, 0.0, 0.0, 1.0 ], [ -0.5, -0.809017, -0.309017, 0.0, 0.809017, -0.309017, -0.5, 0.0, 0.309017, -0.5, 0.809017, 0.0, 0.0, 0.0, 0.0, 1.0 ], [ 0.309017, -0.5, 0.809017, 0.0, 0.5, 0.809017, 0.309017, 0.0, -0.809017, 0.309017, 0.5, 0.0, 0.0, 0.0, 0.0, 1.0 ], [ -0.809017, 0.309017, 0.5, 0.0, -0.309017, 0.5, -0.809017, 0.0, -0.5, -0.809017, -0.309017, 0.0, 0.0, 0.0, 0.0, 1.0 ], [ -0.5, -0.809017, 0.309017, 0.0, 0.809017, -0.309017, 0.5, 0.0, -0.309017, 0.5, 0.809017, 0.0, 0.0, 0.0, 0.0, 1.0 ], [ -0.309017, 0.5, 0.809017, 0.0, 0.5, 0.809017, -0.309017, 0.0, -0.809017, 0.309017, -0.5, 0.0, 0.0, 0.0, 0.0, 1.0 ], [ -0.809017, 0.309017, -0.5, 0.0, 0.309017, -0.5, -0.809017, 0.0, -0.5, -0.809017, 0.309017, 0.0, 0.0, 0.0, 0.0, 1.0 ], [ -0.809017, -0.309017, 0.5, 0.0, 0.309017, 0.5, 0.809017, 0.0, -0.5, 0.809017, -0.309017, 0.0, 0.0, 0.0, 0.0, 1.0 ], [ -0.5, 0.809017, -0.309017, 0.0, 0.809017, 0.309017, -0.5, 0.0, -0.309017, -0.5, -0.809017, 0.0, 0.0, 0.0, 0.0, 1.0 ], [ -0.309017, -0.5, -0.809017, 0.0, 0.5, -0.809017, 0.309017, 0.0, -0.809017, -0.309017, 0.5, 0.0, 0.0, 0.0, 0.0, 1.0 ] ],
  "lights" : {
    "directionalLights" : [ {
      "direction" : [ 1.0, -1.0, -1.0 ],
      "color" : "#EBEBE4"
    }, {
      "direction" : [ -1.0, 0.0, 0.0 ],
      "color" : "#E4E4EB"
    }, {
      "direction" : [ 0.0, 0.0, -1.0 ],
      "color" : "#1E1E1E"
    } ],
    "backgroundColor" : "#AFC8DC",
    "ambientColor" : "#292929"
  },
  "camera" : {
    "viewDistance" : 346.84546,
    "farClipDistance" : 693.6898,
    "lookAtPoint" : {
      "x" : 0.0,
      "y" : 0.0,
      "z" : 0.0
    },
    "fieldOfView" : 0.4426291,
    "perspective" : true,
    "position" : {
      "x" : 0.0,
      "y" : 0.0,
      "z" : 346.84546
    },
    "width" : 156.08054,
    "nearClipDistance" : 0.86711395,
    "stereo" : false,
    "upDirection" : {
      "x" : 0.0,
      "y" : 1.0,
      "z" : 0.0
    },
    "lookDirection" : {
      "x" : 0.0,
      "y" : 0.0,
      "z" : -1.0
    }
  },
  "embedding" : [ 1.0, 0.0, 0.0, 0.0, 0.0, 1.0, 0.0, 0.0, 0.0, 0.0, 1.0, 0.0, 0.0, 0.0, 0.0, 1.0 ],
  "shapes" : [ {
    "id" : "6aadbd5d-4fe3-4ef9-8d9f-f42a9a28fd6c",
    "vertices" : [ {
      "x" : -6.854102,
      "y" : 15.326238,
      "z" : 29.034441
    }, {
      "x" : -13.708204,
      "y" : 17.944271,
      "z" : 24.798374
    }, {
      "x" : -17.944271,
      "y" : 11.09017,
      "z" : 35.888542
    } ],
    "faces" : [ {
      "vertices" : [ 0, 1, 2 ]
    }, {
      "vertices" : [ 0, 2, 1 ]
    } ]
  }, {
    "id" : "4e1c4fd6-4431-43ca-b789-3bc77d1cdf2c",
    "vertices" : [ {
      "x" : 4.236068,
      "y" : -33.27051,
      "z" : -13.708204
    }, {
      "x" : 0.0,
      "y" : -40.12461,
      "z" : -11.09017
    }, {
      "x" : -4.236068,
      "y" : -33.27051,
      "z" : -13.708204
    }, {
      "x" : 0.0,
      "y" : -26.416409,
      "z" : -16.326239
    } ],
    "faces" : [ {
      "vertices" : [ 0, 1, 2 ]
    }, {
      "vertices" : [ 0, 2, 3 ]
    }, {
      "vertices" : [ 0, 3, 2 ]
    }, {
      "vertices" : [ 0, 2, 1 ]
    } ]
  }, {
    "id" : "ab8c1ec5-3f21-4a98-8781-18cfb8439d65",
    "vertices" : [ {
      "x" : 35.888542,
      "y" : 17.944271,
      "z" : 11.09017
    }, {
      "x" : 29.034441,
      "y" : 6.854102,
      "z" : 15.326238
    }, {
      "x" : 24.798374,
      "y" : 0.0,
      "z" : 9.472136
    }, {
      "x" : 33.27051,
      "y" : 13.708204,
      "z" : 4.236068
    } ],
    "faces" : [ {
      "vertices" : [ 0, 1, 2 ]
    }, {
      "vertices" : [ 0, 2, 3 ]
    }, {
      "vertices" : [ 0, 3, 2 ]
    }, {
      "vertices" : [ 0, 2, 1 ]
    } ]
  }, {
    "id" : "a1d57215-6674-49a0-aa94-039c4b44e797",
    "vertices" : [ {
      "x" : 11.09017,
      "y" : 0.0,
      "z" : 40.12461
    }, {
      "x" : 13.708204,
      "y" : 4.236068,
      "z" : 33.27051
    }, {
      "x" : 0.0,
      "y" : 9.472136,
      "z" : 24.798374
    }, {
      "x" : 0.0,
      "y" : 4.236068,
      "z" : 33.27051
    } ],
    "faces" : [ {
      "vertices" : [ 0, 1, 2 ]
    }, {
      "vertices" : [ 0, 2, 3 ]
    }, {
      "vertices" : [ 0, 3, 2 ]
    }, {
      "vertices" : [ 0, 2, 1 ]
    } ]
  }, {
    "id" : "1f98c16b-0643-46ca-933f-d2d9a34f169e",
    "vertices" : [ {
      "x" : -4.236068,
      "y" : -33.27051,
      "z" : 0.0
    }, {
      "x" : 4.236068,
      "y" : -33.27051,
      "z" : 0.0
    }, {
      "x" : 0.0,
      "y" : -40.12461,
      "z" : 11.09017
    } ],
    "faces" : [ {
      "vertices" : [ 0, 1, 2 ]
    }, {
      "vertices" : [ 0, 2, 1 ]
    } ]
  }, {
    "id" : "5313d1fc-82a7-4bfe-9b60-ef343cd8ad94",
    "vertices" : [ {
      "x" : -11.09017,
      "y" : 35.888542,
      "z" : -17.944271
    }, {
      "x" : -6.854102,
      "y" : 29.034441,
      "z" : -20.562305
    }, {
      "x" : -15.326238,
      "y" : 15.326238,
      "z" : -15.326238
    }, {
      "x" : -17.944271,
      "y" : 24.798374,
      "z" : -13.708204
    } ],
    "faces" : [ {
      "vertices" : [ 0, 1, 2 ]
    }, {
      "vertices" : [ 0, 2, 3 ]
    }, {
      "vertices" : [ 0, 3, 2 ]
    }, {
      "vertices" : [ 0, 2, 1 ]
    } ]
  }, {
    "id" : "27405e39-b4d6-4a9d-8bdd-c181a9fd1c8a",
    "vertices" : [ {
      "x" : -17.944271,
      "y" : 11.09017,
      "z" : 35.888542
    }, {
      "x" : -13.708204,
      "y" : 17.944271,
      "z" : 24.798374
    }, {
      "x" : -15.326238,
      "y" : 15.326238,
      "z" : 15.326238
    }, {
      "x" : -20.562305,
      "y" : 6.854102,
      "z" : 29.034441
    } ],
    "faces" : [ {
      "vertices" : [ 0, 1, 2 ]
    }, {
      "vertices" : [ 0, 2, 3 ]
    }, {
      "vertices" : [ 0, 3, 2 ]
    }, {
      "vertices" : [ 0, 2, 1 ]
    } ]
  }, {
    "id" : "cb3758cd-d361-4b3b-b421-f235d82ee45b",
    "vertices" : [ {
      "x" : 6.854102,
      "y" : -29.034441,
      "z" : -20.562305
    }, {
      "x" : 11.09017,
      "y" : -35.888542,
      "z" : -17.944271
    }, {
      "x" : 4.236068,
      "y" : -33.27051,
      "z" : -13.708204
    }, {
      "x" : 0.0,
      "y" : -26.416409,
      "z" : -16.326239
    } ],
    "faces" : [ {
      "vertices" : [ 0, 1, 2 ]
    }, {
      "vertices" : [ 0, 2, 3 ]
    }, {
      "vertices" : [ 0, 3, 2 ]
    }, {
      "vertices" : [ 0, 2, 1 ]
    } ]
  }, {
    "id" : "d67899e6-1e6c-4fb2-ad1c-602010cb4af0",
    "vertices" : [ {
      "x" : 15.326238,
      "y" : -29.034441,
      "z" : 6.854102
    }, {
      "x" : 17.944271,
      "y" : -24.798374,
      "z" : 13.708204
    }, {
      "x" : 11.09017,
      "y" : -35.888542,
      "z" : 17.944271
    } ],
    "faces" : [ {
      "vertices" : [ 0, 1, 2 ]
    }, {
      "vertices" : [ 0, 2, 1 ]
    } ]
  }, {
    "id" : "3190457e-0d8d-4da6-a406-e33cd585dd70",
    "vertices" : [ {
      "x" : 29.034441,
      "y" : 6.854102,
      "z" : 29.034441
    }, {
      "x" : 24.798374,
      "y" : 13.708204,
      "z" : 17.944271
    }, {
      "x" : 15.326238,
      "y" : 15.326238,
      "z" : 15.326238
    }, {
      "x" : 20.562305,
      "y" : 6.854102,
      "z" : 29.034441
    } ],
    "faces" : [ {
      "vertices" : [ 0, 1, 2 ]
    }, {
      "vertices" : [ 0, 2, 3 ]
    }, {
      "vertices" : [ 0, 3, 2 ]
    }, {
      "vertices" : [ 0, 2, 1 ]
    } ]
  }, {
    "id" : "72a9eb7e-5e98-4134-8dfb-48e600ddd2de",
    "vertices" : [ {
      "x" : -29.034441,
      "y" : 29.034441,
      "z" : -6.854102
    }, {
      "x" : -26.416409,
      "y" : 24.798374,
      "z" : 0.0
    }, {
      "x" : -9.472136,
      "y" : 24.798374,
      "z" : 0.0
    }, {
      "x" : -15.326238,
      "y" : 29.034441,
      "z" : -6.854102
    } ],
    "faces" : [ {
      "vertices" : [ 0, 1, 2 ]
    }, {
      "vertices" : [ 0, 2, 3 ]
    }, {
      "vertices" : [ 0, 3, 2 ]
    }, {
      "vertices" : [ 0, 2, 1 ]
    } ]
  }, {
    "id" : "7975ba35-3bbe-4e1a-a86c-432f835397d0",
    "vertices" : [ {
      "x" : -13.708204,
      "y" : -17.944271,
      "z" : 24.798374
    }, {
      "x" : -6.854102,
      "y" : -15.326238,
      "z" : 29.034441
    }, {
      "x" : -17.944271,
      "y" : -11.09017,
      "z" : 35.888542
    } ],
    "faces" : [ {
      "vertices" : [ 0, 1, 2 ]
    }, {
      "vertices" : [ 0, 2, 1 ]
    } ]
  }, {
    "id" : "766c383b-89bb-44e2-b79a-60690e3009a3",
    "vertices" : [ {
      "x" : -6.854102,
      "y" : -29.034441,
      "z" : -29.034441
    }, {
      "x" : -6.854102,
      "y" : -15.326238,
      "z" : -29.034441
    }, {
      "x" : 0.0,
      "y" : -9.472136,
      "z" : -24.798374
    }, {
      "x" : 0.0,
      "y" : -26.416409,
      "z" : -24.798374
    } ],
    "faces" : [ {
      "vertices" : [ 0, 1, 2 ]
    }, {
      "vertices" : [ 0, 2, 3 ]
    }, {
      "vertices" : [ 0, 3, 2 ]
    }, {
      "vertices" : [ 0, 2, 1 ]
    } ]
  }, {
    "id" : "824bf1f3-1df4-4648-852f-416603550235",
    "vertices" : [ {
      "x" : -24.798374,
      "y" : 13.708204,
      "z" : 17.944271
    }, {
      "x" : -29.034441,
      "y" : 6.854102,
      "z" : 15.326238
    }, {
      "x" : -29.034441,
      "y" : 6.854102,
      "z" : 29.034441
    } ],
    "faces" : [ {
      "vertices" : [ 0, 1, 2 ]
    }, {
      "vertices" : [ 0, 2, 1 ]
    } ]
  }, {
    "id" : "89df8bf5-94ce-41d7-a0ca-bcfe196f0d80",
    "vertices" : [ {
      "x" : 0.0,
      "y" : 26.416409,
      "z" : -24.798374
    }, {
      "x" : -6.854102,
      "y" : 29.034441,
      "z" : -29.034441
    }, {
      "x" : -6.854102,
      "y" : 29.034441,
      "z" : -20.562305
    }, {
      "x" : 0.0,
      "y" : 26.416409,
      "z" : -16.326239
    } ],
    "faces" : [ {
      "vertices" : [ 0, 1, 2 ]
    }, {
      "vertices" : [ 0, 2, 3 ]
    }, {
      "vertices" : [ 0, 3, 2 ]
    }, {
      "vertices" : [ 0, 2, 1 ]
    } ]
  }, {
    "id" : "889d5d10-9283-4b85-922a-924c9b8d543c",
    "vertices" : [ {
      "x" : 29.034441,
      "y" : -6.854102,
      "z" : 15.326238
    }, {
      "x" : 24.798374,
      "y" : -13.708204,
      "z" : 17.944271
    }, {
      "x" : 35.888542,
      "y" : -17.944271,
      "z" : 11.09017
    } ],
    "faces" : [ {
      "vertices" : [ 0, 1, 2 ]
    }, {
      "vertices" : [ 0, 2, 1 ]
    } ]
  }, {
    "id" : "548f3132-3ce5-455c-b7ee-5a0258fe0b4b",
    "vertices" : [ {
      "x" : 17.944271,
      "y" : -11.09017,
      "z" : 35.888542
    }, {
      "x" : 13.708204,
      "y" : -17.944271,
      "z" : 24.798374
    }, {
      "x" : 15.326238,
      "y" : -15.326238,
      "z" : 15.326238
    }, {
      "x" : 20.562305,
      "y" : -6.854102,
      "z" : 29.034441
    } ],
    "faces" : [ {
      "vertices" : [ 0, 1, 2 ]
    }, {
      "vertices" : [ 0, 2, 3 ]
    }, {
      "vertices" : [ 0, 3, 2 ]
    }, {
      "vertices" : [ 0, 2, 1 ]
    } ]
  }, {
    "id" : "12281551-f9d4-4cd3-890b-f2d2bac04814",
    "vertices" : [ {
      "x" : -40.12461,
      "y" : 11.09017,
      "z" : 0.0
    }, {
      "x" : -33.27051,
      "y" : 0.0,
      "z" : 4.236068
    }, {
      "x" : -24.798374,
      "y" : 0.0,
      "z" : 9.472136
    }, {
      "x" : -33.27051,
      "y" : 13.708204,
      "z" : 4.236068
    } ],
    "faces" : [ {
      "vertices" : [ 0, 1, 2 ]
    }, {
      "vertices" : [ 0, 2, 3 ]
    }, {
      "vertices" : [ 0, 3, 2 ]
    }, {
      "vertices" : [ 0, 2, 1 ]
    } ]
  }, {
    "id" : "7794e53f-3ec7-4aba-baa9-bc4c687b28d4",
    "vertices" : [ {
      "x" : 13.708204,
      "y" : 17.944271,
      "z" : 24.798374
    }, {
      "x" : 6.854102,
      "y" : 15.326238,
      "z" : 29.034441
    }, {
      "x" : 17.944271,
      "y" : 11.09017,
      "z" : 35.888542
    } ],
    "faces" : [ {
      "vertices" : [ 0, 1, 2 ]
    }, {
      "vertices" : [ 0, 2, 1 ]
    } ]
  }, {
    "id" : "8c301de7-3526-45f8-82c9-7fa4a8c499c5",
    "vertices" : [ {
      "x" : 4.236068,
      "y" : -33.27051,
      "z" : 13.708204
    }, {
      "x" : 11.09017,
      "y" : -35.888542,
      "z" : 17.944271
    }, {
      "x" : 6.854102,
      "y" : -29.034441,
      "z" : 20.562305
    }, {
      "x" : 0.0,
      "y" : -26.416409,
      "z" : 16.326239
    } ],
    "faces" : [ {
      "vertices" : [ 0, 1, 2 ]
    }, {
      "vertices" : [ 0, 2, 3 ]
    }, {
      "vertices" : [ 0, 3, 2 ]
    }, {
      "vertices" : [ 0, 2, 1 ]
    } ]
  }, {
    "id" : "4b0c44e8-81e7-47bd-bef8-6eb93dfd9ceb",
    "vertices" : [ {
      "x" : -4.236068,
      "y" : 33.27051,
      "z" : 0.0
    }, {
      "x" : 4.236068,
      "y" : 33.27051,
      "z" : 0.0
    }, {
      "x" : 0.0,
      "y" : 40.12461,
      "z" : -11.09017
    } ],
    "faces" : [ {
      "vertices" : [ 0, 1, 2 ]
    }, {
      "vertices" : [ 0, 2, 1 ]
    } ]
  }, {
    "id" : "d314be8f-d70c-43bd-81ab-13019b38f2dd",
    "vertices" : [ {
      "x" : -29.034441,
      "y" : 6.854102,
      "z" : -29.034441
    }, {
      "x" : -24.798374,
      "y" : 13.708204,
      "z" : -17.944271
    }, {
      "x" : -15.326238,
      "y" : 15.326238,
      "z" : -15.326238
    }, {
      "x" : -20.562305,
      "y" : 6.854102,
      "z" : -29.034441
    } ],
    "faces" : [ {
      "vertices" : [ 0, 1, 2 ]
    }, {
      "vertices" : [ 0, 2, 3 ]
    }, {
      "vertices" : [ 0, 3, 2 ]
    }, {
      "vertices" : [ 0, 2, 1 ]
    } ]
  }, {
    "id" : "6c515125-ae05-4651-9fa2-50bb21c3d15f",
    "vertices" : [ {
      "x" : 17.944271,
      "y" : 11.09017,
      "z" : 35.888542
    }, {
      "x" : 20.562305,
      "y" : 6.854102,
      "z" : 29.034441
    }, {
      "x" : 15.326238,
      "y" : 15.326238,
      "z" : 15.326238
    }, {
      "x" : 13.708204,
      "y" : 17.944271,
      "z" : 24.798374
    } ],
    "faces" : [ {
      "vertices" : [ 0, 1, 2 ]
    }, {
      "vertices" : [ 0, 2, 3 ]
    }, {
      "vertices" : [ 0, 3, 2 ]
    }, {
      "vertices" : [ 0, 2, 1 ]
    } ]
  }, {
    "id" : "659750b5-bdb1-4a5c-8568-20208b569e82",
    "vertices" : [ {
      "x" : -35.888542,
      "y" : -17.944271,
      "z" : -11.09017
    }, {
      "x" : -24.798374,
      "y" : -13.708204,
      "z" : -17.944271
    }, {
      "x" : -15.326238,
      "y" : -15.326238,
      "z" : -15.326238
    }, {
      "x" : -29.034441,
      "y" : -20.562305,
      "z" : -6.854102
    } ],
    "faces" : [ {
      "vertices" : [ 0, 1, 2 ]
    }, {
      "vertices" : [ 0, 2, 3 ]
    }, {
      "vertices" : [ 0, 3, 2 ]
    }, {
      "vertices" : [ 0, 2, 1 ]
    } ]
  }, {
    "id" : "dccf9315-0847-419e-b7d2-34cc8dd3aea5",
    "vertices" : [ {
      "x" : 35.888542,
      "y" : -17.944271,
      "z" : 11.09017
    }, {
      "x" : 24.798374,
      "y" : -13.708204,
      "z" : 17.944271
    }, {
      "x" : 15.326238,
      "y" : -15.326238,
      "z" : 15.326238
    }, {
      "x" : 29.034441,
      "y" : -20.562305,
      "z" : 6.854102
    } ],
    "faces" : [ {
      "vertices" : [ 0, 1, 2 ]
    }, {
      "vertices" : [ 0, 2, 3 ]
    }, {
      "vertices" : [ 0, 3, 2 ]
    }, {
      "vertices" : [ 0, 2, 1 ]
    } ]
  }, {
    "id" : "3bab0fcb-d8f2-450f-a1c0-1bd35ecedc2b",
    "vertices" : [ {
      "x" : 11.09017,
      "y" : -35.888542,
      "z" : -17.944271
    }, {
      "x" : 15.326238,
      "y" : -29.034441,
      "z" : -6.854102
    }, {
      "x" : 9.472136,
      "y" : -24.798374,
      "z" : 0.0
    }, {
      "x" : 4.236068,
      "y" : -33.27051,
      "z" : -13.708204
    } ],
    "faces" : [ {
      "vertices" : [ 0, 1, 2 ]
    }, {
      "vertices" : [ 0, 2, 3 ]
    }, {
      "vertices" : [ 0, 3, 2 ]
    }, {
      "vertices" : [ 0, 2, 1 ]
    } ]
  }, {
    "id" : "d1cf091c-b9fc-40f9-b7c3-12cdd0eb79e9",
    "vertices" : [ {
      "x" : -29.034441,
      "y" : 6.854102,
      "z" : 29.034441
    }, {
      "x" : -20.562305,
      "y" : 6.854102,
      "z" : 29.034441
    }, {
      "x" : -15.326238,
      "y" : 15.326238,
      "z" : 15.326238
    }, {
      "x" : -24.798374,
      "y" : 13.708204,
      "z" : 17.944271
    } ],
    "faces" : [ {
      "vertices" : [ 0, 1, 2 ]
    }, {
      "vertices" : [ 0, 2, 3 ]
    }, {
      "vertices" : [ 0, 3, 2 ]
    }, {
      "vertices" : [ 0, 2, 1 ]
    } ]
  }, {
    "id" : "812801a3-a193-4a0c-bc36-59a68889fd4e",
    "vertices" : [ {
      "x" : 35.888542,
      "y" : -17.944271,
      "z" : -11.09017
    }, {
      "x" : 29.034441,
      "y" : -6.854102,
      "z" : -15.326238
    }, {
      "x" : 24.798374,
      "y" : 0.0,
      "z" : -9.472136
    }, {
      "x" : 33.27051,
      "y" : -13.708204,
      "z" : -4.236068
    } ],
    "faces" : [ {
      "vertices" : [ 0, 1, 2 ]
    }, {
      "vertices" : [ 0, 2, 3 ]
    }, {
      "vertices" : [ 0, 3, 2 ]
    }, {
      "vertices" : [ 0, 2, 1 ]
    } ]
  }, {
    "id" : "79e5a016-7b3e-4769-a4aa-5be8de6bfae6",
    "vertices" : [ {
      "x" : 20.562305,
      "y" : 6.854102,
      "z" : -29.034441
    }, {
      "x" : 29.034441,
      "y" : 6.854102,
      "z" : -29.034441
    }, {
      "x" : 24.798374,
      "y" : 0.0,
      "z" : -26.416409
    }, {
      "x" : 16.326239,
      "y" : 0.0,
      "z" : -26.416409
    } ],
    "faces" : [ {
      "vertices" : [ 0, 1, 2 ]
    }, {
      "vertices" : [ 0, 2, 3 ]
    }, {
      "vertices" : [ 0, 3, 2 ]
    }, {
      "vertices" : [ 0, 2, 1 ]
    } ]
  }, {
    "id" : "652463b8-d448-4e15-8904-a73246621b6f",
    "vertices" : [ {
      "x" : -40.12461,
      "y" : 11.09017,
      "z" : 0.0
    }, {
      "x" : -33.27051,
      "y" : 13.708204,
      "z" : -4.236068
    }, {
      "x" : -24.798374,
      "y" : 0.0,
      "z" : -9.472136
    }, {
      "x" : -33.27051,
      "y" : 0.0,
      "z" : -4.236068
    } ],
    "faces" : [ {
      "vertices" : [ 0, 1, 2 ]
    }, {
      "vertices" : [ 0, 2, 3 ]
    }, {
      "vertices" : [ 0, 3, 2 ]
    }, {
      "vertices" : [ 0, 2, 1 ]
    } ]
  }, {
    "id" : "da214cb5-e109-41f6-bb0a-76d7fb71fa09",
    "vertices" : [ {
      "x" : 29.034441,
      "y" : 20.562305,
      "z" : -6.854102
    }, {
      "x" : 29.034441,
      "y" : 29.034441,
      "z" : -6.854102
    }, {
      "x" : 26.416409,
      "y" : 24.798374,
      "z" : 0.0
    }, {
      "x" : 26.416409,
      "y" : 16.326239,
      "z" : 0.0
    } ],
    "faces" : [ {
      "vertices" : [ 0, 1, 2 ]
    }, {
      "vertices" : [ 0, 2, 3 ]
    }, {
      "vertices" : [ 0, 3, 2 ]
    }, {
      "vertices" : [ 0, 2, 1 ]
    } ]
  }, {
    "id" : "c2f2ade7-df40-4f3f-8b44-a7a0c9a002e0",
    "vertices" : [ {
      "x" : -6.854102,
      "y" : -29.034441,
      "z" : -20.562305
    }, {
      "x" : -6.854102,
      "y" : -29.034441,
      "z" : -29.034441
    }, {
      "x" : 0.0,
      "y" : -26.416409,
      "z" : -24.798374
    }, {
      "x" : 0.0,
      "y" : -26.416409,
      "z" : -16.326239
    } ],
    "faces" : [ {
      "vertices" : [ 0, 1, 2 ]
    }, {
      "vertices" : [ 0, 2, 3 ]
    }, {
      "vertices" : [ 0, 3, 2 ]
    }, {
      "vertices" : [ 0, 2, 1 ]
    } ]
  }, {
    "id" : "79549633-e0f9-4c2b-a931-610b4f6b2f51",
    "vertices" : [ {
      "x" : -6.854102,
      "y" : 29.034441,
      "z" : -20.562305
    }, {
      "x" : -11.09017,
      "y" : 35.888542,
      "z" : -17.944271
    }, {
      "x" : -4.236068,
      "y" : 33.27051,
      "z" : -13.708204
    }, {
      "x" : 0.0,
      "y" : 26.416409,
      "z" : -16.326239
    } ],
    "faces" : [ {
      "vertices" : [ 0, 1, 2 ]
    }, {
      "vertices" : [ 0, 2, 3 ]
    }, {
      "vertices" : [ 0, 3, 2 ]
    }, {
      "vertices" : [ 0, 2, 1 ]
    } ]
  }, {
    "id" : "fee293cc-136b-4f44-b4bb-854a816a04db",
    "vertices" : [ {
      "x" : -29.034441,
      "y" : 20.562305,
      "z" : -6.854102
    }, {
      "x" : -35.888542,
      "y" : 17.944271,
      "z" : -11.09017
    }, {
      "x" : -33.27051,
      "y" : 13.708204,
      "z" : -4.236068
    }, {
      "x" : -26.416409,
      "y" : 16.326239,
      "z" : 0.0
    } ],
    "faces" : [ {
      "vertices" : [ 0, 1, 2 ]
    }, {
      "vertices" : [ 0, 2, 3 ]
    }, {
      "vertices" : [ 0, 3, 2 ]
    }, {
      "vertices" : [ 0, 2, 1 ]
    } ]
  }, {
    "id" : "88d6b6e4-3996-4d5a-8f07-185004f1781e",
    "vertices" : [ {
      "x" : 0.0,
      "y" : 40.12461,
      "z" : 11.09017
    }, {
      "x" : -4.236068,
      "y" : 33.27051,
      "z" : 0.0
    }, {
      "x" : -9.472136,
      "y" : 24.798374,
      "z" : 0.0
    }, {
      "x" : -4.236068,
      "y" : 33.27051,
      "z" : 13.708204
    } ],
    "faces" : [ {
      "vertices" : [ 0, 1, 2 ]
    }, {
      "vertices" : [ 0, 2, 3 ]
    }, {
      "vertices" : [ 0, 3, 2 ]
    }, {
      "vertices" : [ 0, 2, 1 ]
    } ]
  }, {
    "id" : "7c3925d4-6807-4e6b-b13c-f2827c3d7a11",
    "vertices" : [ {
      "x" : 13.708204,
      "y" : 17.944271,
      "z" : -24.798374
    }, {
      "x" : 6.854102,
      "y" : 15.326238,
      "z" : -29.034441
    }, {
      "x" : 6.854102,
      "y" : 29.034441,
      "z" : -29.034441
    } ],
    "faces" : [ {
      "vertices" : [ 0, 1, 2 ]
    }, {
      "vertices" : [ 0, 2, 1 ]
    } ]
  }, {
    "id" : "9f1978ba-ec96-4b78-b61e-73f9acb85daa",
    "vertices" : [ {
      "x" : -33.27051,
      "y" : 0.0,
      "z" : 4.236068
    }, {
      "x" : -33.27051,
      "y" : 0.0,
      "z" : -4.236068
    }, {
      "x" : -40.12461,
      "y" : -11.09017,
      "z" : 0.0
    } ],
    "faces" : [ {
      "vertices" : [ 0, 1, 2 ]
    }, {
      "vertices" : [ 0, 2, 1 ]
    } ]
  }, {
    "id" : "6fe60c23-9bce-4c45-92aa-50132599a308",
    "vertices" : [ {
      "x" : 17.944271,
      "y" : 11.09017,
      "z" : -35.888542
    }, {
      "x" : 13.708204,
      "y" : 4.236068,
      "z" : -33.27051
    }, {
      "x" : 0.0,
      "y" : 9.472136,
      "z" : -24.798374
    }, {
      "x" : 6.854102,
      "y" : 15.326238,
      "z" : -29.034441
    } ],
    "faces" : [ {
      "vertices" : [ 0, 1, 2 ]
    }, {
      "vertices" : [ 0, 2, 3 ]
    }, {
      "vertices" : [ 0, 3, 2 ]
    }, {
      "vertices" : [ 0, 2, 1 ]
    } ]
  }, {
    "id" : "424b4676-e0ca-478f-b3bc-2eef4917e35c",
    "vertices" : [ {
      "x" : 4.236068,
      "y" : 33.27051,
      "z" : -13.708204
    }, {
      "x" : 11.09017,
      "y" : 35.888542,
      "z" : -17.944271
    }, {
      "x" : 6.854102,
      "y" : 29.034441,
      "z" : -20.562305
    }, {
      "x" : 0.0,
      "y" : 26.416409,
      "z" : -16.326239
    } ],
    "faces" : [ {
      "vertices" : [ 0, 1, 2 ]
    }, {
      "vertices" : [ 0, 2, 3 ]
    }, {
      "vertices" : [ 0, 3, 2 ]
    }, {
      "vertices" : [ 0, 2, 1 ]
    } ]
  }, {
    "id" : "7c18eb2b-05ae-466d-b627-10c90086cfa2",
    "vertices" : [ {
      "x" : -6.854102,
      "y" : 29.034441,
      "z" : 20.562305
    }, {
      "x" : -6.854102,
      "y" : 29.034441,
      "z" : 29.034441
    }, {
      "x" : 0.0,
      "y" : 26.416409,
      "z" : 24.798374
    }, {
      "x" : 0.0,
      "y" : 26.416409,
      "z" : 16.326239
    } ],
    "faces" : [ {
      "vertices" : [ 0, 1, 2 ]
    }, {
      "vertices" : [ 0, 2, 3 ]
    }, {
      "vertices" : [ 0, 3, 2 ]
    }, {
      "vertices" : [ 0, 2, 1 ]
    } ]
  }, {
    "id" : "5ad79096-0220-4401-8f0d-0934ca3982dc",
    "vertices" : [ {
      "x" : 6.854102,
      "y" : -29.034441,
      "z" : -29.034441
    }, {
      "x" : 13.708204,
      "y" : -17.944271,
      "z" : -24.798374
    }, {
      "x" : 15.326238,
      "y" : -15.326238,
      "z" : -15.326238
    }, {
      "x" : 6.854102,
      "y" : -29.034441,
      "z" : -20.562305
    } ],
    "faces" : [ {
      "vertices" : [ 0, 1, 2 ]
    }, {
      "vertices" : [ 0, 2, 3 ]
    }, {
      "vertices" : [ 0, 3, 2 ]
    }, {
      "vertices" : [ 0, 2, 1 ]
    } ]
  }, {
    "id" : "eda39a45-9b0f-47dc-aaa4-f054b98b7697",
    "vertices" : [ {
      "x" : -29.034441,
      "y" : -6.854102,
      "z" : -29.034441
    }, {
      "x" : -29.034441,
      "y" : -6.854102,
      "z" : -15.326238
    }, {
      "x" : -24.798374,
      "y" : 0.0,
      "z" : -9.472136
    }, {
      "x" : -24.798374,
      "y" : 0.0,
      "z" : -26.416409
    } ],
    "faces" : [ {
      "vertices" : [ 0, 1, 2 ]
    }, {
      "vertices" : [ 0, 2, 3 ]
    }, {
      "vertices" : [ 0, 3, 2 ]
    }, {
      "vertices" : [ 0, 2, 1 ]
    } ]
  }, {
    "id" : "c4c85b57-3191-4c36-8b9d-275aa3d021b2",
    "vertices" : [ {
      "x" : 35.888542,
      "y" : 17.944271,
      "z" : -11.09017
    }, {
      "x" : 24.798374,
      "y" : 13.708204,
      "z" : -17.944271
    }, {
      "x" : 15.326238,
      "y" : 15.326238,
      "z" : -15.326238
    }, {
      "x" : 29.034441,
      "y" : 20.562305,
      "z" : -6.854102
    } ],
    "faces" : [ {
      "vertices" : [ 0, 1, 2 ]
    }, {
      "vertices" : [ 0, 2, 3 ]
    }, {
      "vertices" : [ 0, 3, 2 ]
    }, {
      "vertices" : [ 0, 2, 1 ]
    } ]
  }, {
    "id" : "90918e03-570a-4d52-8def-5e0a3bc100cc",
    "vertices" : [ {
      "x" : -6.854102,
      "y" : 29.034441,
      "z" : -29.034441
    }, {
      "x" : -13.708204,
      "y" : 17.944271,
      "z" : -24.798374
    }, {
      "x" : -15.326238,
      "y" : 15.326238,
      "z" : -15.326238
    }, {
      "x" : -6.854102,
      "y" : 29.034441,
      "z" : -20.562305
    } ],
    "faces" : [ {
      "vertices" : [ 0, 1, 2 ]
    }, {
      "vertices" : [ 0, 2, 3 ]
    }, {
      "vertices" : [ 0, 3, 2 ]
    }, {
      "vertices" : [ 0, 2, 1 ]
    } ]
  }, {
    "id" : "97df473c-16ea-4009-914f-7dd71515a6f4",
    "vertices" : [ {
      "x" : 13.708204,
      "y" : -4.236068,
      "z" : 33.27051
    }, {
      "x" : 17.944271,
      "y" : -11.09017,
      "z" : 35.888542
    }, {
      "x" : 20.562305,
      "y" : -6.854102,
      "z" : 29.034441
    }, {
      "x" : 16.326239,
      "y" : 0.0,
      "z" : 26.416409
    } ],
    "faces" : [ {
      "vertices" : [ 0, 1, 2 ]
    }, {
      "vertices" : [ 0, 2, 3 ]
    }, {
      "vertices" : [ 0, 3, 2 ]
    }, {
      "vertices" : [ 0, 2, 1 ]
    } ]
  }, {
    "id" : "0fabe877-55cd-42db-909d-2a8e63ebc857",
    "vertices" : [ {
      "x" : 29.034441,
      "y" : 6.854102,
      "z" : 29.034441
    }, {
      "x" : 24.798374,
      "y" : 0.0,
      "z" : 26.416409
    }, {
      "x" : 24.798374,
      "y" : 0.0,
      "z" : 9.472136
    }, {
      "x" : 29.034441,
      "y" : 6.854102,
      "z" : 15.326238
    } ],
    "faces" : [ {
      "vertices" : [ 0, 1, 2 ]
    }, {
      "vertices" : [ 0, 2, 3 ]
    }, {
      "vertices" : [ 0, 3, 2 ]
    }, {
      "vertices" : [ 0, 2, 1 ]
    } ]
  }, {
    "id" : "cc6cb9bb-93ae-4fc8-92bf-551de37fcfb5",
    "vertices" : [ {
      "x" : -35.888542,
      "y" : -17.944271,
      "z" : 11.09017
    }, {
      "x" : -29.034441,
      "y" : -6.854102,
      "z" : 15.326238
    }, {
      "x" : -24.798374,
      "y" : 0.0,
      "z" : 9.472136
    }, {
      "x" : -33.27051,
      "y" : -13.708204,
      "z" : 4.236068
    } ],
    "faces" : [ {
      "vertices" : [ 0, 1, 2 ]
    }, {
      "vertices" : [ 0, 2, 3 ]
    }, {
      "vertices" : [ 0, 3, 2 ]
    }, {
      "vertices" : [ 0, 2, 1 ]
    } ]
  }, {
    "id" : "d290609d-8757-4261-8260-ea44890c3042",
    "vertices" : [ {
      "x" : 6.854102,
      "y" : 29.034441,
      "z" : 29.034441
    }, {
      "x" : 13.708204,
      "y" : 17.944271,
      "z" : 24.798374
    }, {
      "x" : 15.326238,
      "y" : 15.326238,
      "z" : 15.326238
    }, {
      "x" : 6.854102,
      "y" : 29.034441,
      "z" : 20.562305
    } ],
    "faces" : [ {
      "vertices" : [ 0, 1, 2 ]
    }, {
      "vertices" : [ 0, 2, 3 ]
    }, {
      "vertices" : [ 0, 3, 2 ]
    }, {
      "vertices" : [ 0, 2, 1 ]
    } ]
  }, {
    "id" : "8c4e1b04-40a6-46a6-8ef3-342587113f9c",
    "vertices" : [ {
      "x" : -26.416409,
      "y" : 24.798374,
      "z" : 0.0
    }, {
      "x" : -29.034441,
      "y" : 29.034441,
      "z" : -6.854102
    }, {
      "x" : -29.034441,
      "y" : 20.562305,
      "z" : -6.854102
    }, {
      "x" : -26.416409,
      "y" : 16.326239,
      "z" : 0.0
    } ],
    "faces" : [ {
      "vertices" : [ 0, 1, 2 ]
    }, {
      "vertices" : [ 0, 2, 3 ]
    }, {
      "vertices" : [ 0, 3, 2 ]
    }, {
      "vertices" : [ 0, 2, 1 ]
    } ]
  }, {
    "id" : "58ab9548-126b-4a27-9207-0b83fb14cd57",
    "vertices" : [ {
      "x" : -6.854102,
      "y" : -29.034441,
      "z" : 29.034441
    }, {
      "x" : -13.708204,
      "y" : -17.944271,
      "z" : 24.798374
    }, {
      "x" : -15.326238,
      "y" : -15.326238,
      "z" : 15.326238
    }, {
      "x" : -6.854102,
      "y" : -29.034441,
      "z" : 20.562305
    } ],
    "faces" : [ {
      "vertices" : [ 0, 1, 2 ]
    }, {
      "vertices" : [ 0, 2, 3 ]
    }, {
      "vertices" : [ 0, 3, 2 ]
    }, {
      "vertices" : [ 0, 2, 1 ]
    } ]
  }, {
    "id" : "e0cdd27d-b79f-4ed2-b28b-aa25fc96df7d",
    "vertices" : [ {
      "x" : -6.854102,
      "y" : 29.034441,
      "z" : -29.034441
    }, {
      "x" : 0.0,
      "y" : 26.416409,
      "z" : -24.798374
    }, {
      "x" : 0.0,
      "y" : 9.472136,
      "z" : -24.798374
    }, {
      "x" : -6.854102,
      "y" : 15.326238,
      "z" : -29.034441
    } ],
    "faces" : [ {
      "vertices" : [ 0, 1, 2 ]
    }, {
      "vertices" : [ 0, 2, 3 ]
    }, {
      "vertices" : [ 0, 3, 2 ]
    }, {
      "vertices" : [ 0, 2, 1 ]
    } ]
  }, {
    "id" : "be2d86ba-e5e6-420f-8479-0c77c81df551",
    "vertices" : [ {
      "x" : 29.034441,
      "y" : 29.034441,
      "z" : -6.854102
    }, {
      "x" : 15.326238,
      "y" : 29.034441,
      "z" : -6.854102
    }, {
      "x" : 9.472136,
      "y" : 24.798374,
      "z" : 0.0
    }, {
      "x" : 26.416409,
      "y" : 24.798374,
      "z" : 0.0
    } ],
    "faces" : [ {
      "vertices" : [ 0, 1, 2 ]
    }, {
      "vertices" : [ 0, 2, 3 ]
    }, {
      "vertices" : [ 0, 3, 2 ]
    }, {
      "vertices" : [ 0, 2, 1 ]
    } ]
  }, {
    "id" : "113b9f48-211c-43f1-904f-6a9a91c35731",
    "vertices" : [ {
      "x" : 29.034441,
      "y" : -6.854102,
      "z" : -29.034441
    }, {
      "x" : 24.798374,
      "y" : -13.708204,
      "z" : -17.944271
    }, {
      "x" : 15.326238,
      "y" : -15.326238,
      "z" : -15.326238
    }, {
      "x" : 20.562305,
      "y" : -6.854102,
      "z" : -29.034441
    } ],
    "faces" : [ {
      "vertices" : [ 0, 1, 2 ]
    }, {
      "vertices" : [ 0, 2, 3 ]
    }, {
      "vertices" : [ 0, 3, 2 ]
    }, {
      "vertices" : [ 0, 2, 1 ]
    } ]
  }, {
    "id" : "869db844-e325-4ec8-84a8-ba5342f9110d",
    "vertices" : [ {
      "x" : 6.854102,
      "y" : -29.034441,
      "z" : 20.562305
    }, {
      "x" : 6.854102,
      "y" : -29.034441,
      "z" : 29.034441
    }, {
      "x" : 0.0,
      "y" : -26.416409,
      "z" : 24.798374
    }, {
      "x" : 0.0,
      "y" : -26.416409,
      "z" : 16.326239
    } ],
    "faces" : [ {
      "vertices" : [ 0, 1, 2 ]
    }, {
      "vertices" : [ 0, 2, 3 ]
    }, {
      "vertices" : [ 0, 3, 2 ]
    }, {
      "vertices" : [ 0, 2, 1 ]
    } ]
  }, {
    "id" : "446b9080-b0a8-456c-afa4-8b7021976789",
    "vertices" : [ {
      "x" : 0.0,
      "y" : 4.236068,
      "z" : 33.27051
    }, {
      "x" : 0.0,
      "y" : -4.236068,
      "z" : 33.27051
    }, {
      "x" : 11.09017,
      "y" : 0.0,
      "z" : 40.12461
    } ],
    "faces" : [ {
      "vertices" : [ 0, 1, 2 ]
    }, {
      "vertices" : [ 0, 2, 1 ]
    } ]
  }, {
    "id" : "0ca0e491-cbee-4271-9b5b-ac052ca8b528",
    "vertices" : [ {
      "x" : -13.708204,
      "y" : 17.944271,
      "z" : 24.798374
    }, {
      "x" : -6.854102,
      "y" : 15.326238,
      "z" : 29.034441
    }, {
      "x" : -6.854102,
      "y" : 29.034441,
      "z" : 29.034441
    } ],
    "faces" : [ {
      "vertices" : [ 0, 1, 2 ]
    }, {
      "vertices" : [ 0, 2, 1 ]
    } ]
  }, {
    "id" : "a28ad8a8-ea79-457a-886d-c0b8c35339d5",
    "vertices" : [ {
      "x" : 33.27051,
      "y" : -13.708204,
      "z" : -4.236068
    }, {
      "x" : 40.12461,
      "y" : -11.09017,
      "z" : 0.0
    }, {
      "x" : 33.27051,
      "y" : -13.708204,
      "z" : 4.236068
    }, {
      "x" : 26.416409,
      "y" : -16.326239,
      "z" : 0.0
    } ],
    "faces" : [ {
      "vertices" : [ 0, 1, 2 ]
    }, {
      "vertices" : [ 0, 2, 3 ]
    }, {
      "vertices" : [ 0, 3, 2 ]
    }, {
      "vertices" : [ 0, 2, 1 ]
    } ]
  }, {
    "id" : "5470ec6a-2d79-4a57-90c9-31d18527cc21",
    "vertices" : [ {
      "x" : -13.708204,
      "y" : 4.236068,
      "z" : -33.27051
    }, {
      "x" : -11.09017,
      "y" : 0.0,
      "z" : -40.12461
    }, {
      "x" : -13.708204,
      "y" : -4.236068,
      "z" : -33.27051
    }, {
      "x" : -16.326239,
      "y" : 0.0,
      "z" : -26.416409
    } ],
    "faces" : [ {
      "vertices" : [ 0, 1, 2 ]
    }, {
      "vertices" : [ 0, 2, 3 ]
    }, {
      "vertices" : [ 0, 3, 2 ]
    }, {
      "vertices" : [ 0, 2, 1 ]
    } ]
  }, {
    "id" : "7c899717-1048-4eb7-885d-73baa69db62a",
    "vertices" : [ {
      "x" : -15.326238,
