{
  "field" : "golden",
  "symmetry" : "icosahedral",
  "orientations" : [ [ 1.0, 0.0, 0.0, 0.0, 0.0, 1.0, 0.0, 0.0, 0.0, 0.0, 1.0, 0.0, 0.0, 0.0, 0.0, 1.0 ], [ 0.0, 0.0, 1.0, 0.0, 1.0, 0.0, 0.0, 0.0, 0.0, 1.0, 0.0, 0.0, 0.0, 0.0, 0.0, 1.0 ], [ 0.0, 1.0, 0.0, 0.0, 0.0, 0.0, 1.0, 0.0, 1.0, 0.0, 0.0, 0.0, 0.0, 0.0, 0.0, 1.0 ], [ 0.809017, 0.309017, 0.5, 0.0, 0.309017, 0.5, -0.809017, 0.0, -0.5, 0.809017, 0.309017, 0.0, 0.0, 0.0, 0.0, 1.0 ], [ -0.5, 0.809017, 0.309017, 0.0, 0.809017, 0.309017, 0.5, 0.0, 0.309017, 0.5, -0.809017, 0.0, 0.0, 0.0, 0.0, 1.0 ], [ 0.309017, 0.5, -0.809017, 0.0, -0.5, 0.809017, 0.309017, 0.0, 0.809017, 0.309017, 0.5, 0.0, 0.0, 0.0, 0.0, 1.0 ], [ 0.5, 0.809017, 0.309017, 0.0, 0.809017, -0.309017, -0.5, 0.0, -0.309017, 0.5, -0.809017, 0.0, 0.0, 0.0, 0.0, 1.0 ], [ -0.309017, 0.5, -0.809017, 0.0, 0.5, 0.809017, 0.309017, 0.0, 0.809017, -0.309017, -0.5, 0.0, 0.0, 0.0, 0.0, 1.0 ], [ 0.809017, -0.309017, -0.5, 0.0, -0.309017, 0.5, -0.809017, 0.0, 0.5, 0.809017, 0.309017, 0.0, 0.0, 0.0, 0.0, 1.0 ], [ 0.5, 0.809017, -0.309017, 0.0, 0.809017, -0.309017, 0.5, 0.0, 0.309017, -0.5, -0.809017, 0.0, 0.0, 0.0, 0.0, 1.0 ], [ 0.309017, -0.5, -0.809017, 0.0, 0.5, 0.809017, -0.309017, 0.0, 0.809017, -0.309017, 0.5, 0.0, 0.0, 0.0, 0.0, 1.0 ], [ 0.809017, -0.309017, 0.5, 0.0, 0.309017, -0.5, -0.809017, 0.0, 0.5, 0.809017, -0.309017, 0.0, 0.0, 0.0, 0.0, 1.0 ], [ 0.809017, 0.309017, -0.5, 0.0, 0.309017, 0.5, 0.809017, 0.0, 0.5, -0.809017, 0.309017, 0.0, 0.0, 0.0, 0.0, 1.0 ], [ 0.5, -0.809017, 0.309017, 0.0, 0.809017, 0.309017, -0.5, 0.0, 0.309017, 0.5, 0.809017, 0.0, 0.0, 0.0, 0.0, 1.0 ], [ 0.309017, 0.5, 0.809017, 0.0, 0.5, -0.809017, 0.309017, 0.0, 0.809017, 0.309017, -0.5, 0.0, 0.0, 0.0, 0.0, 1.0 ], [ 1.0, 0.0, 0.0, 0.0, 0.0, -1.0, 0.0, 0.0, 0.0, 0.0, -1.0, 0.0, 0.0, 0.0, 0.0, 1.0 ], [ 0.0, 0.0, 1.0, 0.0, -1.0, 0.0, 0.0, 0.0, 0.0, -1.0, 0.0, 0.0, 0.0, 0.0, 0.0, 1.0 ], [ 0.0, 1.0, 0.0, 0.0, 0.0, 0.0, -1.0, 0.0, -1.0, 0.0, 0.0, 0.0, 0.0, 0.0, 0.0, 1.0 ], [ 0.809017, 0.309017, 0.5, 0.0, -0.309017, -0.5, 0.809017, 0.0, 0.5, -0.809017, -0.309017, 0.0, 0.0, 0.0, 0.0, 1.0 ], [ -0.5, 0.809017, 0.309017, 0.0, -0.809017, -0.309017, -0.5, 0.0, -0.309017, -0.5, 0.809017, 0.0, 0.0, 0.0, 0.0, 1.0 ], [ 0.309017, 0.5, -0.809017, 0.0, 0.5, -0.809017, -0.309017, 0.0, -0.809017, -0.309017, -0.5, 0.0, 0.0, 0.0, 0.0, 1.0 ], [ 0.5, 0.809017, 0.309017, 0.0, -0.809017, 0.309017, 0.5, 0.0, 0.309017, -0.5, 0.809017, 0.0, 0.0, 0.0, 0.0, 1.0 ], [ -0.309017, 0.5, -0.809017, 0.0, -0.5, -0.809017, -0.309017, 0.0, -0.809017, 0.309017, 0.5, 0.0, 0.0, 0.0, 0.0, 1.0 ], [ 0.809017, -0.309017, -0.5, 0.0, 0.309017, -0.5, 0.809017, 0.0, -0.5, -0.809017, -0.309017, 0.0, 0.0, 0.0, 0.0, 1.0 ], [ 0.5, 0.809017, -0.309017, 0.0, -0.809017, 0.309017, -0.5, 0.0, -0.309017, 0.5, 0.809017, 0.0, 0.0, 0.0, 0.0, 1.0 ], [ 0.309017, -0.5, -0.809017, 0.0, -0.5, -0.809017, 0.309017, 0.0, -0.809017, 0.309017, -0.5, 0.0, 0.0, 0.0, 0.0, 1.0 ], [ 0.809017, -0.309017, 0.5, 0.0, -0.309017, 0.5, 0.809017, 0.0, -0.5, -0.809017, 0.309017, 0.0, 0.0, 0.0, 0.0, 1.0 ], [ 0.809017, 0.309017, -0.5, 0.0, -0.309017, -0.5, -0.809017, 0.0, -0.5, 0.809017, -0.309017, 0.0, 0.0, 0.0, 0.0, 1.0 ], [ 0.5, -0.809017, 0.309017, 0.0, -0.809017, -0.309017, 0.5, 0.0, -0.309017, -0.5, -0.809017, 0.0, 0.0, 0.0, 0.0, 1.0 ], [ 0.309017, 0.5, 0.809017, 0.0, -0.5, 0.809017, -0.309017, 0.0, -0.809017, -0.309017, 0.5, 0.0, 0.0, 0.0, 0.0, 1.0 ], [ -1.0, 0.0, 0.0, 0.0, 0.0, -1.0, 0.0, 0.0, 0.0, 0.0, 1.0, 0.0, 0.0, 0.0, 0.0, 1.0 ], [ 0.0, 0.0, -1.0, 0.0, -1.0, 0.0, 0.0, 0.0, 0.0, 1.0, 0.0, 0.0, 0.0, 0.0, 0.0, 1.0 ], [ 0.0, -1.0, 0.0, 0.0, 0.0, 0.0, -1.0, 0.0, 1.0, 0.0, 0.0, 0.0, 0.0, 0.0, 0.0, 1.0 ], [ -0.809017, -0.309017, -0.5, 0.0, -0.309017, -0.5, 0.809017, 0.0, -0.5, 0.809017, 0.309017, 0.0, 0.0, 0.0, 0.0, 1.0 ], [ 0.5, -0.809017, -0.309017, 0.0, -0.809017, -0.309017, -0.5, 0.0, 0.309017, 0.5, -0.809017, 0.0, 0.0, 0.0, 0.0, 1.0 ], [ -0.309017, -0.5, 0.809017, 0.0, 0.5, -0.809017, -0.309017, 0.0, 0.809017, 0.309017, 0.5, 0.0, 0.0, 0.0, 0.0, 1.0 ], [ -0.5, -0.809017, -0.309017, 0.0, -0.809017, 0.309017, 0.5, 0.0, -0.309017, 0.5, -0.809017, 0.0, 0.0, 0.0, 0.0, 1.0 ], [ 0.309017, -0.5, 0.809017, 0.0, -0.5, -0.809017, -0.309017, 0.0, 0.809017, -0.309017, -0.5, 0.0, 0.0, 0.0, 0.0, 1.0 ], [ -0.809017, 0.309017, 0.5, 0.0, 0.309017, -0.5, 0.809017, 0.0, 0.5, 0.809017, 0.309017, 0.0, 0.0, 0.0, 0.0, 1.0 ], [ -0.5, -0.809017, 0.309017, 0.0, -0.809017, 0.309017, -0.5, 0.0, 0.309017, -0.5, -0.809017, 0.0, 0.0, 0.0, 0.0, 1.0 ], [ -0.309017, 0.5, 0.809017, 0.0, -0.5, -0.809017, 0.309017, 0.0, 0.809017, -0.309017, 0.5, 0.0, 0.0, 0.0, 0.0, 1.0 ], [ -0.809017, 0.309017, -0.5, 0.0, -0.309017, 0.5, 0.809017, 0.0, 0.5, 0.809017, -0.309017, 0.0, 0.0, 0.0, 0.0, 1.0 ], [ -0.809017, -0.309017, 0.5, 0.0, -0.309017, -0.5, -0.809017, 0.0, 0.5, -0.809017, 0.309017, 0.0, 0.0, 0.0, 0.0, 1.0 ], [ -0.5, 0.809017, -0.309017, 0.0, -0.809017, -0.309017, 0.5, 0.0, 0.309017, 0.5, 0.809017, 0.0, 0.0, 0.0, 0.0, 1.0 ], [ -0.309017, -0.5, -0.809017, 0.0, -0.5, 0.809017, -0.309017, 0.0, 0.809017, 0.309017, -0.5, 0.0, 0.0, 0.0, 0.0, 1.0 ], [ -1.0, 0.0, 0.0, 0.0, 0.0, 1.0, 0.0, 0.0, 0.0, 0.0, -1.0, 0.0, 0.0, 0.0, 0.0, 1.0 ], [ 0.0, 0.0, -1.0, 0.0, 1.0, 0.0, 0.0, 0.0, 0.0, -1.0, 0.0, 0.0, 0.0, 0.0, 0.0, 1.0 ], [ 0.0, -1.0, 0.0, 0.0, 0.0, 0.0, 1.0, 0.0, -1.0, 0.0, 0.0, 0.0, 0.0, 0.0, 0.0, 1.0 ], [ -0.809017, -0.309017, -0.5, 0.0, 0.309017, 0.5, -0.809017, 0.0, 0.5, -0.809017, -0.309017, 0.0, 0.0, 0.0, 0.0, 1.0 ], [ 0.5, -0.809017, -0.309017, 0.0, 0.809017, 0.309017, 0.5, 0.0, -0.309017, -0.5, 0.809017, 0.0, 0.0, 0.0, 0.0, 1.0 ], [ -0.309017, -0.5, 0.809017, 0.0, -0.5, 0.809017, 0.309017, 0.0, -0.809017, -0.309017, -0.5, 0.0, 0.0, 0.0, 0.0, 1.0 ], [ -0.5, -0.809017, -0.309017, 0.0, 0.809017, -0.309017, -0.5, 0.0, 0.309017, -0.5, 0.809017, 0.0, 0.0, 0.0, 0.0, 1.0 ], [ 0.309017, -0.5, 0.809017, 0.0, 0.5, 0.809017, 0.309017, 0.0, -0.809017, 0.309017, 0.5, 0.0, 0.0, 0.0, 0.0, 1.0 ], [ -0.809017, 0.309017, 0.5, 0.0, -0.309017, 0.5, -0.809017, 0.0, -0.5, -0.809017, -0.309017, 0.0, 0.0, 0.0, 0.0, 1.0 ], [ -0.5, -0.809017, 0.309017, 0.0, 0.809017, -0.309017, 0.5, 0.0, -0.309017, 0.5, 0.809017, 0.0, 0.0, 0.0, 0.0, 1.0 ], [ -0.309017, 0.5, 0.809017, 0.0, 0.5, 0.809017, -0.309017, 0.0, -0.809017, 0.309017, -0.5, 0.0, 0.0, 0.0, 0.0, 1.0 ], [ -0.809017, 0.309017, -0.5, 0.0, 0.309017, -0.5, -0.809017, 0.0, -0.5, -0.809017, 0.309017, 0.0, 0.0, 0.0, 0.0, 1.0 ], [ -0.809017, -0.309017, 0.5, 0.0, 0.309017, 0.5, 0.809017, 0.0, -0.5, 0.809017, -0.309017, 0.0, 0.0, 0.0, 0.0, 1.0 ], [ -0.5, 0.809017, -0.309017, 0.0, 0.809017, 0.309017, -0.5, 0.0, -0.309017, -0.5, -0.809017, 0.0, 0.0, 0.0, 0.0, 1.0 ], [ -0.309017, -0.5, -0.809017, 0.0, 0.5, -0.809017, 0.309017, 0.0, -0.809017, -0.309017, 0.5, 0.0, 0.0, 0.0, 0.0, 1.0 ] ],
  "lights" : {
    "directionalLights" : [ {
      "direction" : {
        "x" : 1.0,
        "y" : -1.0,
        "z" : -1.0
      },
      "color" : "#EBEBE4"
    }, {
      "direction" : {
        "x" : -1.0,
        "y" : 0.0,
        "z" : 0.0
      },
      "color" : "#E4E4EB"
    }, {
      "direction" : {
        "x" : 0.0,
        "y" : 0.0,
        "z" : -1.0
      },
      "color" : "#1E1E1E"
    } ],
    "backgroundColor" : "#AFC8DC",
    "ambientColor" : "#292929"
  },
  "camera" : {
    "position" : {
      "x" : 4.4146085,
      "y" : 6.8267903,
      "z" : 132.55534
    },
    "width" : 59.76211,
    "viewDistance" : 132.80469,
    "perspective" : true,
    "lookAtPoint" : {
      "x" : 0.0,
      "y" : 0.0,
      "z" : 0.0
    },
    "fieldOfView" : 0.4426289,
    "upDirection" : {
      "x" : -0.034161888,
      "y" : 0.9981513,
      "z" : -0.050268874
    },
    "stereo" : false,
    "lookDirection" : {
      "x" : -0.03324136,
      "y" : -0.05140474,
      "z" : -0.9981225
    },
    "nearClipDistance" : 0.33201167,
    "farClipDistance" : 265.60934
  },
  "embedding" : [ 1.0, 0.0, 0.0, 0.0, 0.0, 1.0, 0.0, 0.0, 0.0, 0.0, 1.0, 0.0, 0.0, 0.0, 0.0, 1.0 ],
  "shapes" : [ {
    "id" : "348b2030-77d7-44b4-a517-e7ed490e18d7",
    "vertices" : [ {
      "x" : -13.708204,
      "y" : -2.618034,
      "z" : -1.618034
    }, {
      "x" : -13.708204,
      "y" : -1.618034,
      "z" : -4.236068
    }, {
      "x" : -11.09017,
      "y" : -6.854102,
      "z" : -5.236068
    } ],
    "faces" : [ {
      "vertices" : [ 0, 1, 2 ]
    }, {
      "vertices" : [ 0, 2, 1 ]
    } ]
  }, {
    "id" : "9725acca-f43b-4456-91d1-ce817a827044",
    "vertices" : [ {
      "x" : -8.472136,
      "y" : 6.854102,
      "z" : -9.472136
    }, {
      "x" : -4.236068,
      "y" : 4.236068,
      "z" : -12.708204
    }, {
      "x" : -9.472136,
      "y" : 4.236068,
      "z" : -9.472136
    } ],
    "faces" : [ {
      "vertices" : [ 0, 1, 2 ]
    }, {
      "vertices" : [ 0, 2, 1 ]
    } ]
  }, {
    "id" : "be190891-67ea-4f97-8c4b-815b3f175026",
    "vertices" : [ {
      "x" : -6.854102,
      "y" : -5.236068,
      "z" : -11.09017
    }, {
      "x" : -8.472136,
      "y" : -6.854102,
      "z" : -9.472136
    }, {
      "x" : -11.09017,
      "y" : -1.618034,
      "z" : -8.472136
    } ],
    "faces" : [ {
      "vertices" : [ 0, 1, 2 ]
    }, {
      "vertices" : [ 0, 2, 1 ]
    } ]
  }, {
    "id" : "8f1f6ec0-2641-4cde-9c61-826b16e6f0fb",
    "vertices" : [ {
      "x" : 13.708204,
      "y" : -1.618034,
      "z" : -4.236068
    }, {
      "x" : 12.708204,
      "y" : 0.0,
      "z" : -6.854102
    }, {
      "x" : 13.708204,
      "y" : 1.618034,
      "z" : -4.236068
    } ],
    "faces" : [ {
      "vertices" : [ 0, 1, 2 ]
    }, {
      "vertices" : [ 0, 2, 1 ]
    } ]
  }, {
    "id" : "58336f68-84f0-41c4-bbf4-4d077d5d4c44",
    "vertices" : [ {
      "x" : -1.618034,
      "y" : -13.708204,
      "z" : -2.618034
    }, {
      "x" : -5.236068,
      "y" : -11.09017,
      "z" : -6.854102
    }, {
      "x" : -1.618034,
      "y" : -8.472136,
      "z" : -11.09017
    }, {
      "x" : 4.236068,
      "y" : -9.472136,
      "z" : -9.472136
    }, {
      "x" : 4.236068,
      "y" : -12.708204,
      "z" : -4.236068
    } ],
    "faces" : [ {
      "vertices" : [ 0, 1, 2 ]
    }, {
      "vertices" : [ 0, 2, 3 ]
    }, {
      "vertices" : [ 0, 3, 4 ]
    }, {
      "vertices" : [ 0, 4, 3 ]
    }, {
      "vertices" : [ 0, 3, 2 ]
    }, {
      "vertices" : [ 0, 2, 1 ]
    } ]
  }, {
    "id" : "bcb93876-15bd-4535-9009-ff18285ad5f6",
    "vertices" : [ {
      "x" : -4.236068,
      "y" : -4.236068,
      "z" : 12.708204
    }, {
      "x" : -1.618034,
      "y" : -4.236068,
      "z" : 13.708204
    }, {
      "x" : -2.618034,
      "y" : 1.618034,
      "z" : 13.708204
    } ],
    "faces" : [ {
      "vertices" : [ 0, 1, 2 ]
    }, {
      "vertices" : [ 0, 2, 1 ]
    } ]
  }, {
    "id" : "8b0b8c44-dac8-42a3-a67f-98df6161b6a5",
    "vertices" : [ {
      "x" : 1.618034,
      "y" : 13.708204,
      "z" : -2.618034
    }, {
      "x" : 4.236068,
      "y" : 13.708204,
      "z" : -1.618034
    }, {
      "x" : 5.236068,
      "y" : 11.09017,
      "z" : -6.854102
    } ],
    "faces" : [ {
      "vertices" : [ 0, 1, 2 ]
    }, {
      "vertices" : [ 0, 2, 1 ]
    } ]
  }, {
    "id" : "425613c2-492d-42f9-b8d8-c9c3d406c3ec",
    "vertices" : [ {
      "x" : -11.09017,
      "y" : 1.618034,
      "z" : 8.472136
    }, {
      "x" : -12.708204,
      "y" : 0.0,
      "z" : 6.854102
    }, {
      "x" : -9.472136,
      "y" : -4.236068,
      "z" : 9.472136
    } ],
    "faces" : [ {
      "vertices" : [ 0, 1, 2 ]
    }, {
      "vertices" : [ 0, 2, 1 ]
    } ]
  }, {
    "id" : "8808d75a-8701-48aa-bbb0-0d4cb02cc2f6",
    "vertices" : [ {
      "x" : 1.618034,
      "y" : 4.236068,
      "z" : -13.708204
    }, {
      "x" : 6.854102,
      "y" : 5.236068,
      "z" : -11.09017
    }, {
      "x" : 2.618034,
      "y" : 1.618034,
      "z" : -13.708204
    } ],
    "faces" : [ {
      "vertices" : [ 0, 1, 2 ]
    }, {
      "vertices" : [ 0, 2, 1 ]
    } ]
  }, {
    "id" : "a1c6fa2b-ad37-4cde-b776-5067a0aa49ef",
    "vertices" : [ {
      "x" : -6.854102,
      "y" : -5.236068,
      "z" : -11.09017
    }, {
      "x" : -1.618034,
      "y" : -4.236068,
      "z" : -13.708204
    }, {
      "x" : 0.0,
      "y" : -6.854102,
      "z" : -12.708204
    }, {
      "x" : -1.618034,
      "y" : -8.472136,
      "z" : -11.09017
    }, {
      "x" : -6.854102,
      "y" : -9.472136,
      "z" : -8.472136
    }, {
      "x" : -8.472136,
      "y" : -6.854102,
      "z" : -9.472136
    } ],
    "faces" : [ {
      "vertices" : [ 0, 1, 2 ]
    }, {
      "vertices" : [ 0, 2, 3 ]
    }, {
      "vertices" : [ 0, 3, 4 ]
    }, {
      "vertices" : [ 0, 4, 5 ]
    }, {
      "vertices" : [ 0, 5, 4 ]
    }, {
      "vertices" : [ 0, 4, 3 ]
    }, {
      "vertices" : [ 0, 3, 2 ]
    }, {
      "vertices" : [ 0, 2, 1 ]
    } ]
  }, {
    "id" : "d8adda2e-dc91-4b7e-bf2d-3368e631ba70",
    "vertices" : [ {
      "x" : 6.854102,
      "y" : 12.708204,
      "z" : 0.0
    }, {
      "x" : 4.236068,
      "y" : 13.708204,
      "z" : -1.618034
    }, {
      "x" : 4.236068,
      "y" : 13.708204,
      "z" : 1.618034
    } ],
    "faces" : [ {
      "vertices" : [ 0, 1, 2 ]
    }, {
      "vertices" : [ 0, 2, 1 ]
    } ]
  }, {
    "id" : "403a6cda-79a3-47bc-ad11-be8327ac7c7b",
    "vertices" : [ {
      "x" : 8.472136,
      "y" : -11.09017,
      "z" : 1.618034
    }, {
      "x" : 11.09017,
      "y" : -6.854102,
      "z" : 5.236068
    }, {
      "x" : 9.472136,
      "y" : -8.472136,
      "z" : 6.854102
    } ],
    "faces" : [ {
      "vertices" : [ 0, 1, 2 ]
    }, {
      "vertices" : [ 0, 2, 1 ]
    } ]
  }, {
    "id" : "b27a8605-ad96-48a6-a191-274298f90ef5",
    "vertices" : [ {
      "x" : 1.618034,
      "y" : -4.236068,
      "z" : -13.708204
    }, {
      "x" : 0.0,
      "y" : -6.854102,
      "z" : -12.708204
    }, {
      "x" : -1.618034,
      "y" : -4.236068,
      "z" : -13.708204
    } ],
    "faces" : [ {
      "vertices" : [ 0, 1, 2 ]
    }, {
      "vertices" : [ 0, 2, 1 ]
    } ]
  }, {
    "id" : "e2ce669c-28f7-49eb-af9e-95531d404ea6",
    "vertices" : [ {
      "x" : 11.09017,
      "y" : -1.618034,
      "z" : 8.472136
    }, {
      "x" : 6.854102,
      "y" : -5.236068,
      "z" : 11.09017
    }, {
      "x" : 8.472136,
      "y" : -6.854102,
      "z" : 9.472136
    } ],
    "faces" : [ {
      "vertices" : [ 0, 1, 2 ]
    }, {
      "vertices" : [ 0, 2, 1 ]
    } ]
  }, {
    "id" : "b73ef998-c6f4-49f2-bd77-66d28481df8d",
    "vertices" : [ {
      "x" : 9.472136,
      "y" : -9.472136,
      "z" : -4.236068
    }, {
      "x" : 6.854102,
      "y" : -12.708204,
      "z" : 0.0
    }, {
      "x" : 4.236068,
      "y" : -13.708204,
      "z" : -1.618034
    }, {
      "x" : 4.236068,
      "y" : -12.708204,
      "z" : -4.236068
    }, {
      "x" : 6.854102,
      "y" : -9.472136,
      "z" : -8.472136
    }, {
      "x" : 9.472136,
      "y" : -8.472136,
      "z" : -6.854102
    } ],
    "faces" : [ {
      "vertices" : [ 0, 1, 2 ]
    }, {
      "vertices" : [ 0, 2, 3 ]
    }, {
      "vertices" : [ 0, 3, 4 ]
    }, {
      "vertices" : [ 0, 4, 5 ]
    }, {
      "vertices" : [ 0, 5, 4 ]
    }, {
      "vertices" : [ 0, 4, 3 ]
    }, {
      "vertices" : [ 0, 3, 2 ]
    }, {
      "vertices" : [ 0, 2, 1 ]
    } ]
  }, {
    "id" : "883da861-9799-48bc-b8b9-294bf3892f09",
    "vertices" : [ {
      "x" : -4.236068,
      "y" : 12.708204,
      "z" : -4.236068
    }, {
      "x" : -4.236068,
      "y" : 9.472136,
      "z" : -9.472136
    }, {
      "x" : -6.854102,
      "y" : 9.472136,
      "z" : -8.472136
    } ],
    "faces" : [ {
      "vertices" : [ 0, 1, 2 ]
    }, {
      "vertices" : [ 0, 2, 1 ]
    } ]
  }, {
    "id" : "cc5d69c5-4032-4735-9229-fdf05e4f0b91",
    "vertices" : [ {
      "x" : -9.472136,
      "y" : -9.472136,
      "z" : 4.236068
    }, {
      "x" : -9.472136,
      "y" : -8.472136,
      "z" : 6.854102
    }, {
      "x" : -12.708204,
      "y" : -4.236068,
      "z" : 4.236068
    } ],
    "faces" : [ {
      "vertices" : [ 0, 1, 2 ]
    }, {
      "vertices" : [ 0, 2, 1 ]
    } ]
  }, {
    "id" : "fecc5bc1-5b27-4a35-8b50-42b50d5d98d9",
    "vertices" : [ {
      "x" : -8.472136,
      "y" : -6.854102,
      "z" : 9.472136
    }, {
      "x" : -9.472136,
      "y" : -8.472136,
      "z" : 6.854102
    }, {
      "x" : -6.854102,
      "y" : -9.472136,
      "z" : 8.472136
    } ],
    "faces" : [ {
      "vertices" : [ 0, 1, 2 ]
    }, {
      "vertices" : [ 0, 2, 1 ]
    } ]
  }, {
    "id" : "028a9d17-c53b-4707-8405-ecd553f244ce",
    "vertices" : [ {
      "x" : -13.708204,
      "y" : -1.618034,
      "z" : 4.236068
    }, {
      "x" : -12.708204,
      "y" : 0.0,
      "z" : 6.854102
    }, {
      "x" : -13.708204,
      "y" : 1.618034,
      "z" : 4.236068
    } ],
    "faces" : [ {
      "vertices" : [ 0, 1, 2 ]
    }, {
      "vertices" : [ 0, 2, 1 ]
    } ]
  }, {
    "id" : "7e58180c-a7a4-4a75-ad84-27d4ccceec87",
    "vertices" : [ {
      "x" : -13.708204,
      "y" : -2.618034,
      "z" : -1.618034
    }, {
      "x" : -13.708204,
      "y" : -1.618034,
      "z" : 4.236068
    }, {
      "x" : -13.708204,
      "y" : 1.618034,
      "z" : 4.236068
    }, {
      "x" : -13.708204,
      "y" : 2.618034,
      "z" : 1.618034
    }, {
      "x" : -13.708204,
      "y" : 1.618034,
      "z" : -4.236068
    }, {
      "x" : -13.708204,
      "y" : -1.618034,
      "z" : -4.236068
    } ],
    "faces" : [ {
      "vertices" : [ 0, 1, 2 ]
    }, {
      "vertices" : [ 0, 2, 3 ]
    }, {
      "vertices" : [ 0, 3, 4 ]
    }, {
      "vertices" : [ 0, 4, 5 ]
    }, {
      "vertices" : [ 0, 5, 4 ]
    }, {
      "vertices" : [ 0, 4, 3 ]
    }, {
      "vertices" : [ 0, 3, 2 ]
    }, {
      "vertices" : [ 0, 2, 1 ]
    } ]
  }, {
    "id" : "48e2355a-2798-4c29-9f44-6c16fbc777f7",
    "vertices" : [ {
      "x" : 9.472136,
      "y" : -9.472136,
      "z" : -4.236068
    }, {
      "x" : 12.708204,
      "y" : -4.236068,
      "z" : -4.236068
    }, {
      "x" : 13.708204,
      "y" : -2.618034,
      "z" : 1.618034
    }, {
      "x" : 11.09017,
      "y" : -6.854102,
      "z" : 5.236068
    }, {
      "x" : 8.472136,
      "y" : -11.09017,
      "z" : 1.618034
    } ],
    "faces" : [ {
      "vertices" : [ 0, 1, 2 ]
    }, {
      "vertices" : [ 0, 2, 3 ]
    }, {
      "vertices" : [ 0, 3, 4 ]
    }, {
      "vertices" : [ 0, 4, 3 ]
    }, {
      "vertices" : [ 0, 3, 2 ]
    }, {
      "vertices" : [ 0, 2, 1 ]
    } ]
  }, {
    "id" : "9bff2f3b-ad98-4214-ad1c-db84d881edfe",
    "vertices" : [ {
      "x" : -1.618034,
      "y" : 4.236068,
      "z" : 13.708204
    }, {
      "x" : -6.854102,
      "y" : 5.236068,
      "z" : 11.09017
    }, {
      "x" : -2.618034,
      "y" : 1.618034,
      "z" : 13.708204
    } ],
    "faces" : [ {
      "vertices" : [ 0, 1, 2 ]
    }, {
      "vertices" : [ 0, 2, 1 ]
    } ]
  }, {
    "id" : "8ffca77d-fc8f-4466-af22-e53f64a741a6",
    "vertices" : [ {
      "x" : 13.708204,
      "y" : -1.618034,
      "z" : -4.236068
    }, {
      "x" : 12.708204,
      "y" : -4.236068,
      "z" : -4.236068
    }, {
      "x" : 9.472136,
      "y" : -8.472136,
      "z" : -6.854102
    }, {
      "x" : 8.472136,
      "y" : -6.854102,
      "z" : -9.472136
    }, {
      "x" : 9.472136,
      "y" : -4.236068,
      "z" : -9.472136
    }, {
      "x" : 12.708204,
      "y" : 0.0,
      "z" : -6.854102
    } ],
    "faces" : [ {
      "vertices" : [ 0, 1, 2 ]
    }, {
      "vertices" : [ 0, 2, 3 ]
    }, {
      "vertices" : [ 0, 3, 4 ]
    }, {
      "vertices" : [ 0, 4, 5 ]
    }, {
      "vertices" : [ 0, 5, 4 ]
    }, {
      "vertices" : [ 0, 4, 3 ]
    }, {
      "vertices" : [ 0, 3, 2 ]
    }, {
      "vertices" : [ 0, 2, 1 ]
    } ]
  }, {
    "id" : "1d5b41c7-2d37-41ad-9dbc-91b632f3dddd",
    "vertices" : [ {
      "x" : -5.236068,
      "y" : 11.09017,
      "z" : 6.854102
    }, {
      "x" : -6.854102,
      "y" : 9.472136,
      "z" : 8.472136
    }, {
      "x" : -1.618034,
      "y" : 8.472136,
      "z" : 11.09017
    } ],
    "faces" : [ {
      "vertices" : [ 0, 1, 2 ]
    }, {
      "vertices" : [ 0, 2, 1 ]
    } ]
  }, {
    "id" : "85a50b7a-760d-45d0-adfa-52cd11fc9f43",
    "vertices" : [ {
      "x" : -6.854102,
      "y" : -12.708204,
      "z" : 0.0
    }, {
      "x" : -4.236068,
      "y" : -13.708204,
      "z" : -1.618034
    }, {
      "x" : -4.236068,
      "y" : -13.708204,
      "z" : 1.618034
    } ],
    "faces" : [ {
      "vertices" : [ 0, 1, 2 ]
    }, {
      "vertices" : [ 0, 2, 1 ]
    } ]
  }, {
    "id" : "c4f93fde-feac-4e04-9ea3-491686514d61",
    "vertices" : [ {
      "x" : 13.708204,
      "y" : 1.618034,
      "z" : 4.236068
    }, {
      "x" : 12.708204,
      "y" : 0.0,
      "z" : 6.854102
    }, {
      "x" : 13.708204,
      "y" : -1.618034,
      "z" : 4.236068
    } ],
    "faces" : [ {
      "vertices" : [ 0, 1, 2 ]
    }, {
      "vertices" : [ 0, 2, 1 ]
    } ]
  }, {
    "id" : "42d256cd-3497-4be2-ad01-e1b74efe3191",
    "vertices" : [ {
      "x" : -4.236068,
      "y" : -12.708204,
      "z" : 4.236068
    }, {
      "x" : -4.236068,
      "y" : -13.708204,
      "z" : 1.618034
    }, {
      "x" : 1.618034,
      "y" : -13.708204,
      "z" : 2.618034
    } ],
    "faces" : [ {
      "vertices" : [ 0, 1, 2 ]
    }, {
      "vertices" : [ 0, 2, 1 ]
    } ]
  }, {
    "id" : "911579f3-3078-4cc1-91b3-bdd3b5db5f43",
    "vertices" : [ {
      "x" : -4.236068,
      "y" : 13.708204,
      "z" : -1.618034
    }, {
      "x" : -6.854102,
      "y" : 12.708204,
      "z" : 0.0
    }, {
      "x" : -4.236068,
      "y" : 13.708204,
      "z" : 1.618034
    } ],
    "faces" : [ {
      "vertices" : [ 0, 1, 2 ]
    }, {
      "vertices" : [ 0, 2, 1 ]
    } ]
  }, {
    "id" : "371fb59e-cbeb-48ec-8486-44f0b123048c",
    "vertices" : [ {
      "x" : 4.236068,
      "y" : 12.708204,
      "z" : 4.236068
    }, {
      "x" : 4.236068,
      "y" : 9.472136,
      "z" : 9.472136
    }, {
      "x" : 6.854102,
      "y" : 9.472136,
      "z" : 8.472136
    } ],
    "faces" : [ {
      "vertices" : [ 0, 1, 2 ]
    }, {
      "vertices" : [ 0, 2, 1 ]
    } ]
  }, {
    "id" : "4f2f0aa1-c3f0-473e-b283-e5926e3ac32f",
    "vertices" : [ {
      "x" : 1.618034,
      "y" : -4.236068,
      "z" : -13.708204
    }, {
      "x" : -1.618034,
      "y" : -4.236068,
      "z" : -13.708204
    }, {
      "x" : -2.618034,
      "y" : -1.618034,
      "z" : -13.708204
    }, {
      "x" : -1.618034,
      "y" : 4.236068,
      "z" : -13.708204
    }, {
      "x" : 1.618034,
      "y" : 4.236068,
      "z" : -13.708204
    }, {
      "x" : 2.618034,
      "y" : 1.618034,
      "z" : -13.708204
    } ],
    "faces" : [ {
      "vertices" : [ 0, 1, 2 ]
    }, {
      "vertices" : [ 0, 2, 3 ]
    }, {
      "vertices" : [ 0, 3, 4 ]
    }, {
      "vertices" : [ 0, 4, 5 ]
    }, {
      "vertices" : [ 0, 5, 4 ]
    }, {
      "vertices" : [ 0, 4, 3 ]
    }, {
      "vertices" : [ 0, 3, 2 ]
    }, {
      "vertices" : [ 0, 2, 1 ]
    } ]
  }, {
    "id" : "b06b16ec-ce01-4a9b-a0ce-b8b1292d6759",
    "vertices" : [ {
      "x" : -9.472136,
      "y" : 8.472136,
      "z" : -6.854102
    }, {
      "x" : -8.472136,
      "y" : 6.854102,
      "z" : -9.472136
    }, {
      "x" : -9.472136,
      "y" : 4.236068,
      "z" : -9.472136
    }, {
      "x" : -12.708204,
      "y" : 0.0,
      "z" : -6.854102
    }, {
      "x" : -13.708204,
      "y" : 1.618034,
      "z" : -4.236068
    }, {
      "x" : -12.708204,
      "y" : 4.236068,
      "z" : -4.236068
    } ],
    "faces" : [ {
      "vertices" : [ 0, 1, 2 ]
    }, {
      "vertices" : [ 0, 2, 3 ]
    }, {
      "vertices" : [ 0, 3, 4 ]
    }, {
      "vertices" : [ 0, 4, 5 ]
    }, {
      "vertices" : [ 0, 5, 4 ]
    }, {
      "vertices" : [ 0, 4, 3 ]
    }, {
      "vertices" : [ 0, 3, 2 ]
    }, {
      "vertices" : [ 0, 2, 1 ]
    } ]
  }, {
    "id" : "6483ffdf-d9f7-475a-91b3-33cbd5040ad2",
    "vertices" : [ {
      "x" : -4.236068,
      "y" : 9.472136,
      "z" : -9.472136
    }, {
      "x" : 1.618034,
      "y" : 8.472136,
      "z" : -11.09017
    }, {
      "x" : 0.0,
      "y" : 6.854102,
      "z" : -12.708204
    } ],
    "faces" : [ {
      "vertices" : [ 0, 1, 2 ]
    }, {
      "vertices" : [ 0, 2, 1 ]
    } ]
  }, {
    "id" : "4d7b14af-fe23-4c42-b19c-76daec8d975e",
    "vertices" : [ {
      "x" : -8.472136,
      "y" : 11.09017,
      "z" : 1.618034
    }, {
      "x" : -9.472136,
      "y" : 9.472136,
      "z" : -4.236068
    }, {
      "x" : -12.708204,
      "y" : 4.236068,
      "z" : -4.236068
    }, {
      "x" : -13.708204,
      "y" : 2.618034,
      "z" : 1.618034
    }, {
      "x" : -11.09017,
      "y" : 6.854102,
      "z" : 5.236068
    } ],
    "faces" : [ {
      "vertices" : [ 0, 1, 2 ]
    }, {
      "vertices" : [ 0, 2, 3 ]
    }, {
      "vertices" : [ 0, 3, 4 ]
    }, {
      "vertices" : [ 0, 4, 3 ]
    }, {
      "vertices" : [ 0, 3, 2 ]
    }, {
      "vertices" : [ 0, 2, 1 ]
    } ]
  }, {
    "id" : "1a068b50-2a9a-48aa-a179-ae48353c43d2",
    "vertices" : [ {
      "x" : 9.472136,
      "y" : 8.472136,
      "z" : 6.854102
    }, {
      "x" : 12.708204,
      "y" : 4.236068,
      "z" : 4.236068
    }, {
      "x" : 9.472136,
      "y" : 9.472136,
      "z" : 4.236068
    } ],
    "faces" : [ {
      "vertices" : [ 0, 1, 2 ]
    }, {
      "vertices" : [ 0, 2, 1 ]
    } ]
  }, {
    "id" : "d184779b-4ef0-4159-a5d5-71f6e39b3f54",
    "vertices" : [ {
      "x" : -4.236068,
      "y" : 13.708204,
      "z" : -1.618034
    }, {
      "x" : -4.236068,
      "y" : 12.708204,
      "z" : -4.236068
    }, {
      "x" : -6.854102,
      "y" : 9.472136,
      "z" : -8.472136
    }, {
      "x" : -9.472136,
      "y" : 8.472136,
      "z" : -6.854102
    }, {
      "x" : -9.472136,
      "y" : 9.472136,
      "z" : -4.236068
    }, {
      "x" : -6.854102,
      "y" : 12.708204,
      "z" : 0.0
    } ],
    "faces" : [ {
      "vertices" : [ 0, 1, 2 ]
    }, {
      "vertices" : [ 0, 2, 3 ]
    }, {
      "vertices" : [ 0, 3, 4 ]
    }, {
      "vertices" : [ 0, 4, 5 ]
    }, {
      "vertices" : [ 0, 5, 4 ]
    }, {
      "vertices" : [ 0, 4, 3 ]
    }, {
      "vertices" : [ 0, 3, 2 ]
    }, {
      "vertices" : [ 0, 2, 1 ]
    } ]
  }, {
    "id" : "99708a97-2ff8-4dd2-bc4d-0ec80b8667ef",
    "vertices" : [ {
      "x" : 6.854102,
      "y" : -9.472136,
      "z" : -8.472136
    }, {
      "x" : 4.236068,
      "y" : -12.708204,
      "z" : -4.236068
    }, {
      "x" : 4.236068,
      "y" : -9.472136,
      "z" : -9.472136
    } ],
    "faces" : [ {
      "vertices" : [ 0, 1, 2 ]
    }, {
      "vertices" : [ 0, 2, 1 ]
    } ]
  }, {
    "id" : "bbf1e6d9-972c-4350-825a-e0ecfc306625",
    "vertices" : [ {
      "x" : -9.472136,
      "y" : -9.472136,
      "z" : 4.236068
    }, {
      "x" : -6.854102,
      "y" : -12.708204,
      "z" : 0.0
    }, {
      "x" : -4.236068,
      "y" : -13.708204,
      "z" : 1.618034
    }, {
      "x" : -4.236068,
      "y" : -12.708204,
      "z" : 4.236068
    }, {
      "x" : -6.854102,
      "y" : -9.472136,
      "z" : 8.472136
    }, {
      "x" : -9.472136,
      "y" : -8.472136,
      "z" : 6.854102
    } ],
    "faces" : [ {
      "vertices" : [ 0, 1, 2 ]
    }, {
      "vertices" : [ 0, 2, 3 ]
    }, {
      "vertices" : [ 0, 3, 4 ]
    }, {
      "vertices" : [ 0, 4, 5 ]
    }, {
      "vertices" : [ 0, 5, 4 ]
    }, {
      "vertices" : [ 0, 4, 3 ]
    }, {
      "vertices" : [ 0, 3, 2 ]
    }, {
      "vertices" : [ 0, 2, 1 ]
    } ]
  }, {
    "id" : "4996d4a4-7598-4a1d-9ac1-e4cc2a07a358",
    "vertices" : [ {
      "x" : -4.236068,
      "y" : 13.708204,
      "z" : -1.618034
    }, {
      "x" : -4.236068,
      "y" : 13.708204,
      "z" : 1.618034
    }, {
      "x" : -1.618034,
      "y" : 13.708204,
      "z" : 2.618034
    }, {
      "x" : 4.236068,
      "y" : 13.708204,
      "z" : 1.618034
    }, {
      "x" : 4.236068,
      "y" : 13.708204,
      "z" : -1.618034
    }, {
      "x" : 1.618034,
      "y" : 13.708204,
      "z" : -2.618034
    } ],
    "faces" : [ {
      "vertices" : [ 0, 1, 2 ]
    }, {
      "vertices" : [ 0, 2, 3 ]
    }, {
      "vertices" : [ 0, 3, 4 ]
    }, {
      "vertices" : [ 0, 4, 5 ]
    }, {
      "vertices" : [ 0, 5, 4 ]
    }, {
      "vertices" : [ 0, 4, 3 ]
    }, {
      "vertices" : [ 0, 3, 2 ]
    }, {
      "vertices" : [ 0, 2, 1 ]
    } ]
  }, {
    "id" : "211f9b7c-b704-41c7-b2ef-429ebd48445a",
    "vertices" : [ {
      "x" : -1.618034,
      "y" : -13.708204,
      "z" : -2.618034
    }, {
      "x" : 4.236068,
      "y" : -12.708204,
      "z" : -4.236068
    }, {
      "x" : 4.236068,
      "y" : -13.708204,
      "z" : -1.618034
    } ],
    "faces" : [ {
      "vertices" : [ 0, 1, 2 ]
    }, {
      "vertices" : [ 0, 2, 1 ]
    } ]
  }, {
    "id" : "7e2857d7-47fb-4daf-b4ba-b09bf291cb9f",
    "vertices" : [ {
      "x" : 11.09017,
      "y" : 1.618034,
      "z" : -8.472136
    }, {
      "x" : 12.708204,
      "y" : 0.0,
      "z" : -6.854102
    }, {
      "x" : 9.472136,
      "y" : -4.236068,
      "z" : -9.472136
    } ],
    "faces" : [ {
      "vertices" : [ 0, 1, 2 ]
    }, {
      "vertices" : [ 0, 2, 1 ]
    } ]
  }, {
    "id" : "05d36260-5f76-4270-acba-58c3ead72fdf",
    "vertices" : [ {
      "x" : 9.472136,
      "y" : 4.236068,
      "z" : 9.472136
    }, {
      "x" : 11.09017,
      "y" : -1.618034,
      "z" : 8.472136
    }, {
      "x" : 12.708204,
      "y" : 0.0,
      "z" : 6.854102
    } ],
    "faces" : [ {
      "vertices" : [ 0, 1, 2 ]
    }, {
      "vertices" : [ 0, 2, 1 ]
    } ]
  }, {
    "id" : "bfc2187a-8dc7-4cd9-bf97-fff6f3dede6f",
    "vertices" : [ {
      "x" : 9.472136,
      "y" : -9.472136,
      "z" : -4.236068
    }, {
      "x" : 8.472136,
      "y" : -11.09017,
      "z" : 1.618034
    }, {
      "x" : 6.854102,
      "y" : -12.708204,
      "z" : 0.0
    } ],
    "faces" : [ {
      "vertices" : [ 0, 1, 2 ]
    }, {
      "vertices" : [ 0, 2, 1 ]
    } ]
  }, {
    "id" : "8393d890-f5d3-4c10-94ea-3c877786079c",
    "vertices" : [ {
      "x" : 8.472136,
      "y" : 6.854102,
      "z" : -9.472136
    }, {
      "x" : 11.09017,
      "y" : 1.618034,
      "z" : -8.472136
    }, {
      "x" : 6.854102,
      "y" : 5.236068,
      "z" : -11.09017
    } ],
    "faces" : [ {
      "vertices" : [ 0, 1, 2 ]
    }, {
      "vertices" : [ 0, 2, 1 ]
    } ]
  }, {
    "id" : "8ace4b74-f033-4cbb-b063-1634d4b8a4d8",
    "vertices" : [ {
      "x" : -13.708204,
      "y" : -1.618034,
      "z" : 4.236068
    }, {
      "x" : -12.708204,
      "y" : -4.236068,
      "z" : 4.236068
    }, {
      "x" : -9.472136,
      "y" : -8.472136,
      "z" : 6.854102
    }, {
      "x" : -8.472136,
      "y" : -6.854102,
      "z" : 9.472136
    }, {
      "x" : -9.472136,
      "y" : -4.236068,
      "z" : 9.472136
    }, {
      "x" : -12.708204,
      "y" : 0.0,
      "z" : 6.854102
    } ],
    "faces" : [ {
      "vertices" : [ 0, 1, 2 ]
    }, {
      "vertices" : [ 0, 2, 3 ]
    }, {
      "vertices" : [ 0, 3, 4 ]
    }, {
      "vertices" : [ 0, 4, 5 ]
    }, {
      "vertices" : [ 0, 5, 4 ]
    }, {
      "vertices" : [ 0, 4, 3 ]
    }, {
      "vertices" : [ 0, 3, 2 ]
    }, {
      "vertices" : [ 0, 2, 1 ]
    } ]
  }, {
    "id" : "7d636168-3e71-4988-9c82-28460362181b",
    "vertices" : [ {
      "x" : 6.854102,
      "y" : 9.472136,
      "z" : -8.472136
    }, {
      "x" : 1.618034,
      "y" : 8.472136,
      "z" : -11.09017
    }, {
      "x" : 5.236068,
      "y" : 11.09017,
      "z" : -6.854102
    } ],
    "faces" : [ {
      "vertices" : [ 0, 1, 2 ]
    }, {
      "vertices" : [ 0, 2, 1 ]
    } ]
  }, {
    "id" : "17e483ce-78b2-4f0e-88a7-1c2f054cd495",
    "vertices" : [ {
      "x" : -1.618034,
      "y" : 13.708204,
      "z" : 2.618034
    }, {
      "x" : -5.236068,
      "y" : 11.09017,
      "z" : 6.854102
    }, {
      "x" : -1.618034,
      "y" : 8.472136,
      "z" : 11.09017
    }, {
      "x" : 4.236068,
      "y" : 9.472136,
      "z" : 9.472136
    }, {
      "x" : 4.236068,
      "y" : 12.708204,
      "z" : 4.236068
    } ],
    "faces" : [ {
      "vertices" : [ 0, 1, 2 ]
    }, {
      "vertices" : [ 0, 2, 3 ]
    }, {
      "vertices" : [ 0, 3, 4 ]
    }, {
      "vertices" : [ 0, 4, 3 ]
    }, {
      "vertices" : [ 0, 3, 2 ]
    }, {
      "vertices" : [ 0, 2, 1 ]
    } ]
  }, {
    "id" : "027cabdd-ea1c-4872-bcef-704d1a30cfa7",
    "vertices" : [ {
      "x" : 8.472136,
      "y" : 6.854102,
      "z" : -9.472136
    }, {
      "x" : 6.854102,
      "y" : 9.472136,
      "z" : -8.472136
    }, {
      "x" : 9.472136,
      "y" : 8.472136,
      "z" : -6.854102
    } ],
    "faces" : [ {
      "vertices" : [ 0, 1, 2 ]
    }, {
      "vertices" : [ 0, 2, 1 ]
    } ]
  }, {
    "id" : "25c85d96-74cc-47c9-a22b-513c1eeca4f0",
    "vertices" : [ {
      "x" : 1.618034,
      "y" : -8.472136,
      "z" : 11.09017
    }, {
      "x" : 0.0,
      "y" : -6.854102,
      "z" : 12.708204
    }, {
      "x" : -4.236068,
      "y" : -9.472136,
      "z" : 9.472136
    } ],
    "faces" : [ {
      "vertices" : [ 0, 1, 2 ]
    }, {
      "vertices" : [ 0, 2, 1 ]
    } ]
  }, {
    "id" : "bd5cfd0b-35b4-43b4-9e72-3adadd5450e9",
    "vertices" : [ {
      "x" : 13.708204,
      "y" : -2.618034,
      "z" : 1.618034
    }, {
      "x" : 12.708204,
      "y" : -4.236068,
      "z" : -4.236068
    }, {
      "x" : 13.708204,
      "y" : -1.618034,
      "z" : -4.236068
    } ],
    "faces" : [ {
      "vertices" : [ 0, 1, 2 ]
    }, {
      "vertices" : [ 0, 2, 1 ]
    } ]
  }, {
    "id" : "4a94ac50-a93e-4186-9606-a4668a21f132",
    "vertices" : [ {
      "x" : 13.708204,
      "y" : 2.618034,
      "z" : -1.618034
    }, {
      "x" : 12.708204,
      "y" : 4.236068,
      "z" : 4.236068
    }, {
      "x" : 13.708204,
      "y" : 1.618034,
      "z" : 4.236068
    } ],
    "faces" : [ {
      "vertices" : [ 0, 1, 2 ]
    }, {
      "vertices" : [ 0, 2, 1 ]
    } ]
  }, {
    "id" : "80e823d7-9763-4bdf-9a1a-13457f2bacf2",
    "vertices" : [ {
      "x" : -13.708204,
      "y" : 1.618034,
      "z" : -4.236068
    }, {
      "x" : -13.708204,
      "y" : 2.618034,
      "z" : 1.618034
    }, {
      "x" : -12.708204,
      "y" : 4.236068,
      "z" : -4.236068
    } ],
    "faces" : [ {
      "vertices" : [ 0, 1, 2 ]
    }, {
      "vertices" : [ 0, 2, 1 ]
    } ]
  }, {
    "id" : "9f417073-13d1-428b-9a37-4a24bbaa384e",
    "vertices" : [ {
      "x" : -1.618034,
      "y" : -4.236068,
      "z" : 13.708204
    }, {
      "x" : 0.0,
      "y" : -6.854102,
      "z" : 12.708204
    }, {
      "x" : 1.618034,
      "y" : -4.236068,
      "z" : 13.708204
    } ],
    "faces" : [ {
      "vertices" : [ 0, 1, 2 ]
    }, {
      "vertices" : [ 0, 2, 1 ]
    } ]
  }, {
    "id" : "eeada588-ba13-4786-ac72-e3b4685733ae",
    "vertices" : [ {
      "x" : 8.472136,
      "y" : -6.854102,
      "z" : 9.472136
    }, {
      "x" : 6.854102,
      "y" : -9.472136,
      "z" : 8.472136
    }, {
      "x" : 9.472136,
      "y" : -8.472136,
      "z" : 6.854102
    } ],
    "faces" : [ {
      "vertices" : [ 0, 1, 2 ]
    }, {
      "vertices" : [ 0, 2, 1 ]
    } ]
  }, {
    "id" : "024e107d-fbcf-4e93-801e-f5111a136de5",
    "vertices" : [ {
      "x" : -8.472136,
      "y" : 6.854102,
      "z" : 9.472136
    }, {
      "x" : -6.854102,
      "y" : 9.472136,
      "z" : 8.472136
    }, {
      "x" : -9.472136,
      "y" : 8.472136,
      "z" : 6.854102
    } ],
    "faces" : [ {
      "vertices" : [ 0, 1, 2 ]
    }, {
      "vertices" : [ 0, 2, 1 ]
    } ]
  }, {
    "id" : "0aba6f4a-38d1-4d29-bc96-b7b894a2246e",
    "vertices" : [ {
      "x" : -8.472136,
      "y" : 11.09017,
      "z" : 1.618034
    }, {
      "x" : -6.854102,
      "y" : 12.708204,
      "z" : 0.0
    }, {
      "x" : -9.472136,
      "y" : 9.472136,
      "z" : -4.236068
    } ],
    "faces" : [ {
      "vertices" : [ 0, 1, 2 ]
    }, {
      "vertices" : [ 0, 2, 1 ]
    } ]
  }, {
    "id" : "c7e3e538-ed48-4f2b-92ff-b3d4d86a357a",
    "vertices" : [ {
      "x" : -4.236068,
      "y" : -4.236068,
      "z" : 12.708204
    }, {
      "x" : -2.618034,
      "y" : 1.618034,
      "z" : 13.708204
    }, {
      "x" : -6.854102,
      "y" : 5.236068,
      "z" : 11.09017
    }, {
      "x" : -11.09017,
      "y" : 1.618034,
      "z" : 8.472136
    }, {
      "x" : -9.472136,
      "y" : -4.236068,
      "z" : 9.472136
    } ],
    "faces" : [ {
      "vertices" : [ 0, 1, 2 ]
    }, {
      "vertices" : [ 0, 2, 3 ]
    }, {
      "vertices" : [ 0, 3, 4 ]
    }, {
      "vertices" : [ 0, 4, 3 ]
    }, {
      "vertices" : [ 0, 3, 2 ]
    }, {
      "vertices" : [ 0, 2, 1 ]
    } ]
  }, {
    "id" : "5dfa2a87-1647-4421-ac53-71d382cc5493",
    "vertices" : [ {
      "x" : 9.472136,
      "y" : 8.472136,
      "z" : 6.854102
    }, {
      "x" : 8.472136,
      "y" : 6.854102,
      "z" : 9.472136
    }, {
      "x" : 9.472136,
      "y" : 4.236068,
      "z" : 9.472136
    }, {
      "x" : 12.708204,
      "y" : 0.0,
      "z" : 6.854102
    }, {
      "x" : 13.708204,
      "y" : 1.618034,
      "z" : 4.236068
    }, {
      "x" : 12.708204,
      "y" : 4.236068,
      "z" : 4.236068
    } ],
    "faces" : [ {
      "vertices" : [ 0, 1, 2 ]
    }, {
      "vertices" : [ 0, 2, 3 ]
    }, {
      "vertices" : [ 0, 3, 4 ]
    }, {
      "vertices" : [ 0, 4, 5 ]
    }, {
      "vertices" : [ 0, 5, 4 ]
    }, {
      "vertices" : [ 0, 4, 3 ]
    }, {
      "vertices" : [ 0, 3, 2 ]
    }, {
      "vertices" : [ 0, 2, 1 ]
    } ]
  }, {
    "id" : "33d79cbb-f79c-4504-b45a-ce9611fc7472",
    "vertices" : [ {
      "x" : 13.708204,
      "y" : 2.618034,
      "z" : -1.618034
    }, {
      "x" : 13.708204,
      "y" : 1.618034,
      "z" : -4.236068
    }, {
      "x" : 11.09017,
      "y" : 6.854102,
      "z" : -5.236068
    } ],
    "faces" : [ {
      "vertices" : [ 0, 1, 2 ]
    }, {
      "vertices" : [ 0, 2, 1 ]
    } ]
  }, {
    "id" : "267bd49f-6e6d-4bed-aa2b-5656c76fe50b",
    "vertices" : [ {
      "x" : -11.09017,
      "y" : -6.854102,
      "z" : -5.236068
    }, {
      "x" : -13.708204,
      "y" : -1.618034,
      "z" : -4.236068
    }, {
      "x" : -12.708204,
      "y" : 0.0,
      "z" : -6.854102
    }, {
      "x" : -11.09017,
      "y" : -1.618034,
      "z" : -8.472136
    }, {
