{
  "field" : "golden",
  "symmetry" : "icosahedral",
  "orientations" : [ [ 1.0, 0.0, 0.0, 0.0, 0.0, 1.0, 0.0, 0.0, 0.0, 0.0, 1.0, 0.0, 0.0, 0.0, 0.0, 1.0 ], [ 0.0, 0.0, 1.0, 0.0, 1.0, 0.0, 0.0, 0.0, 0.0, 1.0, 0.0, 0.0, 0.0, 0.0, 0.0, 1.0 ], [ 0.0, 1.0, 0.0, 0.0, 0.0, 0.0, 1.0, 0.0, 1.0, 0.0, 0.0, 0.0, 0.0, 0.0, 0.0, 1.0 ], [ 0.809017, 0.309017, 0.5, 0.0, 0.309017, 0.5, -0.809017, 0.0, -0.5, 0.809017, 0.309017, 0.0, 0.0, 0.0, 0.0, 1.0 ], [ -0.5, 0.809017, 0.309017, 0.0, 0.809017, 0.309017, 0.5, 0.0, 0.309017, 0.5, -0.809017, 0.0, 0.0, 0.0, 0.0, 1.0 ], [ 0.309017, 0.5, -0.809017, 0.0, -0.5, 0.809017, 0.309017, 0.0, 0.809017, 0.309017, 0.5, 0.0, 0.0, 0.0, 0.0, 1.0 ], [ 0.5, 0.809017, 0.309017, 0.0, 0.809017, -0.309017, -0.5, 0.0, -0.309017, 0.5, -0.809017, 0.0, 0.0, 0.0, 0.0, 1.0 ], [ -0.309017, 0.5, -0.809017, 0.0, 0.5, 0.809017, 0.309017, 0.0, 0.809017, -0.309017, -0.5, 0.0, 0.0, 0.0, 0.0, 1.0 ], [ 0.809017, -0.309017, -0.5, 0.0, -0.309017, 0.5, -0.809017, 0.0, 0.5, 0.809017, 0.309017, 0.0, 0.0, 0.0, 0.0, 1.0 ], [ 0.5, 0.809017, -0.309017, 0.0, 0.809017, -0.309017, 0.5, 0.0, 0.309017, -0.5, -0.809017, 0.0, 0.0, 0.0, 0.0, 1.0 ], [ 0.309017, -0.5, -0.809017, 0.0, 0.5, 0.809017, -0.309017, 0.0, 0.809017, -0.309017, 0.5, 0.0, 0.0, 0.0, 0.0, 1.0 ], [ 0.809017, -0.309017, 0.5, 0.0, 0.309017, -0.5, -0.809017, 0.0, 0.5, 0.809017, -0.309017, 0.0, 0.0, 0.0, 0.0, 1.0 ], [ 0.809017, 0.309017, -0.5, 0.0, 0.309017, 0.5, 0.809017, 0.0, 0.5, -0.809017, 0.309017, 0.0, 0.0, 0.0, 0.0, 1.0 ], [ 0.5, -0.809017, 0.309017, 0.0, 0.809017, 0.309017, -0.5, 0.0, 0.309017, 0.5, 0.809017, 0.0, 0.0, 0.0, 0.0, 1.0 ], [ 0.309017, 0.5, 0.809017, 0.0, 0.5, -0.809017, 0.309017, 0.0, 0.809017, 0.309017, -0.5, 0.0, 0.0, 0.0, 0.0, 1.0 ], [ 1.0, 0.0, 0.0, 0.0, 0.0, -1.0, 0.0, 0.0, 0.0, 0.0, -1.0, 0.0, 0.0, 0.0, 0.0, 1.0 ], [ 0.0, 0.0, 1.0, 0.0, -1.0, 0.0, 0.0, 0.0, 0.0, -1.0, 0.0, 0.0, 0.0, 0.0, 0.0, 1.0 ], [ 0.0, 1.0, 0.0, 0.0, 0.0, 0.0, -1.0, 0.0, -1.0, 0.0, 0.0, 0.0, 0.0, 0.0, 0.0, 1.0 ], [ 0.809017, 0.309017, 0.5, 0.0, -0.309017, -0.5, 0.809017, 0.0, 0.5, -0.809017, -0.309017, 0.0, 0.0, 0.0, 0.0, 1.0 ], [ -0.5, 0.809017, 0.309017, 0.0, -0.809017, -0.309017, -0.5, 0.0, -0.309017, -0.5, 0.809017, 0.0, 0.0, 0.0, 0.0, 1.0 ], [ 0.309017, 0.5, -0.809017, 0.0, 0.5, -0.809017, -0.309017, 0.0, -0.809017, -0.309017, -0.5, 0.0, 0.0, 0.0, 0.0, 1.0 ], [ 0.5, 0.809017, 0.309017, 0.0, -0.809017, 0.309017, 0.5, 0.0, 0.309017, -0.5, 0.809017, 0.0, 0.0, 0.0, 0.0, 1.0 ], [ -0.309017, 0.5, -0.809017, 0.0, -0.5, -0.809017, -0.309017, 0.0, -0.809017, 0.309017, 0.5, 0.0, 0.0, 0.0, 0.0, 1.0 ], [ 0.809017, -0.309017, -0.5, 0.0, 0.309017, -0.5, 0.809017, 0.0, -0.5, -0.809017, -0.309017, 0.0, 0.0, 0.0, 0.0, 1.0 ], [ 0.5, 0.809017, -0.309017, 0.0, -0.809017, 0.309017, -0.5, 0.0, -0.309017, 0.5, 0.809017, 0.0, 0.0, 0.0, 0.0, 1.0 ], [ 0.309017, -0.5, -0.809017, 0.0, -0.5, -0.809017, 0.309017, 0.0, -0.809017, 0.309017, -0.5, 0.0, 0.0, 0.0, 0.0, 1.0 ], [ 0.809017, -0.309017, 0.5, 0.0, -0.309017, 0.5, 0.809017, 0.0, -0.5, -0.809017, 0.309017, 0.0, 0.0, 0.0, 0.0, 1.0 ], [ 0.809017, 0.309017, -0.5, 0.0, -0.309017, -0.5, -0.809017, 0.0, -0.5, 0.809017, -0.309017, 0.0, 0.0, 0.0, 0.0, 1.0 ], [ 0.5, -0.809017, 0.309017, 0.0, -0.809017, -0.309017, 0.5, 0.0, -0.309017, -0.5, -0.809017, 0.0, 0.0, 0.0, 0.0, 1.0 ], [ 0.309017, 0.5, 0.809017, 0.0, -0.5, 0.809017, -0.309017, 0.0, -0.809017, -0.309017, 0.5, 0.0, 0.0, 0.0, 0.0, 1.0 ], [ -1.0, 0.0, 0.0, 0.0, 0.0, -1.0, 0.0, 0.0, 0.0, 0.0, 1.0, 0.0, 0.0, 0.0, 0.0, 1.0 ], [ 0.0, 0.0, -1.0, 0.0, -1.0, 0.0, 0.0, 0.0, 0.0, 1.0, 0.0, 0.0, 0.0, 0.0, 0.0, 1.0 ], [ 0.0, -1.0, 0.0, 0.0, 0.0, 0.0, -1.0, 0.0, 1.0, 0.0, 0.0, 0.0, 0.0, 0.0, 0.0, 1.0 ], [ -0.809017, -0.309017, -0.5, 0.0, -0.309017, -0.5, 0.809017, 0.0, -0.5, 0.809017, 0.309017, 0.0, 0.0, 0.0, 0.0, 1.0 ], [ 0.5, -0.809017, -0.309017, 0.0, -0.809017, -0.309017, -0.5, 0.0, 0.309017, 0.5, -0.809017, 0.0, 0.0, 0.0, 0.0, 1.0 ], [ -0.309017, -0.5, 0.809017, 0.0, 0.5, -0.809017, -0.309017, 0.0, 0.809017, 0.309017, 0.5, 0.0, 0.0, 0.0, 0.0, 1.0 ], [ -0.5, -0.809017, -0.309017, 0.0, -0.809017, 0.309017, 0.5, 0.0, -0.309017, 0.5, -0.809017, 0.0, 0.0, 0.0, 0.0, 1.0 ], [ 0.309017, -0.5, 0.809017, 0.0, -0.5, -0.809017, -0.309017, 0.0, 0.809017, -0.309017, -0.5, 0.0, 0.0, 0.0, 0.0, 1.0 ], [ -0.809017, 0.309017, 0.5, 0.0, 0.309017, -0.5, 0.809017, 0.0, 0.5, 0.809017, 0.309017, 0.0, 0.0, 0.0, 0.0, 1.0 ], [ -0.5, -0.809017, 0.309017, 0.0, -0.809017, 0.309017, -0.5, 0.0, 0.309017, -0.5, -0.809017, 0.0, 0.0, 0.0, 0.0, 1.0 ], [ -0.309017, 0.5, 0.809017, 0.0, -0.5, -0.809017, 0.309017, 0.0, 0.809017, -0.309017, 0.5, 0.0, 0.0, 0.0, 0.0, 1.0 ], [ -0.809017, 0.309017, -0.5, 0.0, -0.309017, 0.5, 0.809017, 0.0, 0.5, 0.809017, -0.309017, 0.0, 0.0, 0.0, 0.0, 1.0 ], [ -0.809017, -0.309017, 0.5, 0.0, -0.309017, -0.5, -0.809017, 0.0, 0.5, -0.809017, 0.309017, 0.0, 0.0, 0.0, 0.0, 1.0 ], [ -0.5, 0.809017, -0.309017, 0.0, -0.809017, -0.309017, 0.5, 0.0, 0.309017, 0.5, 0.809017, 0.0, 0.0, 0.0, 0.0, 1.0 ], [ -0.309017, -0.5, -0.809017, 0.0, -0.5, 0.809017, -0.309017, 0.0, 0.809017, 0.309017, -0.5, 0.0, 0.0, 0.0, 0.0, 1.0 ], [ -1.0, 0.0, 0.0, 0.0, 0.0, 1.0, 0.0, 0.0, 0.0, 0.0, -1.0, 0.0, 0.0, 0.0, 0.0, 1.0 ], [ 0.0, 0.0, -1.0, 0.0, 1.0, 0.0, 0.0, 0.0, 0.0, -1.0, 0.0, 0.0, 0.0, 0.0, 0.0, 1.0 ], [ 0.0, -1.0, 0.0, 0.0, 0.0, 0.0, 1.0, 0.0, -1.0, 0.0, 0.0, 0.0, 0.0, 0.0, 0.0, 1.0 ], [ -0.809017, -0.309017, -0.5, 0.0, 0.309017, 0.5, -0.809017, 0.0, 0.5, -0.809017, -0.309017, 0.0, 0.0, 0.0, 0.0, 1.0 ], [ 0.5, -0.809017, -0.309017, 0.0, 0.809017, 0.309017, 0.5, 0.0, -0.309017, -0.5, 0.809017, 0.0, 0.0, 0.0, 0.0, 1.0 ], [ -0.309017, -0.5, 0.809017, 0.0, -0.5, 0.809017, 0.309017, 0.0, -0.809017, -0.309017, -0.5, 0.0, 0.0, 0.0, 0.0, 1.0 ], [ -0.5, -0.809017, -0.309017, 0.0, 0.809017, -0.309017, -0.5, 0.0, 0.309017, -0.5, 0.809017, 0.0, 0.0, 0.0, 0.0, 1.0 ], [ 0.309017, -0.5, 0.809017, 0.0, 0.5, 0.809017, 0.309017, 0.0, -0.809017, 0.309017, 0.5, 0.0, 0.0, 0.0, 0.0, 1.0 ], [ -0.809017, 0.309017, 0.5, 0.0, -0.309017, 0.5, -0.809017, 0.0, -0.5, -0.809017, -0.309017, 0.0, 0.0, 0.0, 0.0, 1.0 ], [ -0.5, -0.809017, 0.309017, 0.0, 0.809017, -0.309017, 0.5, 0.0, -0.309017, 0.5, 0.809017, 0.0, 0.0, 0.0, 0.0, 1.0 ], [ -0.309017, 0.5, 0.809017, 0.0, 0.5, 0.809017, -0.309017, 0.0, -0.809017, 0.309017, -0.5, 0.0, 0.0, 0.0, 0.0, 1.0 ], [ -0.809017, 0.309017, -0.5, 0.0, 0.309017, -0.5, -0.809017, 0.0, -0.5, -0.809017, 0.309017, 0.0, 0.0, 0.0, 0.0, 1.0 ], [ -0.809017, -0.309017, 0.5, 0.0, 0.309017, 0.5, 0.809017, 0.0, -0.5, 0.809017, -0.309017, 0.0, 0.0, 0.0, 0.0, 1.0 ], [ -0.5, 0.809017, -0.309017, 0.0, 0.809017, 0.309017, -0.5, 0.0, -0.309017, -0.5, -0.809017, 0.0, 0.0, 0.0, 0.0, 1.0 ], [ -0.309017, -0.5, -0.809017, 0.0, 0.5, -0.809017, 0.309017, 0.0, -0.809017, -0.309017, 0.5, 0.0, 0.0, 0.0, 0.0, 1.0 ] ],
  "lights" : {
    "directionalLights" : [ {
      "direction" : {
        "x" : 1.0,
        "y" : -1.0,
        "z" : -1.0
      },
      "color" : "#EBEBE4"
    }, {
      "direction" : {
        "x" : -1.0,
        "y" : 0.0,
        "z" : 0.0
      },
      "color" : "#E4E4EB"
    }, {
      "direction" : {
        "x" : 0.0,
        "y" : 0.0,
        "z" : -1.0
      },
      "color" : "#1E1E1E"
    } ],
    "ambientColor" : "#292929",
    "backgroundColor" : "#AFC8DC"
  },
  "camera" : {
    "position" : {
      "x" : 122.23116,
      "y" : 0.0,
      "z" : 197.77419
    },
    "width" : 104.62384,
    "farClipDistance" : 464.99442,
    "nearClipDistance" : 0.5812439,
    "fieldOfView" : 0.44262877,
    "viewDistance" : 232.4975,
    "lookAtPoint" : {
      "x" : 0.0,
      "y" : 0.0,
      "z" : 0.0
    },
    "perspective" : true,
    "stereo" : false,
    "upDirection" : {
      "x" : 0.0,
      "y" : 1.0,
      "z" : 0.0
    },
    "lookDirection" : {
      "x" : -0.5257311,
      "y" : 0.0,
      "z" : -0.8506508
    }
  },
  "embedding" : [ 1.0, 0.0, 0.0, 0.0, 0.0, 1.0, 0.0, 0.0, 0.0, 0.0, 1.0, 0.0, 0.0, 0.0, 0.0, 1.0 ],
  "shapes" : [ {
    "id" : "893048bc-3f3f-4530-a5e8-02fd59477924",
    "vertices" : [ {
      "x" : 10.781153,
      "y" : 4.118034,
      "z" : -1.572949
    }, {
      "x" : 10.399187,
      "y" : 3.663119,
      "z" : -1.381966
    }, {
      "x" : 10.236068,
      "y" : 3.927051,
      "z" : -1.809017
    }, {
      "x" : 10.163119,
      "y" : 4.190983,
      "z" : -1.618034
    }, {
      "x" : 0.85410196,
      "y" : 0.309017,
      "z" : 0.19098301
    }, {
      "x" : 0.690983,
      "y" : 0.572949,
      "z" : -0.23606798
    }, {
      "x" : 0.309017,
      "y" : 0.11803399,
      "z" : -0.045084972
    }, {
      "x" : 0.76393205,
      "y" : 0.309017,
      "z" : -0.42705098
    }, {
      "x" : 0.927051,
      "y" : 0.045084972,
      "z" : 0.0
    }, {
      "x" : 10.326238,
      "y" : 3.927051,
      "z" : -1.190983
    }, {
      "x" : 11.09017,
      "y" : 4.236068,
      "z" : -1.618034
    } ],
    "faces" : [ {
      "vertices" : [ 2, 7, 5 ]
    }, {
      "vertices" : [ 2, 5, 3 ]
    }, {
      "vertices" : [ 1, 8, 7 ]
    }, {
      "vertices" : [ 1, 7, 2 ]
    }, {
      "vertices" : [ 4, 6, 8 ]
    }, {
      "vertices" : [ 5, 7, 6 ]
    }, {
      "vertices" : [ 0, 1, 2 ]
    }, {
      "vertices" : [ 0, 2, 3 ]
    }, {
      "vertices" : [ 6, 7, 8 ]
    }, {
      "vertices" : [ 3, 5, 4 ]
    }, {
      "vertices" : [ 3, 4, 9 ]
    }, {
      "vertices" : [ 1, 9, 4 ]
    }, {
      "vertices" : [ 1, 4, 8 ]
    }, {
      "vertices" : [ 0, 9, 1 ]
    }, {
      "vertices" : [ 0, 3, 9 ]
    }, {
      "vertices" : [ 4, 5, 6 ]
    } ]
  }, {
    "id" : "1a47d94b-1897-4f09-a827-7c2e39e927ac",
    "vertices" : [ {
      "x" : 0.309017,
      "y" : -0.309017,
      "z" : -0.309017
    }, {
      "x" : 0.5,
      "y" : 0.0,
      "z" : -0.19098301
    }, {
      "x" : 0.5,
      "y" : 0.0,
      "z" : 0.19098301
    }, {
      "x" : 0.309017,
      "y" : -0.309017,
      "z" : 0.309017
    }, {
      "x" : 0.19098301,
      "y" : -0.5,
      "z" : 0.0
    }, {
      "x" : 0.0,
      "y" : 0.19098301,
      "z" : 0.5
    }, {
      "x" : 0.0,
      "y" : -0.19098301,
      "z" : 0.5
    }, {
      "x" : 0.309017,
      "y" : 0.309017,
      "z" : 0.309017
    }, {
      "x" : -0.309017,
      "y" : -0.309017,
      "z" : 0.309017
    }, {
      "x" : -0.309017,
      "y" : 0.309017,
      "z" : 0.309017
    }, {
      "x" : -0.5,
      "y" : 0.0,
      "z" : 0.19098301
    }, {
      "x" : 0.0,
      "y" : -0.19098301,
      "z" : -0.5
    }, {
      "x" : 0.0,
      "y" : 0.19098301,
      "z" : -0.5
    }, {
      "x" : 0.309017,
      "y" : 0.309017,
      "z" : -0.309017
    }, {
      "x" : -0.309017,
      "y" : -0.309017,
      "z" : -0.309017
    }, {
      "x" : -0.19098301,
      "y" : -0.5,
      "z" : 0.0
    }, {
      "x" : -0.5,
      "y" : 0.0,
      "z" : -0.19098301
    }, {
      "x" : 0.19098301,
      "y" : 0.5,
      "z" : 0.0
    }, {
      "x" : -0.309017,
      "y" : 0.309017,
      "z" : -0.309017
    }, {
      "x" : 0.0,
      "y" : 0.0,
      "z" : 0.0
    }, {
      "x" : -0.19098301,
      "y" : 0.5,
      "z" : 0.0
    } ],
    "faces" : [ {
      "vertices" : [ 12, 18, 20 ]
    }, {
      "vertices" : [ 12, 20, 17 ]
    }, {
      "vertices" : [ 12, 17, 13 ]
    }, {
      "vertices" : [ 3, 6, 8 ]
    }, {
      "vertices" : [ 3, 8, 15 ]
    }, {
      "vertices" : [ 3, 15, 4 ]
    }, {
      "vertices" : [ 0, 11, 12 ]
    }, {
      "vertices" : [ 0, 12, 13 ]
    }, {
      "vertices" : [ 0, 13, 1 ]
    }, {
      "vertices" : [ 5, 9, 10 ]
    }, {
      "vertices" : [ 5, 10, 8 ]
    }, {
      "vertices" : [ 5, 8, 6 ]
    }, {
      "vertices" : [ 2, 7, 5 ]
    }, {
      "vertices" : [ 2, 5, 6 ]
    }, {
      "vertices" : [ 2, 6, 3 ]
    }, {
      "vertices" : [ 11, 14, 16 ]
    }, {
      "vertices" : [ 11, 16, 18 ]
    }, {
      "vertices" : [ 11, 18, 12 ]
    }, {
      "vertices" : [ 1, 13, 17 ]
    }, {
      "vertices" : [ 1, 17, 7 ]
    }, {
      "vertices" : [ 1, 7, 2 ]
    }, {
      "vertices" : [ 9, 20, 18 ]
    }, {
      "vertices" : [ 9, 18, 16 ]
    }, {
      "vertices" : [ 9, 16, 10 ]
    }, {
      "vertices" : [ 0, 1, 2 ]
    }, {
      "vertices" : [ 0, 2, 3 ]
    }, {
      "vertices" : [ 0, 3, 4 ]
    }, {
      "vertices" : [ 5, 7, 17 ]
    }, {
      "vertices" : [ 5, 17, 20 ]
    }, {
      "vertices" : [ 5, 20, 9 ]
    }, {
      "vertices" : [ 0, 4, 15 ]
    }, {
      "vertices" : [ 0, 15, 14 ]
    }, {
      "vertices" : [ 0, 14, 11 ]
    }, {
      "vertices" : [ 8, 10, 16 ]
    }, {
      "vertices" : [ 8, 16, 14 ]
    }, {
      "vertices" : [ 8, 14, 15 ]
    } ]
  }, {
    "id" : "4e83affb-035c-40f5-aa05-40947827684e",
    "vertices" : [ {
      "x" : 1.0,
      "y" : 0.309017,
      "z" : 0.19098301
    }, {
      "x" : 1.0,
      "y" : -0.309017,
      "z" : 0.19098301
    }, {
      "x" : 4.236068,
      "y" : -0.309017,
      "z" : 0.19098301
    }, {
      "x" : 4.236068,
      "y" : 0.309017,
      "z" : 0.19098301
    }, {
      "x" : 4.236068,
      "y" : -0.309017,
      "z" : -0.19098301
    }, {
      "x" : 4.236068,
      "y" : 0.309017,
      "z" : -0.19098301
    }, {
      "x" : 4.854102,
      "y" : 0.0,
      "z" : 0.0
    }, {
      "x" : 0.38196602,
      "y" : 0.0,
      "z" : 0.0
    }, {
      "x" : 1.0,
      "y" : 0.309017,
      "z" : -0.19098301
    }, {
      "x" : 1.0,
      "y" : -0.309017,
      "z" : -0.19098301
    }, {
      "x" : 5.236068,
      "y" : 0.0,
      "z" : 0.0
    } ],
    "faces" : [ {
      "vertices" : [ 1, 9, 4 ]
    }, {
      "vertices" : [ 1, 4, 2 ]
    }, {
      "vertices" : [ 0, 3, 5 ]
    }, {
      "vertices" : [ 0, 5, 8 ]
    }, {
      "vertices" : [ 1, 7, 9 ]
    }, {
      "vertices" : [ 0, 1, 2 ]
    }, {
      "vertices" : [ 0, 2, 3 ]
    }, {
      "vertices" : [ 7, 8, 9 ]
    }, {
      "vertices" : [ 0, 7, 1 ]
    }, {
      "vertices" : [ 4, 9, 8 ]
    }, {
      "vertices" : [ 4, 8, 5 ]
    }, {
      "vertices" : [ 2, 6, 3 ]
    }, {
      "vertices" : [ 2, 4, 6 ]
    }, {
      "vertices" : [ 3, 6, 5 ]
    }, {
      "vertices" : [ 4, 5, 6 ]
    }, {
      "vertices" : [ 0, 8, 7 ]
    } ]
  }, {
    "id" : "385dff97-1cb1-41d7-919f-b21f473b5f3e",
    "vertices" : [ {
      "x" : 11.09017,
      "y" : 4.236068,
      "z" : -20.562305
    }, {
      "x" : 0.0,
      "y" : 8.472136,
      "z" : -22.18034
    }, {
      "x" : 2.618034,
      "y" : 17.944271,
      "z" : -15.326238
    }, {
      "x" : 13.708204,
      "y" : 13.708204,
      "z" : -13.708204
    } ],
    "faces" : [ {
      "vertices" : [ 0, 1, 2 ]
    }, {
      "vertices" : [ 0, 2, 3 ]
    }, {
      "vertices" : [ 0, 3, 2 ]
    }, {
      "vertices" : [ 0, 2, 1 ]
    } ]
  }, {
    "id" : "a2de5f93-3922-4e30-8be6-ae6e1e14e7e3",
    "vertices" : [ {
      "x" : 0.0,
      "y" : -22.18034,
      "z" : -8.472136
    }, {
      "x" : 8.472136,
      "y" : -22.18034,
      "z" : 0.0
    }, {
      "x" : 0.0,
      "y" : -22.18034,
      "z" : 8.472136
    }, {
      "x" : -8.472136,
      "y" : -22.18034,
      "z" : 0.0
    } ],
    "faces" : [ {
      "vertices" : [ 0, 1, 2 ]
    }, {
      "vertices" : [ 0, 2, 3 ]
    }, {
      "vertices" : [ 0, 3, 2 ]
    }, {
      "vertices" : [ 0, 2, 1 ]
    } ]
  }, {
    "id" : "99c08ba0-bd51-4c5e-83ef-23292bf0ea67",
    "vertices" : [ {
      "x" : -11.09017,
      "y" : 4.236068,
      "z" : -20.562305
    }, {
      "x" : -13.708204,
      "y" : 13.708204,
      "z" : -13.708204
    }, {
      "x" : -2.618034,
      "y" : 17.944271,
      "z" : -15.326238
    }, {
      "x" : 0.0,
      "y" : 8.472136,
      "z" : -22.18034
    } ],
    "faces" : [ {
      "vertices" : [ 0, 1, 2 ]
    }, {
      "vertices" : [ 0, 2, 3 ]
    }, {
      "vertices" : [ 0, 3, 2 ]
    }, {
      "vertices" : [ 0, 2, 1 ]
    } ]
  }, {
    "id" : "1412538d-7179-4fdd-a58a-cc3efd9a9496",
    "vertices" : [ {
      "x" : -11.09017,
      "y" : -4.236068,
      "z" : 20.562305
    }, {
      "x" : -15.326238,
      "y" : -2.618034,
      "z" : 17.944271
    }, {
      "x" : -13.708204,
      "y" : -13.708204,
      "z" : 13.708204
    } ],
    "faces" : [ {
      "vertices" : [ 0, 1, 2 ]
    }, {
      "vertices" : [ 0, 2, 1 ]
    } ]
  }, {
    "id" : "7343d431-2126-4b19-a76b-e467b9a02637",
    "vertices" : [ {
      "x" : -8.472136,
      "y" : 0.0,
      "z" : 22.18034
    }, {
      "x" : 0.0,
      "y" : 8.472136,
      "z" : 22.18034
    }, {
      "x" : -11.09017,
      "y" : 4.236068,
      "z" : 20.562305
    } ],
    "faces" : [ {
      "vertices" : [ 0, 1, 2 ]
    }, {
      "vertices" : [ 0, 2, 1 ]
    } ]
  }, {
    "id" : "4350fb03-e605-491b-b874-b961a4bc65f6",
    "vertices" : [ {
      "x" : -17.944271,
      "y" : -15.326238,
      "z" : 2.618034
    }, {
      "x" : -20.562305,
      "y" : -11.09017,
      "z" : 4.236068
    }, {
      "x" : -22.18034,
      "y" : -8.472136,
      "z" : 0.0
    }, {
      "x" : -20.562305,
      "y" : -11.09017,
      "z" : -4.236068
    }, {
      "x" : -17.944271,
      "y" : -15.326238,
      "z" : -2.618034
    } ],
    "faces" : [ {
      "vertices" : [ 0, 1, 2 ]
    }, {
      "vertices" : [ 0, 2, 3 ]
    }, {
      "vertices" : [ 0, 3, 4 ]
    }, {
      "vertices" : [ 0, 4, 3 ]
    }, {
      "vertices" : [ 0, 3, 2 ]
    }, {
      "vertices" : [ 0, 2, 1 ]
    } ]
  }, {
    "id" : "6c39ab13-c49f-4d66-845e-c8025bec53ec",
    "vertices" : [ {
      "x" : 17.944271,
      "y" : 15.326238,
      "z" : -2.618034
    }, {
      "x" : 20.562305,
      "y" : 11.09017,
      "z" : -4.236068
    }, {
      "x" : 13.708204,
      "y" : 13.708204,
      "z" : -13.708204
    } ],
    "faces" : [ {
      "vertices" : [ 0, 1, 2 ]
    }, {
      "vertices" : [ 0, 2, 1 ]
    } ]
  }, {
    "id" : "de6eab7d-9ee2-47aa-b190-8f9f05b7f882",
    "vertices" : [ {
      "x" : 22.18034,
      "y" : 8.472136,
      "z" : 0.0
    }, {
      "x" : 20.562305,
      "y" : 11.09017,
      "z" : 4.236068
    }, {
      "x" : 22.18034,
      "y" : 0.0,
      "z" : 8.472136
    } ],
    "faces" : [ {
      "vertices" : [ 0, 1, 2 ]
    }, {
      "vertices" : [ 0, 2, 1 ]
    } ]
  }, {
    "id" : "c2c349a6-8650-42b0-8bf8-7ff60981b39b",
    "vertices" : [ {
      "x" : 8.472136,
      "y" : 0.0,
      "z" : 22.18034
    }, {
      "x" : 0.0,
      "y" : 8.472136,
      "z" : 22.18034
    }, {
      "x" : -8.472136,
      "y" : 0.0,
      "z" : 22.18034
    }, {
      "x" : 0.0,
      "y" : -8.472136,
      "z" : 22.18034
    } ],
    "faces" : [ {
      "vertices" : [ 0, 1, 2 ]
    }, {
      "vertices" : [ 0, 2, 3 ]
    }, {
      "vertices" : [ 0, 3, 2 ]
    }, {
      "vertices" : [ 0, 2, 1 ]
    } ]
  }, {
    "id" : "6d52bfdc-987c-49af-85f3-26b779162413",
    "vertices" : [ {
      "x" : 2.618034,
      "y" : -17.944271,
      "z" : -15.326238
    }, {
      "x" : 0.0,
      "y" : -8.472136,
      "z" : -22.18034
    }, {
      "x" : 11.09017,
      "y" : -4.236068,
      "z" : -20.562305
    }, {
      "x" : 13.708204,
      "y" : -13.708204,
      "z" : -13.708204
    } ],
    "faces" : [ {
      "vertices" : [ 0, 1, 2 ]
    }, {
      "vertices" : [ 0, 2, 3 ]
    }, {
      "vertices" : [ 0, 3, 2 ]
    }, {
      "vertices" : [ 0, 2, 1 ]
    } ]
  }, {
    "id" : "453cc48f-c99b-40e9-88a1-d4ff0b011f99",
    "vertices" : [ {
      "x" : -8.472136,
      "y" : 0.0,
      "z" : -22.18034
    }, {
      "x" : -11.09017,
      "y" : 4.236068,
      "z" : -20.562305
    }, {
      "x" : 0.0,
      "y" : 8.472136,
      "z" : -22.18034
    } ],
    "faces" : [ {
      "vertices" : [ 0, 1, 2 ]
    }, {
      "vertices" : [ 0, 2, 1 ]
    } ]
  }, {
    "id" : "902716e0-ba6c-44d9-90f8-3b5ec3fdefa4",
    "vertices" : [ {
      "x" : -15.326238,
      "y" : 2.618034,
      "z" : -17.944271
    }, {
      "x" : -13.708204,
      "y" : 13.708204,
      "z" : -13.708204
    }, {
      "x" : -11.09017,
      "y" : 4.236068,
      "z" : -20.562305
    } ],
    "faces" : [ {
      "vertices" : [ 0, 1, 2 ]
    }, {
      "vertices" : [ 0, 2, 1 ]
    } ]
  }, {
    "id" : "4e4fb32a-9677-4d6a-be79-2d1fcea879c4",
    "vertices" : [ {
      "x" : 17.944271,
      "y" : -15.326238,
      "z" : 2.618034
    }, {
      "x" : 13.708204,
      "y" : -13.708204,
      "z" : 13.708204
    }, {
      "x" : 4.236068,
      "y" : -20.562305,
      "z" : 11.09017
    }, {
      "x" : 8.472136,
      "y" : -22.18034,
      "z" : 0.0
    } ],
    "faces" : [ {
      "vertices" : [ 0, 1, 2 ]
    }, {
      "vertices" : [ 0, 2, 3 ]
    }, {
      "vertices" : [ 0, 3, 2 ]
    }, {
      "vertices" : [ 0, 2, 1 ]
    } ]
  }, {
    "id" : "09ee7098-179a-4e6d-9eaa-cf287fd56a5c",
    "vertices" : [ {
      "x" : -2.618034,
      "y" : 17.944271,
      "z" : 15.326238
    }, {
      "x" : 0.0,
      "y" : 8.472136,
      "z" : 22.18034
    }, {
      "x" : 2.618034,
      "y" : 17.944271,
      "z" : 15.326238
    } ],
    "faces" : [ {
      "vertices" : [ 0, 1, 2 ]
    }, {
      "vertices" : [ 0, 2, 1 ]
    } ]
  }, {
    "id" : "430f7a09-fd6d-48cd-b618-c373a0f48a9a",
    "vertices" : [ {
      "x" : 0.0,
      "y" : -8.472136,
      "z" : -22.18034
    }, {
      "x" : 8.472136,
      "y" : 0.0,
      "z" : -22.18034
    }, {
      "x" : 11.09017,
      "y" : -4.236068,
      "z" : -20.562305
    } ],
    "faces" : [ {
      "vertices" : [ 0, 1, 2 ]
    }, {
      "vertices" : [ 0, 2, 1 ]
    } ]
  }, {
    "id" : "706095e6-371b-4efd-9bd9-f710bc96f014",
    "vertices" : [ {
      "x" : 15.326238,
      "y" : 2.618034,
      "z" : 17.944271
    }, {
      "x" : 22.18034,
      "y" : 0.0,
      "z" : 8.472136
    }, {
      "x" : 20.562305,
      "y" : 11.09017,
      "z" : 4.236068
    }, {
      "x" : 13.708204,
      "y" : 13.708204,
      "z" : 13.708204
    } ],
    "faces" : [ {
      "vertices" : [ 0, 1, 2 ]
    }, {
      "vertices" : [ 0, 2, 3 ]
    }, {
      "vertices" : [ 0, 3, 2 ]
    }, {
      "vertices" : [ 0, 2, 1 ]
    } ]
  }, {
    "id" : "3b595cb9-4126-47ac-bbdc-6b4185251f18",
    "vertices" : [ {
      "x" : -15.326238,
      "y" : 2.618034,
      "z" : -17.944271
    }, {
      "x" : -15.326238,
      "y" : -2.618034,
      "z" : -17.944271
    }, {
      "x" : -22.18034,
      "y" : 0.0,
      "z" : -8.472136
    } ],
    "faces" : [ {
      "vertices" : [ 0, 1, 2 ]
    }, {
      "vertices" : [ 0, 2, 1 ]
    } ]
  }, {
    "id" : "a726d40e-a972-481d-9c25-99beda21a295",
    "vertices" : [ {
      "x" : 0.0,
      "y" : -22.18034,
      "z" : 8.472136
    }, {
      "x" : -4.236068,
      "y" : -20.562305,
      "z" : 11.09017
    }, {
      "x" : -8.472136,
      "y" : -22.18034,
      "z" : 0.0
    } ],
    "faces" : [ {
      "vertices" : [ 0, 1, 2 ]
    }, {
      "vertices" : [ 0, 2, 1 ]
    } ]
  }, {
    "id" : "26448692-c890-44ff-a1fc-0b340add218d",
    "vertices" : [ {
      "x" : 17.944271,
      "y" : 15.326238,
      "z" : -2.618034
    }, {
      "x" : 13.708204,
      "y" : 13.708204,
      "z" : -13.708204
    }, {
      "x" : 4.236068,
      "y" : 20.562305,
      "z" : -11.09017
    }, {
      "x" : 8.472136,
      "y" : 22.18034,
      "z" : 0.0
    } ],
    "faces" : [ {
      "vertices" : [ 0, 1, 2 ]
    }, {
      "vertices" : [ 0, 2, 3 ]
    }, {
      "vertices" : [ 0, 3, 2 ]
    }, {
      "vertices" : [ 0, 2, 1 ]
    } ]
  }, {
    "id" : "89aaab59-849d-46d0-a818-87ddbd38baba",
    "vertices" : [ {
      "x" : -4.236068,
      "y" : -20.562305,
      "z" : 11.09017
    }, {
      "x" : -2.618034,
      "y" : -17.944271,
      "z" : 15.326238
    }, {
      "x" : -13.708204,
      "y" : -13.708204,
      "z" : 13.708204
    } ],
    "faces" : [ {
      "vertices" : [ 0, 1, 2 ]
    }, {
      "vertices" : [ 0, 2, 1 ]
    } ]
  }, {
    "id" : "1cb2c9ae-2b67-451f-b55e-5cbda5f4ec8e",
    "vertices" : [ {
      "x" : 11.09017,
      "y" : 4.236068,
      "z" : -20.562305
    }, {
      "x" : 8.472136,
      "y" : 0.0,
      "z" : -22.18034
    }, {
      "x" : 0.0,
      "y" : 8.472136,
      "z" : -22.18034
    } ],
    "faces" : [ {
      "vertices" : [ 0, 1, 2 ]
    }, {
      "vertices" : [ 0, 2, 1 ]
    } ]
  }, {
    "id" : "17cf1a8a-85d0-462b-8e09-1a4d94fb468e",
    "vertices" : [ {
      "x" : -15.326238,
      "y" : 2.618034,
      "z" : -17.944271
    }, {
      "x" : -22.18034,
      "y" : 0.0,
      "z" : -8.472136
    }, {
      "x" : -20.562305,
      "y" : 11.09017,
      "z" : -4.236068
    }, {
      "x" : -13.708204,
      "y" : 13.708204,
      "z" : -13.708204
    } ],
    "faces" : [ {
      "vertices" : [ 0, 1, 2 ]
    }, {
      "vertices" : [ 0, 2, 3 ]
    }, {
      "vertices" : [ 0, 3, 2 ]
    }, {
      "vertices" : [ 0, 2, 1 ]
    } ]
  }, {
    "id" : "a91ca7bf-df43-44ff-a192-0871a14e36a2",
    "vertices" : [ {
      "x" : 22.18034,
      "y" : 8.472136,
      "z" : 0.0
    }, {
      "x" : 22.18034,
      "y" : 0.0,
      "z" : 8.472136
    }, {
      "x" : 22.18034,
      "y" : -8.472136,
      "z" : 0.0
    }, {
      "x" : 22.18034,
      "y" : 0.0,
      "z" : -8.472136
    } ],
    "faces" : [ {
      "vertices" : [ 0, 1, 2 ]
    }, {
      "vertices" : [ 0, 2, 3 ]
    }, {
      "vertices" : [ 0, 3, 2 ]
    }, {
      "vertices" : [ 0, 2, 1 ]
    } ]
  }, {
    "id" : "e86d2cb6-9d15-47a1-9079-7d214105759a",
    "vertices" : [ {
      "x" : 20.562305,
      "y" : -11.09017,
      "z" : -4.236068
    }, {
      "x" : 17.944271,
      "y" : -15.326238,
      "z" : -2.618034
    }, {
      "x" : 13.708204,
      "y" : -13.708204,
      "z" : -13.708204
    } ],
    "faces" : [ {
      "vertices" : [ 0, 1, 2 ]
    }, {
      "vertices" : [ 0, 2, 1 ]
    } ]
  }, {
    "id" : "79054d9a-360e-4207-8a78-3f193f0f5c18",
    "vertices" : [ {
      "x" : -17.944271,
      "y" : 15.326238,
      "z" : 2.618034
    }, {
      "x" : -20.562305,
      "y" : 11.09017,
      "z" : 4.236068
    }, {
      "x" : -13.708204,
      "y" : 13.708204,
      "z" : 13.708204
    } ],
    "faces" : [ {
      "vertices" : [ 0, 1, 2 ]
    }, {
      "vertices" : [ 0, 2, 1 ]
    } ]
  }, {
    "id" : "3d7be064-0279-4b19-b92c-56eb2ce9cd64",
    "vertices" : [ {
      "x" : -17.944271,
      "y" : -15.326238,
      "z" : 2.618034
    }, {
      "x" : -17.944271,
      "y" : -15.326238,
      "z" : -2.618034
    }, {
      "x" : -8.472136,
      "y" : -22.18034,
      "z" : 0.0
    } ],
    "faces" : [ {
      "vertices" : [ 0, 1, 2 ]
    }, {
      "vertices" : [ 0, 2, 1 ]
    } ]
  }, {
    "id" : "07ccb562-f53e-4f9b-955d-b9917064a884",
    "vertices" : [ {
      "x" : 20.562305,
      "y" : -11.09017,
      "z" : -4.236068
    }, {
      "x" : 22.18034,
      "y" : 0.0,
      "z" : -8.472136
    }, {
      "x" : 22.18034,
      "y" : -8.472136,
      "z" : 0.0
    } ],
    "faces" : [ {
      "vertices" : [ 0, 1, 2 ]
    }, {
      "vertices" : [ 0, 2, 1 ]
    } ]
  }, {
    "id" : "8afd02e9-64ee-4c79-89b4-8f64eecf1fd5",
    "vertices" : [ {
      "x" : 4.236068,
      "y" : 20.562305,
      "z" : 11.09017
    }, {
      "x" : 2.618034,
      "y" : 17.944271,
      "z" : 15.326238
    }, {
      "x" : 13.708204,
      "y" : 13.708204,
      "z" : 13.708204
    } ],
    "faces" : [ {
      "vertices" : [ 0, 1, 2 ]
    }, {
      "vertices" : [ 0, 2, 1 ]
    } ]
  }, {
    "id" : "46599ab1-6e66-4f73-b4c4-88126f71bf89",
    "vertices" : [ {
      "x" : -20.562305,
      "y" : -11.09017,
      "z" : 4.236068
    }, {
      "x" : -13.708204,
      "y" : -13.708204,
      "z" : 13.708204
    }, {
      "x" : -15.326238,
      "y" : -2.618034,
      "z" : 17.944271
    }, {
      "x" : -22.18034,
      "y" : 0.0,
      "z" : 8.472136
    } ],
    "faces" : [ {
      "vertices" : [ 0, 1, 2 ]
    }, {
      "vertices" : [ 0, 2, 3 ]
    }, {
      "vertices" : [ 0, 3, 2 ]
    }, {
      "vertices" : [ 0, 2, 1 ]
    } ]
  }, {
    "id" : "807af759-4998-4caf-8554-a5f8879352dc",
    "vertices" : [ {
      "x" : 11.09017,
      "y" : 4.236068,
      "z" : 20.562305
    }, {
      "x" : 0.0,
      "y" : 8.472136,
      "z" : 22.18034
    }, {
      "x" : 8.472136,
      "y" : 0.0,
      "z" : 22.18034
    } ],
    "faces" : [ {
      "vertices" : [ 0, 1, 2 ]
    }, {
      "vertices" : [ 0, 2, 1 ]
    } ]
  }, {
    "id" : "b45c803e-fea7-430d-80de-84014e94645f",
    "vertices" : [ {
      "x" : -22.18034,
      "y" : 0.0,
      "z" : -8.472136
    }, {
      "x" : -22.18034,
      "y" : -8.472136,
      "z" : 0.0
    }, {
      "x" : -22.18034,
      "y" : 0.0,
      "z" : 8.472136
    }, {
      "x" : -22.18034,
      "y" : 8.472136,
      "z" : 0.0
    } ],
    "faces" : [ {
      "vertices" : [ 0, 1, 2 ]
    }, {
      "vertices" : [ 0, 2, 3 ]
    }, {
      "vertices" : [ 0, 3, 2 ]
    }, {
      "vertices" : [ 0, 2, 1 ]
    } ]
  }, {
    "id" : "845ae537-e23b-4ea9-ad1a-ccd2c350962d",
    "vertices" : [ {
      "x" : 2.618034,
      "y" : -17.944271,
      "z" : 15.326238
    }, {
      "x" : 13.708204,
      "y" : -13.708204,
      "z" : 13.708204
    }, {
      "x" : 11.09017,
      "y" : -4.236068,
      "z" : 20.562305
    }, {
      "x" : 0.0,
      "y" : -8.472136,
      "z" : 22.18034
    } ],
    "faces" : [ {
      "vertices" : [ 0, 1, 2 ]
    }, {
      "vertices" : [ 0, 2, 3 ]
    }, {
      "vertices" : [ 0, 3, 2 ]
    }, {
      "vertices" : [ 0, 2, 1 ]
    } ]
  }, {
    "id" : "66385e01-3de6-4978-a96b-ec645513ab4c",
    "vertices" : [ {
      "x" : 0.0,
      "y" : 22.18034,
      "z" : -8.472136
    }, {
      "x" : -4.236068,
      "y" : 20.562305,
      "z" : -11.09017
    }, {
      "x" : -8.472136,
      "y" : 22.18034,
      "z" : 0.0
    } ],
    "faces" : [ {
      "vertices" : [ 0, 1, 2 ]
    }, {
      "vertices" : [ 0, 2, 1 ]
    } ]
  }, {
    "id" : "f02fc895-286a-4063-a818-e1780ca523ae",
    "vertices" : [ {
      "x" : 15.326238,
      "y" : 2.618034,
      "z" : 17.944271
    }, {
      "x" : 15.326238,
      "y" : -2.618034,
      "z" : 17.944271
    }, {
      "x" : 22.18034,
      "y" : 0.0,
      "z" : 8.472136
    } ],
    "faces" : [ {
      "vertices" : [ 0, 1, 2 ]
    }, {
      "vertices" : [ 0, 2, 1 ]
    } ]
  }, {
    "id" : "9ec2ae44-eeab-4137-b88c-093bde87a161",
    "vertices" : [ {
      "x" : 4.236068,
      "y" : 20.562305,
      "z" : 11.09017
    }, {
      "x" : 8.472136,
      "y" : 22.18034,
      "z" : 0.0
    }, {
      "x" : 0.0,
      "y" : 22.18034,
      "z" : 8.472136
    } ],
    "faces" : [ {
      "vertices" : [ 0, 1, 2 ]
    }, {
      "vertices" : [ 0, 2, 1 ]
    } ]
  }, {
    "id" : "fb93cbea-a079-47e4-a884-242742073591",
    "vertices" : [ {
      "x" : 22.18034,
      "y" : 8.472136,
      "z" : 0.0
    }, {
      "x" : 22.18034,
      "y" : 0.0,
      "z" : -8.472136
    }, {
      "x" : 20.562305,
      "y" : 11.09017,
      "z" : -4.236068
    } ],
    "faces" : [ {
      "vertices" : [ 0, 1, 2 ]
    }, {
      "vertices" : [ 0, 2, 1 ]
    } ]
  }, {
    "id" : "0d741a0a-c9c7-4ff6-b3de-8184af662bba",
    "vertices" : [ {
      "x" : 15.326238,
      "y" : -2.618034,
      "z" : -17.944271
    }, {
      "x" : 15.326238,
      "y" : 2.618034,
      "z" : -17.944271
    }, {
      "x" : 22.18034,
      "y" : 0.0,
      "z" : -8.472136
    } ],
    "faces" : [ {
      "vertices" : [ 0, 1, 2 ]
    }, {
      "vertices" : [ 0, 2, 1 ]
    } ]
  }, {
    "id" : "882933db-9d0f-4280-826c-ab64ae671141",
    "vertices" : [ {
      "x" : -2.618034,
      "y" : 17.944271,
      "z" : -15.326238
    }, {
      "x" : -13.708204,
      "y" : 13.708204,
      "z" : -13.708204
    }, {
      "x" : -4.236068,
      "y" : 20.562305,
      "z" : -11.09017
    } ],
    "faces" : [ {
      "vertices" : [ 0, 1, 2 ]
    }, {
      "vertices" : [ 0, 2, 1 ]
    } ]
  }, {
    "id" : "e29e7ea3-d56d-4f78-9836-49e17337dd46",
    "vertices" : [ {
      "x" : 2.618034,
      "y" : -17.944271,
      "z" : -15.326238
    }, {
      "x" : 13.708204,
      "y" : -13.708204,
      "z" : -13.708204
    }, {
      "x" : 4.236068,
      "y" : -20.562305,
      "z" : -11.09017
    } ],
    "faces" : [ {
      "vertices" : [ 0, 1, 2 ]
    }, {
      "vertices" : [ 0, 2, 1 ]
    } ]
  }, {
    "id" : "c8e5be21-b40f-4591-9f78-745808f7c59f",
    "vertices" : [ {
      "x" : 2.618034,
      "y" : -17.944271,
      "z" : -15.326238
    }, {
      "x" : -2.618034,
      "y" : -17.944271,
      "z" : -15.326238
    }, {
      "x" : 0.0,
      "y" : -8.472136,
      "z" : -22.18034
    } ],
    "faces" : [ {
      "vertices" : [ 0, 1, 2 ]
    }, {
      "vertices" : [ 0, 2, 1 ]
    } ]
  }, {
    "id" : "29554123-6158-4ee8-8434-b737df66a6e8",
    "vertices" : [ {
      "x" : 2.618034,
      "y" : -17.944271,
      "z" : -15.326238
    }, {
      "x" : 4.236068,
      "y" : -20.562305,
      "z" : -11.09017
    }, {
      "x" : 0.0,
      "y" : -22.18034,
      "z" : -8.472136
    }, {
      "x" : -4.236068,
      "y" : -20.562305,
      "z" : -11.09017
    }, {
      "x" : -2.618034,
      "y" : -17.944271,
      "z" : -15.326238
    } ],
    "faces" : [ {
      "vertices" : [ 0, 1, 2 ]
    }, {
      "vertices" : [ 0, 2, 3 ]
    }, {
      "vertices" : [ 0, 3, 4 ]
    }, {
      "vertices" : [ 0, 4, 3 ]
    }, {
      "vertices" : [ 0, 3, 2 ]
    }, {
      "vertices" : [ 0, 2, 1 ]
    } ]
  }, {
    "id" : "a938978a-8881-4f35-8eb8-1cad4da9b363",
    "vertices" : [ {
      "x" : 11.09017,
      "y" : 4.236068,
      "z" : -20.562305
    }, {
      "x" : 13.708204,
      "y" : 13.708204,
      "z" : -13.708204
    }, {
      "x" : 15.326238,
      "y" : 2.618034,
      "z" : -17.944271
    } ],
    "faces" : [ {
      "vertices" : [ 0, 1, 2 ]
    }, {
      "vertices" : [ 0, 2, 1 ]
    } ]
  }, {
    "id" : "e03707ec-dbe8-4634-989f-2af7bb0be9ad",
    "vertices" : [ {
      "x" : -17.944271,
      "y" : -15.326238,
      "z" : 2.618034
    }, {
      "x" : -13.708204,
      "y" : -13.708204,
      "z" : 13.708204
    }, {
      "x" : -20.562305,
      "y" : -11.09017,
      "z" : 4.236068
    } ],
    "faces" : [ {
      "vertices" : [ 0, 1, 2 ]
    }, {
      "vertices" : [ 0, 2, 1 ]
    } ]
  }, {
    "id" : "306b32c6-ec33-4d32-8b7a-339e7d192bf0",
    "vertices" : [ {
      "x" : 17.944271,
      "y" : 15.326238,
      "z" : 2.618034
    }, {
      "x" : 20.562305,
      "y" : 11.09017,
      "z" : 4.236068
    }, {
      "x" : 22.18034,
      "y" : 8.472136,
      "z" : 0.0
    }, {
      "x" : 20.562305,
      "y" : 11.09017,
      "z" : -4.236068
    }, {
      "x" : 17.944271,
      "y" : 15.326238,
      "z" : -2.618034
    } ],
    "faces" : [ {
      "vertices" : [ 0, 1, 2 ]
    }, {
      "vertices" : [ 0, 2, 3 ]
    }, {
      "vertices" : [ 0, 3, 4 ]
    }, {
      "vertices" : [ 0, 4, 3 ]
    }, {
      "vertices" : [ 0, 3, 2 ]
    }, {
      "vertices" : [ 0, 2, 1 ]
    } ]
  }, {
    "id" : "501f9d02-abbc-48e6-a523-cf43ef00063b",
    "vertices" : [ {
      "x" : -22.18034,
      "y" : 0.0,
      "z" : -8.472136
    }, {
      "x" : -15.326238,
      "y" : -2.618034,
      "z" : -17.944271
    }, {
      "x" : -13.708204,
      "y" : -13.708204,
      "z" : -13.708204
    }, {
      "x" : -20.562305,
      "y" : -11.09017,
      "z" : -4.236068
    } ],
    "faces" : [ {
      "vertices" : [ 0, 1, 2 ]
    }, {
      "vertices" : [ 0, 2, 3 ]
    }, {
      "vertices" : [ 0, 3, 2 ]
    }, {
      "vertices" : [ 0, 2, 1 ]
    } ]
  }, {
    "id" : "d401df4b-6835-44cc-acf5-a0169f456f41",
    "vertices" : [ {
      "x" : 4.236068,
      "y" : 20.562305,
      "z" : 11.09017
    }, {
      "x" : 0.0,
      "y" : 22.18034,
      "z" : 8.472136
    }, {
      "x" : -4.236068,
      "y" : 20.562305,
      "z" : 11.09017
    }, {
      "x" : -2.618034,
      "y" : 17.944271,
      "z" : 15.326238
    }, {
      "x" : 2.618034,
      "y" : 17.944271,
      "z" : 15.326238
    } ],
    "faces" : [ {
      "vertices" : [ 0, 1, 2 ]
    }, {
      "vertices" : [ 0, 2, 3 ]
    }, {
      "vertices" : [ 0, 3, 4 ]
    }, {
      "vertices" : [ 0, 4, 3 ]
    }, {
      "vertices" : [ 0, 3, 2 ]
    }, {
      "vertices" : [ 0, 2, 1 ]
    } ]
  }, {
    "id" : "97ed803b-8c3a-4a50-9781-349873dd2a77",
    "vertices" : [ {
      "x" : -4.236068,
      "y" : -20.562305,
      "z" : -11.09017
    }, {
      "x" : -8.472136,
      "y" : -22.18034,
      "z" : 0.0
    }, {
      "x" : -17.944271,
      "y" : -15.326238,
      "z" : -2.618034
    }, {
      "x" : -13.708204,
      "y" : -13.708204,
      "z" : -13.708204
    } ],
    "faces" : [ {
      "vertices" : [ 0, 1, 2 ]
    }, {
      "vertices" : [ 0, 2, 3 ]
    }, {
      "vertices" : [ 0, 3, 2 ]
    }, {
      "vertices" : [ 0, 2, 1 ]
    } ]
  }, {
    "id" : "55b5a91d-630a-41a1-8489-8b81a77b60f1",
    "vertices" : [ {
      "x" : 0.0,
      "y" : 22.18034,
      "z" : -8.472136
    }, {
      "x" : -8.472136,
      "y" : 22.18034,
      "z" : 0.0
    }, {
      "x" : 0.0,
      "y" : 22.18034,
      "z" : 8.472136
    }, {
      "x" : 8.472136,
      "y" : 22.18034,
      "z" : 0.0
    } ],
    "faces" : [ {
      "vertices" : [ 0, 1, 2 ]
    }, {
      "vertices" : [ 0, 2, 3 ]
    }, {
      "vertices" : [ 0, 3, 2 ]
    }, {
      "vertices" : [ 0, 2, 1 ]
    } ]
  }, {
    "id" : "d415b7ec-7f38-47ea-b666-6259eb37910e",
    "vertices" : [ {
      "x" : 17.944271,
      "y" : -15.326238,
      "z" : 2.618034
    }, {
      "x" : 20.562305,
      "y" : -11.09017,
      "z" : 4.236068
    }, {
      "x" : 13.708204,
      "y" : -13.708204,
      "z" : 13.708204
    } ],
    "faces" : [ {
      "vertices" : [ 0, 1, 2 ]
    }, {
      "vertices" : [ 0, 2, 1 ]
    } ]
  }, {
    "id" : "446d7d2a-2143-4ca0-a9d0-20deb026bac6",
    "vertices" : [ {
      "x" : 0.0,
      "y" : -22.18034,
      "z" : 8.472136
    }, {
      "x" : 4.236068,
      "y" : -20.562305,
      "z" : 11.09017
    }, {
      "x" : 2.618034,
      "y" : -17.944271,
      "z" : 15.326238
    }, {
      "x" : -2.618034,
      "y" : -17.944271,
      "z" : 15.326238
    }, {
      "x" : -4.236068,
      "y" : -20.562305,
      "z" : 11.09017
    } ],
    "faces" : [ {
      "vertices" : [ 0, 1, 2 ]
    }, {
      "vertices" : [ 0, 2, 3 ]
    }, {
      "vertices" : [ 0, 3, 4 ]
    }, {
      "vertices" : [ 0, 4, 3 ]
    }, {
      "vertices" : [ 0, 3, 2 ]
    }, {
      "vertices" : [ 0, 2, 1 ]
    } ]
  }, {
    "id" : "110a3a79-5d0b-4235-bb54-f1a77ca180f3",
    "vertices" : [ {
      "x" : 0.0,
      "y" : -22.18034,
      "z" : -8.472136
    }, {
      "x" : 4.236068,
      "y" : -20.562305,
      "z" : -11.09017
    }, {
      "x" : 8.472136,
