{
  "field" : "golden",
  "symmetry" : "icosahedral",
  "orientations" : [ [ 1.0, 0.0, 0.0, 0.0, 0.0, 1.0, 0.0, 0.0, 0.0, 0.0, 1.0, 0.0, 0.0, 0.0, 0.0, 1.0 ], [ 0.0, 0.0, 1.0, 0.0, 1.0, 0.0, 0.0, 0.0, 0.0, 1.0, 0.0, 0.0, 0.0, 0.0, 0.0, 1.0 ], [ 0.0, 1.0, 0.0, 0.0, 0.0, 0.0, 1.0, 0.0, 1.0, 0.0, 0.0, 0.0, 0.0, 0.0, 0.0, 1.0 ], [ 0.809017, 0.309017, 0.5, 0.0, 0.309017, 0.5, -0.809017, 0.0, -0.5, 0.809017, 0.309017, 0.0, 0.0, 0.0, 0.0, 1.0 ], [ -0.5, 0.809017, 0.309017, 0.0, 0.809017, 0.309017, 0.5, 0.0, 0.309017, 0.5, -0.809017, 0.0, 0.0, 0.0, 0.0, 1.0 ], [ 0.309017, 0.5, -0.809017, 0.0, -0.5, 0.809017, 0.309017, 0.0, 0.809017, 0.309017, 0.5, 0.0, 0.0, 0.0, 0.0, 1.0 ], [ 0.5, 0.809017, 0.309017, 0.0, 0.809017, -0.309017, -0.5, 0.0, -0.309017, 0.5, -0.809017, 0.0, 0.0, 0.0, 0.0, 1.0 ], [ -0.309017, 0.5, -0.809017, 0.0, 0.5, 0.809017, 0.309017, 0.0, 0.809017, -0.309017, -0.5, 0.0, 0.0, 0.0, 0.0, 1.0 ], [ 0.809017, -0.309017, -0.5, 0.0, -0.309017, 0.5, -0.809017, 0.0, 0.5, 0.809017, 0.309017, 0.0, 0.0, 0.0, 0.0, 1.0 ], [ 0.5, 0.809017, -0.309017, 0.0, 0.809017, -0.309017, 0.5, 0.0, 0.309017, -0.5, -0.809017, 0.0, 0.0, 0.0, 0.0, 1.0 ], [ 0.309017, -0.5, -0.809017, 0.0, 0.5, 0.809017, -0.309017, 0.0, 0.809017, -0.309017, 0.5, 0.0, 0.0, 0.0, 0.0, 1.0 ], [ 0.809017, -0.309017, 0.5, 0.0, 0.309017, -0.5, -0.809017, 0.0, 0.5, 0.809017, -0.309017, 0.0, 0.0, 0.0, 0.0, 1.0 ], [ 0.809017, 0.309017, -0.5, 0.0, 0.309017, 0.5, 0.809017, 0.0, 0.5, -0.809017, 0.309017, 0.0, 0.0, 0.0, 0.0, 1.0 ], [ 0.5, -0.809017, 0.309017, 0.0, 0.809017, 0.309017, -0.5, 0.0, 0.309017, 0.5, 0.809017, 0.0, 0.0, 0.0, 0.0, 1.0 ], [ 0.309017, 0.5, 0.809017, 0.0, 0.5, -0.809017, 0.309017, 0.0, 0.809017, 0.309017, -0.5, 0.0, 0.0, 0.0, 0.0, 1.0 ], [ 1.0, 0.0, 0.0, 0.0, 0.0, -1.0, 0.0, 0.0, 0.0, 0.0, -1.0, 0.0, 0.0, 0.0, 0.0, 1.0 ], [ 0.0, 0.0, 1.0, 0.0, -1.0, 0.0, 0.0, 0.0, 0.0, -1.0, 0.0, 0.0, 0.0, 0.0, 0.0, 1.0 ], [ 0.0, 1.0, 0.0, 0.0, 0.0, 0.0, -1.0, 0.0, -1.0, 0.0, 0.0, 0.0, 0.0, 0.0, 0.0, 1.0 ], [ 0.809017, 0.309017, 0.5, 0.0, -0.309017, -0.5, 0.809017, 0.0, 0.5, -0.809017, -0.309017, 0.0, 0.0, 0.0, 0.0, 1.0 ], [ -0.5, 0.809017, 0.309017, 0.0, -0.809017, -0.309017, -0.5, 0.0, -0.309017, -0.5, 0.809017, 0.0, 0.0, 0.0, 0.0, 1.0 ], [ 0.309017, 0.5, -0.809017, 0.0, 0.5, -0.809017, -0.309017, 0.0, -0.809017, -0.309017, -0.5, 0.0, 0.0, 0.0, 0.0, 1.0 ], [ 0.5, 0.809017, 0.309017, 0.0, -0.809017, 0.309017, 0.5, 0.0, 0.309017, -0.5, 0.809017, 0.0, 0.0, 0.0, 0.0, 1.0 ], [ -0.309017, 0.5, -0.809017, 0.0, -0.5, -0.809017, -0.309017, 0.0, -0.809017, 0.309017, 0.5, 0.0, 0.0, 0.0, 0.0, 1.0 ], [ 0.809017, -0.309017, -0.5, 0.0, 0.309017, -0.5, 0.809017, 0.0, -0.5, -0.809017, -0.309017, 0.0, 0.0, 0.0, 0.0, 1.0 ], [ 0.5, 0.809017, -0.309017, 0.0, -0.809017, 0.309017, -0.5, 0.0, -0.309017, 0.5, 0.809017, 0.0, 0.0, 0.0, 0.0, 1.0 ], [ 0.309017, -0.5, -0.809017, 0.0, -0.5, -0.809017, 0.309017, 0.0, -0.809017, 0.309017, -0.5, 0.0, 0.0, 0.0, 0.0, 1.0 ], [ 0.809017, -0.309017, 0.5, 0.0, -0.309017, 0.5, 0.809017, 0.0, -0.5, -0.809017, 0.309017, 0.0, 0.0, 0.0, 0.0, 1.0 ], [ 0.809017, 0.309017, -0.5, 0.0, -0.309017, -0.5, -0.809017, 0.0, -0.5, 0.809017, -0.309017, 0.0, 0.0, 0.0, 0.0, 1.0 ], [ 0.5, -0.809017, 0.309017, 0.0, -0.809017, -0.309017, 0.5, 0.0, -0.309017, -0.5, -0.809017, 0.0, 0.0, 0.0, 0.0, 1.0 ], [ 0.309017, 0.5, 0.809017, 0.0, -0.5, 0.809017, -0.309017, 0.0, -0.809017, -0.309017, 0.5, 0.0, 0.0, 0.0, 0.0, 1.0 ], [ -1.0, 0.0, 0.0, 0.0, 0.0, -1.0, 0.0, 0.0, 0.0, 0.0, 1.0, 0.0, 0.0, 0.0, 0.0, 1.0 ], [ 0.0, 0.0, -1.0, 0.0, -1.0, 0.0, 0.0, 0.0, 0.0, 1.0, 0.0, 0.0, 0.0, 0.0, 0.0, 1.0 ], [ 0.0, -1.0, 0.0, 0.0, 0.0, 0.0, -1.0, 0.0, 1.0, 0.0, 0.0, 0.0, 0.0, 0.0, 0.0, 1.0 ], [ -0.809017, -0.309017, -0.5, 0.0, -0.309017, -0.5, 0.809017, 0.0, -0.5, 0.809017, 0.309017, 0.0, 0.0, 0.0, 0.0, 1.0 ], [ 0.5, -0.809017, -0.309017, 0.0, -0.809017, -0.309017, -0.5, 0.0, 0.309017, 0.5, -0.809017, 0.0, 0.0, 0.0, 0.0, 1.0 ], [ -0.309017, -0.5, 0.809017, 0.0, 0.5, -0.809017, -0.309017, 0.0, 0.809017, 0.309017, 0.5, 0.0, 0.0, 0.0, 0.0, 1.0 ], [ -0.5, -0.809017, -0.309017, 0.0, -0.809017, 0.309017, 0.5, 0.0, -0.309017, 0.5, -0.809017, 0.0, 0.0, 0.0, 0.0, 1.0 ], [ 0.309017, -0.5, 0.809017, 0.0, -0.5, -0.809017, -0.309017, 0.0, 0.809017, -0.309017, -0.5, 0.0, 0.0, 0.0, 0.0, 1.0 ], [ -0.809017, 0.309017, 0.5, 0.0, 0.309017, -0.5, 0.809017, 0.0, 0.5, 0.809017, 0.309017, 0.0, 0.0, 0.0, 0.0, 1.0 ], [ -0.5, -0.809017, 0.309017, 0.0, -0.809017, 0.309017, -0.5, 0.0, 0.309017, -0.5, -0.809017, 0.0, 0.0, 0.0, 0.0, 1.0 ], [ -0.309017, 0.5, 0.809017, 0.0, -0.5, -0.809017, 0.309017, 0.0, 0.809017, -0.309017, 0.5, 0.0, 0.0, 0.0, 0.0, 1.0 ], [ -0.809017, 0.309017, -0.5, 0.0, -0.309017, 0.5, 0.809017, 0.0, 0.5, 0.809017, -0.309017, 0.0, 0.0, 0.0, 0.0, 1.0 ], [ -0.809017, -0.309017, 0.5, 0.0, -0.309017, -0.5, -0.809017, 0.0, 0.5, -0.809017, 0.309017, 0.0, 0.0, 0.0, 0.0, 1.0 ], [ -0.5, 0.809017, -0.309017, 0.0, -0.809017, -0.309017, 0.5, 0.0, 0.309017, 0.5, 0.809017, 0.0, 0.0, 0.0, 0.0, 1.0 ], [ -0.309017, -0.5, -0.809017, 0.0, -0.5, 0.809017, -0.309017, 0.0, 0.809017, 0.309017, -0.5, 0.0, 0.0, 0.0, 0.0, 1.0 ], [ -1.0, 0.0, 0.0, 0.0, 0.0, 1.0, 0.0, 0.0, 0.0, 0.0, -1.0, 0.0, 0.0, 0.0, 0.0, 1.0 ], [ 0.0, 0.0, -1.0, 0.0, 1.0, 0.0, 0.0, 0.0, 0.0, -1.0, 0.0, 0.0, 0.0, 0.0, 0.0, 1.0 ], [ 0.0, -1.0, 0.0, 0.0, 0.0, 0.0, 1.0, 0.0, -1.0, 0.0, 0.0, 0.0, 0.0, 0.0, 0.0, 1.0 ], [ -0.809017, -0.309017, -0.5, 0.0, 0.309017, 0.5, -0.809017, 0.0, 0.5, -0.809017, -0.309017, 0.0, 0.0, 0.0, 0.0, 1.0 ], [ 0.5, -0.809017, -0.309017, 0.0, 0.809017, 0.309017, 0.5, 0.0, -0.309017, -0.5, 0.809017, 0.0, 0.0, 0.0, 0.0, 1.0 ], [ -0.309017, -0.5, 0.809017, 0.0, -0.5, 0.809017, 0.309017, 0.0, -0.809017, -0.309017, -0.5, 0.0, 0.0, 0.0, 0.0, 1.0 ], [ -0.5, -0.809017, -0.309017, 0.0, 0.809017, -0.309017, -0.5, 0.0, 0.309017, -0.5, 0.809017, 0.0, 0.0, 0.0, 0.0, 1.0 ], [ 0.309017, -0.5, 0.809017, 0.0, 0.5, 0.809017, 0.309017, 0.0, -0.809017, 0.309017, 0.5, 0.0, 0.0, 0.0, 0.0, 1.0 ], [ -0.809017, 0.309017, 0.5, 0.0, -0.309017, 0.5, -0.809017, 0.0, -0.5, -0.809017, -0.309017, 0.0, 0.0, 0.0, 0.0, 1.0 ], [ -0.5, -0.809017, 0.309017, 0.0, 0.809017, -0.309017, 0.5, 0.0, -0.309017, 0.5, 0.809017, 0.0, 0.0, 0.0, 0.0, 1.0 ], [ -0.309017, 0.5, 0.809017, 0.0, 0.5, 0.809017, -0.309017, 0.0, -0.809017, 0.309017, -0.5, 0.0, 0.0, 0.0, 0.0, 1.0 ], [ -0.809017, 0.309017, -0.5, 0.0, 0.309017, -0.5, -0.809017, 0.0, -0.5, -0.809017, 0.309017, 0.0, 0.0, 0.0, 0.0, 1.0 ], [ -0.809017, -0.309017, 0.5, 0.0, 0.309017, 0.5, 0.809017, 0.0, -0.5, 0.809017, -0.309017, 0.0, 0.0, 0.0, 0.0, 1.0 ], [ -0.5, 0.809017, -0.309017, 0.0, 0.809017, 0.309017, -0.5, 0.0, -0.309017, -0.5, -0.809017, 0.0, 0.0, 0.0, 0.0, 1.0 ], [ -0.309017, -0.5, -0.809017, 0.0, 0.5, -0.809017, 0.309017, 0.0, -0.809017, -0.309017, 0.5, 0.0, 0.0, 0.0, 0.0, 1.0 ] ],
  "lights" : {
    "ambientColor" : "#292929",
    "backgroundColor" : "#AFC8DC",
    "directionalLights" : [ {
      "direction" : {
        "x" : 1.0,
        "y" : -1.0,
        "z" : -1.0
      },
      "color" : "#EBEBE4"
    }, {
      "direction" : {
        "x" : -1.0,
        "y" : 0.0,
        "z" : 0.0
      },
      "color" : "#E4E4EB"
    }, {
      "direction" : {
        "x" : 0.0,
        "y" : 0.0,
        "z" : -1.0
      },
      "color" : "#1E1E1E"
    } ]
  },
  "camera" : {
    "position" : {
      "x" : -46.59652,
      "y" : 189.73409,
      "z" : 490.40088
    },
    "width" : 237.54858,
    "nearClipDistance" : 1.3197142,
    "viewDistance" : 527.8855,
    "perspective" : true,
    "fieldOfView" : 0.44262907,
    "lookAtPoint" : {
      "x" : 0.0,
      "y" : 0.0,
      "z" : 0.0
    },
    "farClipDistance" : 1055.7704,
    "upDirection" : {
      "x" : 0.117858976,
      "y" : 0.92984897,
      "z" : -0.34855577
    },
    "lookDirection" : {
      "x" : 0.08827013,
      "y" : -0.3594228,
      "z" : -0.928991
    },
    "stereo" : false
  },
  "embedding" : [ 1.0, 0.0, 0.0, 0.0, 0.0, 1.0, 0.0, 0.0, 0.0, 0.0, 1.0, 0.0, 0.0, 0.0, 0.0, 1.0 ],
  "shapes" : [ {
    "id" : "759b8ca5-816f-4f87-94eb-e6897918afd4",
    "vertices" : [ {
      "x" : -38.075676,
      "y" : 8.413119,
      "z" : -61.762245
    }, {
      "x" : -40.752728,
      "y" : 4.0815597,
      "z" : -63.416756
    }, {
      "x" : -40.848217,
      "y" : 3.427051,
      "z" : -63.975773
    }, {
      "x" : -37.42117,
      "y" : 8.972136,
      "z" : -61.85774
    } ],
    "faces" : [ {
      "vertices" : [ 0, 1, 2 ]
    }, {
      "vertices" : [ 0, 2, 3 ]
    }, {
      "vertices" : [ 0, 3, 2 ]
    }, {
      "vertices" : [ 0, 2, 1 ]
    } ]
  }, {
    "id" : "f4b050c6-73ba-4452-849f-2b0255ef003f",
    "vertices" : [ {
      "x" : 24.074766,
      "y" : 21.371323,
      "z" : 65.8702
    }, {
      "x" : 24.074766,
      "y" : 14.5172205,
      "z" : 65.8702
    }, {
      "x" : 23.92026,
      "y" : 15.2672205,
      "z" : 65.46569
    }, {
      "x" : 23.92026,
      "y" : 20.621323,
      "z" : 65.46569
    } ],
    "faces" : [ {
      "vertices" : [ 0, 1, 2 ]
    }, {
      "vertices" : [ 0, 2, 3 ]
    }, {
      "vertices" : [ 0, 3, 2 ]
    }, {
      "vertices" : [ 0, 2, 1 ]
    } ]
  }, {
    "id" : "b6aebc5a-17d6-40f0-8e88-a45d4cbbe450",
    "vertices" : [ {
      "x" : -44.70232,
      "y" : -2.118034,
      "z" : -53.69462
    }, {
      "x" : -44.70232,
      "y" : -2.118034,
      "z" : -56.312653
    }, {
      "x" : -40.848217,
      "y" : -2.118034,
      "z" : -56.312653
    }, {
      "x" : -40.848217,
      "y" : -2.118034,
      "z" : -53.69462
    } ],
    "faces" : [ {
      "vertices" : [ 0, 1, 2 ]
    }, {
      "vertices" : [ 0, 2, 3 ]
    }, {
      "vertices" : [ 0, 3, 2 ]
    }, {
      "vertices" : [ 0, 2, 1 ]
    } ]
  }, {
    "id" : "749131d4-2f70-413e-9f2a-f10b4b175722",
    "vertices" : [ {
      "x" : 67.43545,
      "y" : 7.354102,
      "z" : 42.26281
    }, {
      "x" : 64.00839,
      "y" : 8.663119,
      "z" : 44.380844
    }, {
      "x" : 64.00839,
      "y" : 8.972136,
      "z" : 44.80789
    }, {
      "x" : 67.93545,
      "y" : 7.472136,
      "z" : 42.380844
    } ],
    "faces" : [ {
      "vertices" : [ 0, 1, 2 ]
    }, {
      "vertices" : [ 0, 2, 3 ]
    }, {
      "vertices" : [ 0, 3, 2 ]
    }, {
      "vertices" : [ 0, 2, 1 ]
    } ]
  }, {
    "id" : "6bfa4ad5-d545-46ce-a15e-46352d4ca8bc",
    "vertices" : [ {
      "x" : -23.285913,
      "y" : 2.118034,
      "z" : -56.312653
    }, {
      "x" : -27.140015,
      "y" : 2.118034,
      "z" : -56.312653
    }, {
      "x" : -27.140015,
      "y" : 2.118034,
      "z" : -53.69462
    }, {
      "x" : -23.285913,
      "y" : 2.118034,
      "z" : -53.69462
    } ],
    "faces" : [ {
      "vertices" : [ 0, 1, 2 ]
    }, {
      "vertices" : [ 0, 2, 3 ]
    }, {
      "vertices" : [ 0, 3, 2 ]
    }, {
      "vertices" : [ 0, 2, 1 ]
    } ]
  }, {
    "id" : "f9556df8-a6b4-4dee-8a43-aaa4d60fd305",
    "vertices" : [ {
      "x" : 16.411648,
      "y" : 15.826238,
      "z" : 56.898064
    }, {
      "x" : 15.661648,
      "y" : 15.421729,
      "z" : 57.05257
    }, {
      "x" : 10.307547,
      "y" : 15.421729,
      "z" : 57.05257
    }, {
      "x" : 9.557547,
      "y" : 15.826238,
      "z" : 56.898064
    } ],
    "faces" : [ {
      "vertices" : [ 0, 1, 2 ]
    }, {
      "vertices" : [ 0, 2, 3 ]
    }, {
      "vertices" : [ 0, 3, 2 ]
    }, {
      "vertices" : [ 0, 2, 1 ]
    } ]
  }, {
    "id" : "d865c748-b1a0-4249-b115-475f37682ac2",
    "vertices" : [ {
      "x" : 44.137074,
      "y" : -34.579525,
      "z" : 54.28003
    }, {
      "x" : 44.137074,
      "y" : -38.006577,
      "z" : 56.398064
    }, {
      "x" : 42.01904,
      "y" : -37.19756,
      "z" : 57.70708
    }, {
      "x" : 42.01904,
      "y" : -33.77051,
      "z" : 55.589046
    } ],
    "faces" : [ {
      "vertices" : [ 0, 1, 2 ]
    }, {
      "vertices" : [ 0, 2, 3 ]
    }, {
      "vertices" : [ 0, 3, 2 ]
    }, {
      "vertices" : [ 0, 2, 1 ]
    } ]
  }, {
    "id" : "24a116b1-870c-4ced-9add-704c075a436c",
    "vertices" : [ {
      "x" : 11.67558,
      "y" : -7.236068,
      "z" : 65.8702
    }, {
      "x" : 14.293614,
      "y" : -7.236068,
      "z" : 65.8702
    }, {
      "x" : 14.484597,
      "y" : -6.854102,
      "z" : 65.56118
    }, {
      "x" : 11.484597,
      "y" : -6.854102,
      "z" : 65.56118
    } ],
    "faces" : [ {
      "vertices" : [ 0, 1, 2 ]
    }, {
      "vertices" : [ 0, 2, 3 ]
    }, {
      "vertices" : [ 0, 3, 2 ]
    }, {
      "vertices" : [ 0, 2, 1 ]
    } ]
  }, {
    "id" : "9820fb54-6e9a-44ec-933b-896dd1422792",
    "vertices" : [ {
      "x" : 30.92887,
      "y" : -32.461494,
      "z" : 47.925926
    }, {
      "x" : 30.92887,
      "y" : -25.607391,
      "z" : 47.925926
    }, {
      "x" : 31.083378,
      "y" : -26.357391,
      "z" : 47.52142
    }, {
      "x" : 31.083378,
      "y" : -31.711493,
      "z" : 47.52142
    } ],
    "faces" : [ {
      "vertices" : [ 0, 1, 2 ]
    }, {
      "vertices" : [ 0, 2, 3 ]
    }, {
      "vertices" : [ 0, 3, 2 ]
    }, {
      "vertices" : [ 0, 2, 1 ]
    } ]
  }, {
    "id" : "c9509ed2-49b1-4d95-8a44-10273d841c7c",
    "vertices" : [ {
      "x" : 24.074766,
      "y" : -14.5172205,
      "z" : 70.10627
    }, {
      "x" : 21.956734,
      "y" : -17.944271,
      "z" : 75.65135
    }, {
      "x" : 22.26575,
      "y" : -17.944271,
      "z" : 74.84234
    }, {
      "x" : 23.92026,
      "y" : -15.2672205,
      "z" : 70.51077
    } ],
    "faces" : [ {
      "vertices" : [ 0, 1, 2 ]
    }, {
      "vertices" : [ 0, 2, 3 ]
    }, {
      "vertices" : [ 0, 3, 2 ]
    }, {
      "vertices" : [ 0, 2, 1 ]
    } ]
  }, {
    "id" : "7279ebf0-6283-4a9f-a2bf-4a18bb12dd67",
    "vertices" : [ {
      "x" : 9.67558,
      "y" : 25.416409,
      "z" : 60.634132
    }, {
      "x" : 10.866563,
      "y" : 23.489357,
      "z" : 63.752167
    }, {
      "x" : 8.748529,
      "y" : 20.062305,
      "z" : 62.44315
    }, {
      "x" : 7.557546,
      "y" : 21.989357,
      "z" : 59.325115
    } ],
    "faces" : [ {
      "vertices" : [ 0, 1, 2 ]
    }, {
      "vertices" : [ 0, 2, 3 ]
    }, {
      "vertices" : [ 0, 3, 2 ]
    }, {
      "vertices" : [ 0, 2, 1 ]
    } ]
  }, {
    "id" : "ab5e331b-b8da-49be-b3c7-56fb13f26bd2",
    "vertices" : [ {
      "x" : 16.411648,
      "y" : -15.826238,
      "z" : 56.898064
    }, {
      "x" : 19.8387,
      "y" : -14.5172205,
      "z" : 59.016098
    }, {
      "x" : 19.647717,
      "y" : -15.208204,
      "z" : 58.898064
    }, {
      "x" : 16.911648,
      "y" : -16.253288,
      "z" : 57.20708
    } ],
    "faces" : [ {
      "vertices" : [ 0, 1, 2 ]
    }, {
      "vertices" : [ 0, 2, 3 ]
    }, {
      "vertices" : [ 0, 3, 2 ]
    }, {
      "vertices" : [ 0, 2, 1 ]
    } ]
  }, {
    "id" : "95758fb9-db41-4a16-8340-32658aaf445b",
    "vertices" : [ {
      "x" : 23.26575,
      "y" : 15.826238,
      "z" : 70.60627
    }, {
      "x" : 21.956734,
      "y" : 17.944271,
      "z" : 74.03332
    }, {
      "x" : 22.26575,
      "y" : 17.944271,
      "z" : 74.84234
    }, {
      "x" : 23.92026,
      "y" : 15.2672205,
      "z" : 70.51077
    } ],
    "faces" : [ {
      "vertices" : [ 0, 1, 2 ]
    }, {
      "vertices" : [ 0, 2, 3 ]
    }, {
      "vertices" : [ 0, 3, 2 ]
    }, {
      "vertices" : [ 0, 2, 1 ]
    } ]
  }, {
    "id" : "e7f5adcf-6a3c-4a37-822e-ae021e071d31",
    "vertices" : [ {
      "x" : -39.42117,
      "y" : -4.045085,
      "z" : -46.34052
    }, {
      "x" : -38.230186,
      "y" : -2.118034,
      "z" : -49.45855
    }, {
      "x" : -36.112152,
      "y" : -5.545085,
      "z" : -50.767567
    }, {
      "x" : -37.303135,
      "y" : -7.472136,
      "z" : -47.649532
    } ],
    "faces" : [ {
      "vertices" : [ 0, 1, 2 ]
    }, {
      "vertices" : [ 0, 2, 3 ]
    }, {
      "vertices" : [ 0, 3, 2 ]
    }, {
      "vertices" : [ 0, 2, 1 ]
    } ]
  }, {
    "id" : "22f9303a-b1e7-478c-942c-b474dd62fa73",
    "vertices" : [ {
      "x" : 3.0124612,
      "y" : -14.635255,
      "z" : 71.224304
    }, {
      "x" : 4.3214784,
      "y" : -12.5172205,
      "z" : 72.03332
    }, {
      "x" : 4.012461,
      "y" : -12.09017,
      "z" : 72.03332
    }, {
      "x" : 2.5124612,
      "y" : -14.5172205,
      "z" : 71.10627
    } ],
    "faces" : [ {
      "vertices" : [ 0, 1, 2 ]
    }, {
      "vertices" : [ 0, 2, 3 ]
    }, {
      "vertices" : [ 0, 3, 2 ]
    }, {
      "vertices" : [ 0, 2, 1 ]
    } ]
  }, {
    "id" : "5acd0f34-c724-4f77-80f0-fa5f4c179532",
    "vertices" : [ {
      "x" : 5.630495,
      "y" : -21.253288,
      "z" : 60.516098
    }, {
      "x" : 8.748529,
      "y" : -20.062305,
      "z" : 62.44315
    }, {
      "x" : 7.4395123,
      "y" : -17.944271,
      "z" : 63.252167
    }, {
      "x" : 4.3214784,
      "y" : -19.135256,
      "z" : 61.325115
    } ],
    "faces" : [ {
      "vertices" : [ 0, 1, 2 ]
    }, {
      "vertices" : [ 0, 2, 3 ]
    }, {
      "vertices" : [ 0, 3, 2 ]
    }, {
      "vertices" : [ 0, 2, 1 ]
    } ]
  }, {
    "id" : "9078d1a6-329a-4c21-9b4a-7549dac3dc93",
    "vertices" : [ {
      "x" : 56.53626,
      "y" : 2.118034,
      "z" : 50.04396
    }, {
      "x" : 53.109207,
      "y" : 3.427051,
      "z" : 47.925926
    }, {
      "x" : 53.300194,
      "y" : 2.736068,
      "z" : 48.04396
    }, {
      "x" : 56.03626,
      "y" : 1.690983,
      "z" : 49.734943
    } ],
    "faces" : [ {
      "vertices" : [ 0, 1, 2 ]
    }, {
      "vertices" : [ 0, 2, 3 ]
    }, {
      "vertices" : [ 0, 3, 2 ]
    }, {
      "vertices" : [ 0, 2, 1 ]
    } ]
  }, {
    "id" : "560024f7-38d5-415d-8259-b701dc461888",
    "vertices" : [ {
      "x" : 56.53626,
      "y" : -8.972136,
      "z" : 45.80789
    }, {
      "x" : 55.881752,
      "y" : -8.413119,
      "z" : 45.712402
    }, {
      "x" : 51.550194,
      "y" : -6.7586102,
      "z" : 43.03535
    }, {
      "x" : 50.991177,
      "y" : -6.854102,
      "z" : 42.380844
    } ],
    "faces" : [ {
      "vertices" : [ 0, 1, 2 ]
    }, {
      "vertices" : [ 0, 2, 3 ]
    }, {
      "vertices" : [ 0, 3, 2 ]
    }, {
      "vertices" : [ 0, 2, 1 ]
    } ]
  }, {
    "id" : "dd4d2bf8-35c7-4686-a926-43cac53059aa",
    "vertices" : [ {
      "x" : 8.748529,
      "y" : 15.826238,
      "z" : 73.53332
    }, {
      "x" : 7.557546,
      "y" : 13.899187,
      "z" : 76.65135
    }, {
      "x" : 9.67558,
      "y" : 10.472136,
      "z" : 75.34234
    }, {
      "x" : 10.866563,
      "y" : 12.399187,
      "z" : 72.224304
    } ],
    "faces" : [ {
      "vertices" : [ 0, 1, 2 ]
    }, {
      "vertices" : [ 0, 2, 3 ]
    }, {
      "vertices" : [ 0, 3, 2 ]
    }, {
      "vertices" : [ 0, 2, 1 ]
    } ]
  }, {
    "id" : "5ecd0b22-5bbe-4f64-8e3b-fa51e0f811eb",
    "vertices" : [ {
      "x" : 12.984597,
      "y" : 13.208204,
      "z" : 62.44315
    }, {
      "x" : 12.984597,
      "y" : 9.781153,
      "z" : 60.325115
    }, {
      "x" : 15.102632,
      "y" : 8.972136,
      "z" : 61.634132
    }, {
      "x" : 15.102632,
      "y" : 12.399187,
      "z" : 63.752167
    } ],
    "faces" : [ {
      "vertices" : [ 0, 1, 2 ]
    }, {
      "vertices" : [ 0, 2, 3 ]
    }, {
      "vertices" : [ 0, 3, 2 ]
    }, {
      "vertices" : [ 0, 2, 1 ]
    } ]
  }, {
    "id" : "45a8cb19-16b6-4829-8c02-5ee7024fe755",
    "vertices" : [ {
      "x" : -27.140015,
      "y" : -2.118034,
      "z" : -56.312653
    }, {
      "x" : -27.140015,
      "y" : -2.118034,
      "z" : -53.69462
    }, {
      "x" : -23.712963,
      "y" : -4.236068,
      "z" : -53.69462
    }, {
      "x" : -23.712963,
      "y" : -4.236068,
      "z" : -56.312653
    } ],
    "faces" : [ {
      "vertices" : [ 0, 1, 2 ]
    }, {
      "vertices" : [ 0, 2, 3 ]
    }, {
      "vertices" : [ 0, 3, 2 ]
    }, {
      "vertices" : [ 0, 2, 1 ]
    } ]
  }, {
    "id" : "1148237a-8dea-4d2e-8a36-71ebe2c27a4f",
    "vertices" : [ {
      "x" : 10.366563,
      "y" : -28.225426,
      "z" : 70.10627
    }, {
      "x" : 6.9395123,
      "y" : -26.916409,
      "z" : 67.988235
    }, {
      "x" : 8.248529,
      "y" : -23.489357,
      "z" : 67.988235
    }, {
      "x" : 11.67558,
      "y" : -24.798374,
      "z" : 70.10627
    } ],
    "faces" : [ {
      "vertices" : [ 0, 1, 2 ]
    }, {
      "vertices" : [ 0, 2, 3 ]
    }, {
      "vertices" : [ 0, 3, 2 ]
    }, {
      "vertices" : [ 0, 2, 1 ]
    } ]
  }, {
    "id" : "519533c4-3e85-4159-8aa6-87bfdcbd74a9",
    "vertices" : [ {
      "x" : 50.991177,
      "y" : -6.354102,
      "z" : 36.83576
    }, {
      "x" : 54.418224,
      "y" : -4.236068,
      "z" : 36.83576
    }, {
      "x" : 53.109207,
      "y" : -2.118034,
      "z" : 37.644775
    }, {
      "x" : 49.68216,
      "y" : -4.236068,
      "z" : 37.644775
    } ],
    "faces" : [ {
      "vertices" : [ 0, 1, 2 ]
    }, {
      "vertices" : [ 0, 2, 3 ]
    }, {
      "vertices" : [ 0, 3, 2 ]
    }, {
      "vertices" : [ 0, 2, 1 ]
    } ]
  }, {
    "id" : "cb20d897-2b37-4dd9-b0bd-99b4ce93f025",
    "vertices" : [ {
      "x" : 37.78297,
      "y" : -36.69756,
      "z" : 56.398064
    }, {
      "x" : 34.35592,
      "y" : -35.388542,
      "z" : 54.28003
    }, {
      "x" : 33.60592,
      "y" : -35.793053,
      "z" : 54.125523
    }, {
      "x" : 37.93748,
      "y" : -37.44756,
      "z" : 56.80257
    } ],
    "faces" : [ {
      "vertices" : [ 0, 1, 2 ]
    }, {
      "vertices" : [ 0, 2, 3 ]
    }, {
      "vertices" : [ 0, 3, 2 ]
    }, {
      "vertices" : [ 0, 2, 1 ]
    } ]
  }, {
    "id" : "0cfb3fb4-1beb-4bd0-bee8-4b2c2f12b0d7",
    "vertices" : [ {
      "x" : 69.93545,
      "y" : -3.309017,
      "z" : 42.189857
    }, {
      "x" : 68.62643,
      "y" : -5.427051,
      "z" : 42.998875
    }, {
      "x" : 68.93545,
      "y" : -5.854102,
      "z" : 42.998875
    }, {
      "x" : 70.43545,
      "y" : -3.427051,
      "z" : 42.071827
    } ],
    "faces" : [ {
      "vertices" : [ 0, 1, 2 ]
    }, {
      "vertices" : [ 0, 2, 3 ]
    }, {
      "vertices" : [ 0, 3, 2 ]
    }, {
      "vertices" : [ 0, 2, 1 ]
    } ]
  }, {
    "id" : "855d9364-6db3-479e-8352-75674ac16daa",
    "vertices" : [ {
      "x" : 44.637074,
      "y" : -39.315594,
      "z" : 52.161995
    }, {
      "x" : 48.064125,
      "y" : -38.006577,
      "z" : 50.04396
    }, {
      "x" : 48.873142,
      "y" : -38.315594,
      "z" : 50.04396
    }, {
      "x" : 44.54158,
      "y" : -39.970104,
      "z" : 52.721012
    } ],
    "faces" : [ {
      "vertices" : [ 0, 1, 2 ]
    }, {
      "vertices" : [ 0, 2, 3 ]
    }, {
      "vertices" : [ 0, 3, 2 ]
    }, {
      "vertices" : [ 0, 2, 1 ]
    } ]
  }, {
    "id" : "6f28df1f-f02c-4593-add6-9bb08c8bb3a8",
    "vertices" : [ {
      "x" : 8.939512,
      "y" : 8.972136,
      "z" : 62.134132
    }, {
      "x" : 9.557547,
      "y" : 8.972136,
      "z" : 61.134132
    }, {
      "x" : 10.866563,
      "y" : 6.854102,
      "z" : 64.56118
    }, {
      "x" : 9.866563,
      "y" : 7.472136,
      "z" : 64.56118
    } ],
    "faces" : [ {
      "vertices" : [ 0, 1, 2 ]
    }, {
      "vertices" : [ 0, 2, 3 ]
    }, {
      "vertices" : [ 0, 3, 2 ]
    }, {
      "vertices" : [ 0, 2, 1 ]
    } ]
  }, {
    "id" : "6daae1e8-6197-43d4-8be0-26e88346583d",
    "vertices" : [ {
      "x" : 45.44609,
      "y" : -20.062305,
      "z" : 43.189857
    }, {
      "x" : 44.755108,
      "y" : -19.944271,
      "z" : 43.380844
    }, {
      "x" : 43.710022,
      "y" : -18.253288,
      "z" : 46.11691
    }, {
      "x" : 44.137074,
      "y" : -17.944271,
      "z" : 46.61691
    } ],
    "faces" : [ {
      "vertices" : [ 0, 1, 2 ]
    }, {
      "vertices" : [ 0, 2, 3 ]
    }, {
      "vertices" : [ 0, 3, 2 ]
    }, {
      "vertices" : [ 0, 2, 1 ]
    } ]
  }, {
    "id" : "a17d31f4-a6dd-4b8e-95a4-00a821626e37",
    "vertices" : [ {
      "x" : -29.758049,
      "y" : 2.118034,
      "z" : -60.54872
    }, {
      "x" : -31.876083,
      "y" : 5.545085,
      "z" : -59.239704
    }, {
      "x" : -29.758049,
      "y" : 7.663119,
      "z" : -61.35774
    }, {
      "x" : -27.640015,
      "y" : 4.236068,
      "z" : -62.666756
    } ],
    "faces" : [ {
      "vertices" : [ 0, 1, 2 ]
    }, {
      "vertices" : [ 0, 2, 3 ]
    }, {
      "vertices" : [ 0, 3, 2 ]
    }, {
      "vertices" : [ 0, 2, 1 ]
    } ]
  }, {
    "id" : "678280ec-98c3-4f2b-9539-22ae00361d69",
    "vertices" : [ {
      "x" : 8.6103325,
      "y" : 16.635256,
      "z" : 57.483475
    }, {
      "x" : 9.557547,
      "y" : 15.826238,
      "z" : 56.898064
    }, {
      "x" : 6.130495,
      "y" : 14.5172205,
      "z" : 59.016098
    }, {
      "x" : 6.4922986,
      "y" : 15.826238,
      "z" : 58.792492
    } ],
    "faces" : [ {
      "vertices" : [ 0, 1, 2 ]
    }, {
      "vertices" : [ 0, 2, 3 ]
    }, {
      "vertices" : [ 0, 3, 2 ]
    }, {
      "vertices" : [ 0, 2, 1 ]
    } ]
  }, {
    "id" : "27e075d1-f59e-4bfe-9a32-9756dbbb8ae8",
    "vertices" : [ {
      "x" : 7.4395123,
      "y" : 13.708204,
      "z" : 70.10627
    }, {
      "x" : 5.3214784,
      "y" : 11.59017,
      "z" : 72.224304
    }, {
      "x" : 8.748529,
      "y" : 10.281153,
      "z" : 74.34234
    }, {
      "x" : 10.866563,
      "y" : 12.399187,
      "z" : 72.224304
    } ],
    "faces" : [ {
      "vertices" : [ 0, 1, 2 ]
    }, {
      "vertices" : [ 0, 2, 3 ]
    }, {
      "vertices" : [ 0, 3, 2 ]
    }, {
      "vertices" : [ 0, 2, 1 ]
    } ]
  }, {
    "id" : "2209fd17-5dc0-419a-a7e7-0b76ea441adf",
    "vertices" : [ {
      "x" : 15.102632,
      "y" : 26.916409,
      "z" : 61.634132
    }, {
      "x" : 12.984597,
      "y" : 26.107391,
      "z" : 60.325115
    }, {
      "x" : 12.984597,
      "y" : 22.68034,
      "z" : 62.44315
    }, {
      "x" : 15.102632,
      "y" : 23.489357,
      "z" : 63.752167
    } ],
    "faces" : [ {
      "vertices" : [ 0, 1, 2 ]
    }, {
      "vertices" : [ 0, 2, 3 ]
    }, {
      "vertices" : [ 0, 3, 2 ]
    }, {
      "vertices" : [ 0, 2, 1 ]
    } ]
  }, {
    "id" : "204f4535-6834-47a9-a7c5-14fb629306e7",
    "vertices" : [ {
      "x" : 16.911648,
      "y" : -16.253288,
      "z" : 57.20708
    }, {
      "x" : 17.220665,
      "y" : -16.635256,
      "z" : 57.70708
    }, {
      "x" : 17.220665,
      "y" : -19.253288,
      "z" : 57.70708
    }, {
      "x" : 16.911648,
      "y" : -19.635256,
      "z" : 57.20708
    } ],
    "faces" : [ {
      "vertices" : [ 0, 1, 2 ]
    }, {
      "vertices" : [ 0, 2, 3 ]
    }, {
      "vertices" : [ 0, 3, 2 ]
    }, {
      "vertices" : [ 0, 2, 1 ]
    } ]
  }, {
    "id" : "90f07421-671d-43cf-8ca8-9275b9804b43",
    "vertices" : [ {
      "x" : 45.255108,
      "y" : -19.062305,
      "z" : 53.352978
    }, {
      "x" : 43.328056,
      "y" : -22.18034,
      "z" : 52.161995
    }, {
      "x" : 46.755108,
      "y" : -23.489357,
      "z" : 50.04396
    }, {
      "x" : 48.68216,
      "y" : -20.371323,
      "z" : 51.234943
    } ],
    "faces" : [ {
      "vertices" : [ 0, 1, 2 ]
    }, {
      "vertices" : [ 0, 2, 3 ]
    }, {
      "vertices" : [ 0, 3, 2 ]
    }, {
      "vertices" : [ 0, 2, 1 ]
    } ]
  }, {
    "id" : "5b1771b7-868d-4017-ba84-b5eeb5544703",
    "vertices" : [ {
      "x" : 11.293614,
      "y" : -7.163119,
      "z" : 64.06118
    }, {
      "x" : 14.67558,
      "y" : -7.163119,
      "z" : 64.06118
    }, {
      "x" : 14.293614,
      "y" : -7.663119,
      "z" : 63.752167
    }, {
      "x" : 11.67558,
      "y" : -7.663119,
      "z" : 63.752167
    } ],
    "faces" : [ {
      "vertices" : [ 0, 1, 2 ]
    }, {
      "vertices" : [ 0, 2, 3 ]
    }, {
      "vertices" : [ 0, 3, 2 ]
    }, {
      "vertices" : [ 0, 2, 1 ]
    } ]
  }, {
    "id" : "0778da57-4502-43d1-a71d-5ab6e7ba326c",
    "vertices" : [ {
      "x" : 34.5469,
      "y" : -25.607391,
      "z" : 58.016098
    }, {
      "x" : 33.0469,
      "y" : -28.034441,
      "z" : 57.089046
    }, {
      "x" : 33.0469,
      "y" : -29.034441,
      "z" : 57.70708
    }, {
      "x" : 35.164936,
      "y" : -25.607391,
      "z" : 59.016098
    } ],
    "faces" : [ {
      "vertices" : [ 0, 1, 2 ]
    }, {
      "vertices" : [ 0, 2, 3 ]
    }, {
      "vertices" : [ 0, 3, 2 ]
    }, {
      "vertices" : [ 0, 2, 1 ]
    } ]
  }, {
    "id" : "325a6db1-46d7-4a18-ab29-a83329eaa56a",
    "vertices" : [ {
      "x" : 71.05348,
      "y" : 3.427051,
      "z" : 41.071827
    }, {
      "x" : 71.05348,
      "y" : -3.427051,
      "z" : 41.071827
    }, {
      "x" : 71.05348,
      "y" : -2.427051,
      "z" : 40.453793
    }, {
      "x" : 71.05348,
      "y" : 2.427051,
      "z" : 40.453793
    } ],
    "faces" : [ {
      "vertices" : [ 0, 1, 2 ]
    }, {
      "vertices" : [ 0, 2, 3 ]
    }, {
      "vertices" : [ 0, 3, 2 ]
    }, {
      "vertices" : [ 0, 2, 1 ]
    } ]
  }, {
    "id" : "71202c5c-9baa-47b4-90cb-020082228c7d",
    "vertices" : [ {
      "x" : 38.591988,
      "y" : -26.916409,
      "z" : 38.953793
    }, {
      "x" : 42.01904,
      "y" : -21.371323,
      "z" : 41.071827
    }, {
      "x" : 42.01904,
      "y" : -22.18034,
      "z" : 40.76281
    }, {
      "x" : 39.341988,
      "y" : -26.5119,
      "z" : 39.1083
    } ],
    "faces" : [ {
      "vertices" : [ 0, 1, 2 ]
    }, {
      "vertices" : [ 0, 2, 3 ]
    }, {
      "vertices" : [ 0, 3, 2 ]
    }, {
      "vertices" : [ 0, 2, 1 ]
    } ]
  }, {
    "id" : "6f6d268c-97c9-4f3c-b4ce-06c18afb2cbc",
    "vertices" : [ {
      "x" : -31.876083,
      "y" : 1.309017,
      "z" : -61.85774
    }, {
      "x" : -29.758049,
      "y" : 1.309017,
      "z" : -65.28479
    }, {
      "x" : -29.758049,
      "y" : -1.309017,
      "z" : -65.28479
    }, {
      "x" : -31.876083,
      "y" : -1.309017,
      "z" : -61.85774
    } ],
    "faces" : [ {
      "vertices" : [ 0, 1, 2 ]
    }, {
      "vertices" : [ 0, 2, 3 ]
    }, {
      "vertices" : [ 0, 3, 2 ]
    }, {
      "vertices" : [ 0, 2, 1 ]
    } ]
  }, {
    "id" : "e330fd09-97d1-44ef-993d-46a55f7bef7e",
    "vertices" : [ {
      "x" : 42.01904,
      "y" : -37.19756,
      "z" : 42.380844
    }, {
      "x" : 42.01904,
      "y" : -37.079525,
      "z" : 41.689857
    }, {
      "x" : 44.755108,
      "y" : -38.12461,
      "z" : 43.380844
    }, {
      "x" : 44.137074,
      "y" : -38.006577,
      "z" : 43.689857
    } ],
    "faces" : [ {
      "vertices" : [ 0, 1, 2 ]
    }, {
      "vertices" : [ 0, 2, 3 ]
    }, {
      "vertices" : [ 0, 3, 2 ]
    }, {
      "vertices" : [ 0, 2, 1 ]
    } ]
  }, {
    "id" : "2d616fc6-ea44-4076-a927-0dc933d6b1db",
    "vertices" : [ {
      "x" : 67.43545,
      "y" : -7.354102,
      "z" : 42.26281
    }, {
      "x" : 67.93545,
      "y" : -7.472136,
      "z" : 42.380844
    }, {
      "x" : 64.00839,
      "y" : -8.972136,
      "z" : 44.80789
    }, {
      "x" : 64.00839,
      "y" : -8.663119,
      "z" : 44.380844
    } ],
    "faces" : [ {
      "vertices" : [ 0, 1, 2 ]
    }, {
      "vertices" : [ 0, 2, 3 ]
    }, {
      "vertices" : [ 0, 3, 2 ]
    }, {
      "vertices" : [ 0, 2, 1 ]
    } ]
  }, {
    "id" : "105a8761-3a43-491c-8f4f-cf8f9d6ea563",
    "vertices" : [ {
      "x" : 56.53626,
      "y" : -2.118034,
      "z" : 27.86362
    }, {
      "x" : 59.96331,
      "y" : -7.663119,
      "z" : 29.981655
    }, {
      "x" : 58.96331,
      "y" : -7.045085,
      "z" : 29.981655
    }, {
      "x" : 56.53626,
      "y" : -3.118034,
      "z" : 28.481655
    } ],
    "faces" : [ {
      "vertices" : [ 0, 1, 2 ]
    }, {
      "vertices" : [ 0, 2, 3 ]
    }, {
      "vertices" : [ 0, 3, 2 ]
    }, {
      "vertices" : [ 0, 2, 1 ]
    } ]
  }, {
    "id" : "eedf15e8-d5da-44c7-96f4-8a4914780662",
    "vertices" : [ {
      "x" : -37.42117,
      "y" : 3.118034,
      "z" : -44.5315
    }, {
      "x" : -34.994118,
      "y" : 7.045085,
      "z" : -46.0315
    }, {
      "x" : -33.994118,
      "y" : 7.663119,
      "z" : -46.0315
    }, {
      "x" : -37.42117,
      "y" : 2.118034,
      "z" : -43.913467
    } ],
    "faces" : [ {
      "vertices" : [ 0, 1, 2 ]
    }, {
      "vertices" : [ 0, 2, 3 ]
    }, {
      "vertices" : [ 0, 3, 2 ]
    }, {
      "vertices" : [ 0, 2, 1 ]
    } ]
  }, {
    "id" : "92b311e6-9a2a-4d1e-8186-6453e71448a0",
    "vertices" : [ {
      "x" : -22.903946,
      "y" : -2.427051,
      "z" : -53.503635
    }, {
      "x" : -22.903946,
      "y" : -3.427051,
      "z" : -52.8856
    }, {
      "x" : -22.903946,
      "y" : 3.427051,
      "z" : -52.8856
    }, {
      "x" : -22.903946,
      "y" : 2.427051,
      "z" : -53.503635
    } ],
    "faces" : [ {
      "vertices" : [ 0, 1, 2 ]
    }, {
      "vertices" : [ 0, 2, 3 ]
    }, {
      "vertices" : [ 0, 3, 2 ]
    }, {
      "vertices" : [ 0, 2, 1 ]
    } ]
  }, {
    "id" : "b1d78604-9056-46d1-b17c-5b043e8d2126",
    "vertices" : [ {
      "x" : 10.866563,
      "y" : -16.635256,
      "z" : 61.134132
    }, {
      "x" : 9.67558,
      "y" : -14.708204,
      "z" : 58.016098
    }, {
      "x" : 7.557546,
      "y" : -13.899187,
      "z" : 59.325115
    }, {
      "x" : 8.748529,
      "y" : -15.826238,
      "z" : 62.44315
    } ],
    "faces" : [ {
      "vertices" : [ 0, 1, 2 ]
    }, {
      "vertices" : [ 0, 2, 3 ]
    }, {
      "vertices" : [ 0, 3, 2 ]
    }, {
      "vertices" : [ 0, 2, 1 ]
    } ]
  }, {
    "id" : "1d109233-68c0-4326-9296-a0b78850871b",
    "vertices" : [ {
      "x" : 7.557546,
      "y" : -21.989357,
      "z" : 59.325115
    }, {
      "x" : 9.67558,
      "y" : -25.416409,
      "z" : 60.634132
    }, {
      "x" : 9.557547,
      "y" : -25.916409,
      "z" : 60.516098
    }, {
      "x" : 7.130495,
      "y" : -21.989357,
      "z" : 59.016098
    } ],
    "faces" : [ {
      "vertices" : [ 0, 1, 2 ]
    }, {
      "vertices" : [ 0, 2, 3 ]
    }, {
      "vertices" : [ 0, 3, 2 ]
    }, {
      "vertices" : [ 0, 2, 1 ]
    } ]
  }, {
    "id" : "e04ad811-eb01-4b84-98e1-ff5a48167977",
    "vertices" : [ {
      "x" : 8.939512,
      "y" : 26.607391,
      "z" : 62.561184
    }, {
      "x" : 8.939512,
      "y" : 26.916409,
      "z" : 62.134132
    }, {
      "x" : 5.012461,
      "y" : 25.416409,
      "z" : 64.56118
    }, {
      "x" : 5.512461,
      "y" : 25.298374,
      "z" : 64.679214
    } ],
    "faces" : [ {
      "vertices" : [ 0, 1, 2 ]
    }, {
      "vertices" : [ 0, 2, 3 ]
    }, {
      "vertices" : [ 0, 3, 2 ]
    }, {
      "vertices" : [ 0, 2, 1 ]
    } ]
  }, {
    "id" : "daca77a3-48a7-4b43-ae5f-c59e3f7085a9",
    "vertices" : [ {
      "x" : 22.956734,
      "y" : 14.635255,
      "z" : 64.75217
    }, {
      "x" : 23.456734,
      "y" : 14.5172205,
      "z" : 64.8702
    }, {
      "x" : 21.956734,
      "y" : 12.09017,
      "z" : 63.94315
    }, {
      "x" : 21.647717,
      "y" : 12.5172205,
      "z" : 63.94315
    } ],
    "faces" : [ {
      "vertices" : [ 0, 1, 2 ]
    }, {
      "vertices" : [ 0, 2, 3 ]
    }, {
      "vertices" : [ 0, 3, 2 ]
    }, {
      "vertices" : [ 0, 2, 1 ]
    } ]
  }, {
    "id" : "773a06a5-3241-4084-83d8-5fdb375ebe2e",
    "vertices" : [ {
      "x" : 17.720665,
      "y" : 23.489357,
      "z" : 67.988235
    }, {
      "x" : 18.529682,
      "y" : 22.18034,
      "z" : 70.10627
    }, {
      "x" : 20.456734,
      "y" : 25.298374,
      "z" : 71.29725
    }, {
      "x" : 19.647717,
      "y" : 26.607391,
      "z" : 69.179214
    } ],
    "faces" : [ {
      "vertices" : [ 0, 1, 2 ]
    }, {
      "vertices" : [ 0, 2, 3 ]
    }, {
      "vertices" : [ 0, 3, 2 ]
    }, {
      "vertices" : [ 0, 2, 1 ]
    } ]
  }, {
    "id" : "f3c4eba6-2dc7-4df2-b7ad-02c8f22cb3ab",
    "vertices" : [ {
      "x" : 5.630495,
      "y" : 14.635255,
      "z" : 60.516098
    }, {
      "x" : 5.512461,
      "y" : 14.5172205,
      "z" : 60.016098
    }, {
      "x" : 4.012461,
      "y" : 12.09017,
      "z" : 63.94315
    }, {
      "x" : 4.3214784,
      "y" : 12.5172205,
      "z" : 63.94315
    } ],
    "faces" : [ {
      "vertices" : [ 0, 1, 2 ]
    }, {
      "vertices" : [ 0, 2, 3 ]
    }, {
      "vertices" : [ 0, 3, 2 ]
    }, {
      "vertices" : [ 0, 2, 1 ]
    } ]
  }, {
    "id" : "80079fd5-c342-4564-8ada-5a02bd34cd49",
    "vertices" : [ {
      "x" : 8.248529,
      "y" : -12.399187,
      "z" : 67.988235
    }, {
      "x" : 6.9395123,
      "y" : -8.972136,
      "z" : 67.988235
    }, {
      "x" : 10.366563,
      "y" : -7.663119,
      "z" : 70.10627
    }, {
      "x" : 11.67558,
      "y" : -11.09017,
      "z" : 70.10627
    } ],
    "faces" : [ {
      "vertices" : [ 0, 1, 2 ]
    }, {
      "vertices" : [ 0, 2, 3 ]
    }, {
      "vertices" : [ 0, 3, 2 ]
    }, {
      "vertices" : [ 0, 2, 1 ]
    } ]
  }, {
    "id" : "ae261e4a-e3f8-45d4-a175-802eea080c2a",
    "vertices" : [ {
      "x" : -41.657234,
      "y" : 6.354102,
      "z" : -50.767567
    }, {
      "x" : -40.348217,
      "y" : 4.236068,
      "z" : -47.34052
    }, {
      "x" : -40.752728,
      "y" : 4.0815597,
      "z" : -46.59052
    }, {
      "x" : -42.407234,
      "y" : 6.7586102,
      "z" : -50.922077
    } ],
    "faces" : [ {
      "vertices" : [ 0, 1, 2 ]
    }, {
      "vertices" : [ 0, 2, 3 ]
    }, {
      "vertices" : [ 0, 3, 2 ]
    }, {
      "vertices" : [ 0, 2, 1 ]
    } ]
  }, {
    "id" : "b0f5da0d-38e0-409e-a551-ddf38294bb5d",
    "vertices" : [ {
      "x" : 40.710022,
      "y" : -22.18034,
      "z" : 52.161995
    }, {
      "x" : 37.28297,
      "y" : -23.489357,
      "z" : 50.04396
    }, {
      "x" : 35.973953,
      "y" : -20.062305,
      "z" : 50.04396
    }, {
      "x" : 39.401005,
      "y" : -18.753288,
      "z" : 52.161995
    } ],
    "faces" : [ {
      "vertices" : [ 0, 1, 2 ]
    }, {
      "vertices" : [ 0, 2, 3 ]
    }, {
      "vertices" : [ 0, 3, 2 ]
    }, {
      "vertices" : [ 0, 2, 1 ]
    } ]
  }, {
    "id" : "9f3a6e9e-624d-4ed0-b37b-f7519ea18392",
    "vertices" : [ {
      "x" : -27.640015,
      "y" : -2.118034,
      "z" : -46.0315
    }, {
      "x" : -27.330997,
      "y" : -2.736068,
      "z" : -45.913467
    }, {
      "x" : -30.067066,
      "y" : -1.690983,
      "z" : -44.222485
    }, {
      "x" : -29.758049,
      "y" : -1.309017,
      "z" : -44.722485
    } ],
    "faces" : [ {
      "vertices" : [ 0, 1, 2 ]
    }, {
      "vertices" : [ 0, 2, 3 ]
    }, {
      "vertices" : [ 0, 3, 2 ]
    }, {
      "vertices" : [ 0, 2, 1 ]
    } ]
  }, {
    "id" : "0e22a8a1-f1a7-4ed4-8653-d27252ee838d",
