{
  "field" : "golden",
  "symmetry" : "icosahedral",
  "orientations" : [ [ 1.0, 0.0, 0.0, 0.0, 0.0, 1.0, 0.0, 0.0, 0.0, 0.0, 1.0, 0.0, 0.0, 0.0, 0.0, 1.0 ], [ 0.0, 0.0, 1.0, 0.0, 1.0, 0.0, 0.0, 0.0, 0.0, 1.0, 0.0, 0.0, 0.0, 0.0, 0.0, 1.0 ], [ 0.0, 1.0, 0.0, 0.0, 0.0, 0.0, 1.0, 0.0, 1.0, 0.0, 0.0, 0.0, 0.0, 0.0, 0.0, 1.0 ], [ 0.809017, 0.309017, 0.5, 0.0, 0.309017, 0.5, -0.809017, 0.0, -0.5, 0.809017, 0.309017, 0.0, 0.0, 0.0, 0.0, 1.0 ], [ -0.5, 0.809017, 0.309017, 0.0, 0.809017, 0.309017, 0.5, 0.0, 0.309017, 0.5, -0.809017, 0.0, 0.0, 0.0, 0.0, 1.0 ], [ 0.309017, 0.5, -0.809017, 0.0, -0.5, 0.809017, 0.309017, 0.0, 0.809017, 0.309017, 0.5, 0.0, 0.0, 0.0, 0.0, 1.0 ], [ 0.5, 0.809017, 0.309017, 0.0, 0.809017, -0.309017, -0.5, 0.0, -0.309017, 0.5, -0.809017, 0.0, 0.0, 0.0, 0.0, 1.0 ], [ -0.309017, 0.5, -0.809017, 0.0, 0.5, 0.809017, 0.309017, 0.0, 0.809017, -0.309017, -0.5, 0.0, 0.0, 0.0, 0.0, 1.0 ], [ 0.809017, -0.309017, -0.5, 0.0, -0.309017, 0.5, -0.809017, 0.0, 0.5, 0.809017, 0.309017, 0.0, 0.0, 0.0, 0.0, 1.0 ], [ 0.5, 0.809017, -0.309017, 0.0, 0.809017, -0.309017, 0.5, 0.0, 0.309017, -0.5, -0.809017, 0.0, 0.0, 0.0, 0.0, 1.0 ], [ 0.309017, -0.5, -0.809017, 0.0, 0.5, 0.809017, -0.309017, 0.0, 0.809017, -0.309017, 0.5, 0.0, 0.0, 0.0, 0.0, 1.0 ], [ 0.809017, -0.309017, 0.5, 0.0, 0.309017, -0.5, -0.809017, 0.0, 0.5, 0.809017, -0.309017, 0.0, 0.0, 0.0, 0.0, 1.0 ], [ 0.809017, 0.309017, -0.5, 0.0, 0.309017, 0.5, 0.809017, 0.0, 0.5, -0.809017, 0.309017, 0.0, 0.0, 0.0, 0.0, 1.0 ], [ 0.5, -0.809017, 0.309017, 0.0, 0.809017, 0.309017, -0.5, 0.0, 0.309017, 0.5, 0.809017, 0.0, 0.0, 0.0, 0.0, 1.0 ], [ 0.309017, 0.5, 0.809017, 0.0, 0.5, -0.809017, 0.309017, 0.0, 0.809017, 0.309017, -0.5, 0.0, 0.0, 0.0, 0.0, 1.0 ], [ 1.0, 0.0, 0.0, 0.0, 0.0, -1.0, 0.0, 0.0, 0.0, 0.0, -1.0, 0.0, 0.0, 0.0, 0.0, 1.0 ], [ 0.0, 0.0, 1.0, 0.0, -1.0, 0.0, 0.0, 0.0, 0.0, -1.0, 0.0, 0.0, 0.0, 0.0, 0.0, 1.0 ], [ 0.0, 1.0, 0.0, 0.0, 0.0, 0.0, -1.0, 0.0, -1.0, 0.0, 0.0, 0.0, 0.0, 0.0, 0.0, 1.0 ], [ 0.809017, 0.309017, 0.5, 0.0, -0.309017, -0.5, 0.809017, 0.0, 0.5, -0.809017, -0.309017, 0.0, 0.0, 0.0, 0.0, 1.0 ], [ -0.5, 0.809017, 0.309017, 0.0, -0.809017, -0.309017, -0.5, 0.0, -0.309017, -0.5, 0.809017, 0.0, 0.0, 0.0, 0.0, 1.0 ], [ 0.309017, 0.5, -0.809017, 0.0, 0.5, -0.809017, -0.309017, 0.0, -0.809017, -0.309017, -0.5, 0.0, 0.0, 0.0, 0.0, 1.0 ], [ 0.5, 0.809017, 0.309017, 0.0, -0.809017, 0.309017, 0.5, 0.0, 0.309017, -0.5, 0.809017, 0.0, 0.0, 0.0, 0.0, 1.0 ], [ -0.309017, 0.5, -0.809017, 0.0, -0.5, -0.809017, -0.309017, 0.0, -0.809017, 0.309017, 0.5, 0.0, 0.0, 0.0, 0.0, 1.0 ], [ 0.809017, -0.309017, -0.5, 0.0, 0.309017, -0.5, 0.809017, 0.0, -0.5, -0.809017, -0.309017, 0.0, 0.0, 0.0, 0.0, 1.0 ], [ 0.5, 0.809017, -0.309017, 0.0, -0.809017, 0.309017, -0.5, 0.0, -0.309017, 0.5, 0.809017, 0.0, 0.0, 0.0, 0.0, 1.0 ], [ 0.309017, -0.5, -0.809017, 0.0, -0.5, -0.809017, 0.309017, 0.0, -0.809017, 0.309017, -0.5, 0.0, 0.0, 0.0, 0.0, 1.0 ], [ 0.809017, -0.309017, 0.5, 0.0, -0.309017, 0.5, 0.809017, 0.0, -0.5, -0.809017, 0.309017, 0.0, 0.0, 0.0, 0.0, 1.0 ], [ 0.809017, 0.309017, -0.5, 0.0, -0.309017, -0.5, -0.809017, 0.0, -0.5, 0.809017, -0.309017, 0.0, 0.0, 0.0, 0.0, 1.0 ], [ 0.5, -0.809017, 0.309017, 0.0, -0.809017, -0.309017, 0.5, 0.0, -0.309017, -0.5, -0.809017, 0.0, 0.0, 0.0, 0.0, 1.0 ], [ 0.309017, 0.5, 0.809017, 0.0, -0.5, 0.809017, -0.309017, 0.0, -0.809017, -0.309017, 0.5, 0.0, 0.0, 0.0, 0.0, 1.0 ], [ -1.0, 0.0, 0.0, 0.0, 0.0, -1.0, 0.0, 0.0, 0.0, 0.0, 1.0, 0.0, 0.0, 0.0, 0.0, 1.0 ], [ 0.0, 0.0, -1.0, 0.0, -1.0, 0.0, 0.0, 0.0, 0.0, 1.0, 0.0, 0.0, 0.0, 0.0, 0.0, 1.0 ], [ 0.0, -1.0, 0.0, 0.0, 0.0, 0.0, -1.0, 0.0, 1.0, 0.0, 0.0, 0.0, 0.0, 0.0, 0.0, 1.0 ], [ -0.809017, -0.309017, -0.5, 0.0, -0.309017, -0.5, 0.809017, 0.0, -0.5, 0.809017, 0.309017, 0.0, 0.0, 0.0, 0.0, 1.0 ], [ 0.5, -0.809017, -0.309017, 0.0, -0.809017, -0.309017, -0.5, 0.0, 0.309017, 0.5, -0.809017, 0.0, 0.0, 0.0, 0.0, 1.0 ], [ -0.309017, -0.5, 0.809017, 0.0, 0.5, -0.809017, -0.309017, 0.0, 0.809017, 0.309017, 0.5, 0.0, 0.0, 0.0, 0.0, 1.0 ], [ -0.5, -0.809017, -0.309017, 0.0, -0.809017, 0.309017, 0.5, 0.0, -0.309017, 0.5, -0.809017, 0.0, 0.0, 0.0, 0.0, 1.0 ], [ 0.309017, -0.5, 0.809017, 0.0, -0.5, -0.809017, -0.309017, 0.0, 0.809017, -0.309017, -0.5, 0.0, 0.0, 0.0, 0.0, 1.0 ], [ -0.809017, 0.309017, 0.5, 0.0, 0.309017, -0.5, 0.809017, 0.0, 0.5, 0.809017, 0.309017, 0.0, 0.0, 0.0, 0.0, 1.0 ], [ -0.5, -0.809017, 0.309017, 0.0, -0.809017, 0.309017, -0.5, 0.0, 0.309017, -0.5, -0.809017, 0.0, 0.0, 0.0, 0.0, 1.0 ], [ -0.309017, 0.5, 0.809017, 0.0, -0.5, -0.809017, 0.309017, 0.0, 0.809017, -0.309017, 0.5, 0.0, 0.0, 0.0, 0.0, 1.0 ], [ -0.809017, 0.309017, -0.5, 0.0, -0.309017, 0.5, 0.809017, 0.0, 0.5, 0.809017, -0.309017, 0.0, 0.0, 0.0, 0.0, 1.0 ], [ -0.809017, -0.309017, 0.5, 0.0, -0.309017, -0.5, -0.809017, 0.0, 0.5, -0.809017, 0.309017, 0.0, 0.0, 0.0, 0.0, 1.0 ], [ -0.5, 0.809017, -0.309017, 0.0, -0.809017, -0.309017, 0.5, 0.0, 0.309017, 0.5, 0.809017, 0.0, 0.0, 0.0, 0.0, 1.0 ], [ -0.309017, -0.5, -0.809017, 0.0, -0.5, 0.809017, -0.309017, 0.0, 0.809017, 0.309017, -0.5, 0.0, 0.0, 0.0, 0.0, 1.0 ], [ -1.0, 0.0, 0.0, 0.0, 0.0, 1.0, 0.0, 0.0, 0.0, 0.0, -1.0, 0.0, 0.0, 0.0, 0.0, 1.0 ], [ 0.0, 0.0, -1.0, 0.0, 1.0, 0.0, 0.0, 0.0, 0.0, -1.0, 0.0, 0.0, 0.0, 0.0, 0.0, 1.0 ], [ 0.0, -1.0, 0.0, 0.0, 0.0, 0.0, 1.0, 0.0, -1.0, 0.0, 0.0, 0.0, 0.0, 0.0, 0.0, 1.0 ], [ -0.809017, -0.309017, -0.5, 0.0, 0.309017, 0.5, -0.809017, 0.0, 0.5, -0.809017, -0.309017, 0.0, 0.0, 0.0, 0.0, 1.0 ], [ 0.5, -0.809017, -0.309017, 0.0, 0.809017, 0.309017, 0.5, 0.0, -0.309017, -0.5, 0.809017, 0.0, 0.0, 0.0, 0.0, 1.0 ], [ -0.309017, -0.5, 0.809017, 0.0, -0.5, 0.809017, 0.309017, 0.0, -0.809017, -0.309017, -0.5, 0.0, 0.0, 0.0, 0.0, 1.0 ], [ -0.5, -0.809017, -0.309017, 0.0, 0.809017, -0.309017, -0.5, 0.0, 0.309017, -0.5, 0.809017, 0.0, 0.0, 0.0, 0.0, 1.0 ], [ 0.309017, -0.5, 0.809017, 0.0, 0.5, 0.809017, 0.309017, 0.0, -0.809017, 0.309017, 0.5, 0.0, 0.0, 0.0, 0.0, 1.0 ], [ -0.809017, 0.309017, 0.5, 0.0, -0.309017, 0.5, -0.809017, 0.0, -0.5, -0.809017, -0.309017, 0.0, 0.0, 0.0, 0.0, 1.0 ], [ -0.5, -0.809017, 0.309017, 0.0, 0.809017, -0.309017, 0.5, 0.0, -0.309017, 0.5, 0.809017, 0.0, 0.0, 0.0, 0.0, 1.0 ], [ -0.309017, 0.5, 0.809017, 0.0, 0.5, 0.809017, -0.309017, 0.0, -0.809017, 0.309017, -0.5, 0.0, 0.0, 0.0, 0.0, 1.0 ], [ -0.809017, 0.309017, -0.5, 0.0, 0.309017, -0.5, -0.809017, 0.0, -0.5, -0.809017, 0.309017, 0.0, 0.0, 0.0, 0.0, 1.0 ], [ -0.809017, -0.309017, 0.5, 0.0, 0.309017, 0.5, 0.809017, 0.0, -0.5, 0.809017, -0.309017, 0.0, 0.0, 0.0, 0.0, 1.0 ], [ -0.5, 0.809017, -0.309017, 0.0, 0.809017, 0.309017, -0.5, 0.0, -0.309017, -0.5, -0.809017, 0.0, 0.0, 0.0, 0.0, 1.0 ], [ -0.309017, -0.5, -0.809017, 0.0, 0.5, -0.809017, 0.309017, 0.0, -0.809017, -0.309017, 0.5, 0.0, 0.0, 0.0, 0.0, 1.0 ] ],
  "lights" : {
    "directionalLights" : [ {
      "direction" : {
        "x" : 1.0,
        "y" : -1.0,
        "z" : -1.0
      },
      "color" : "#EBEBE4"
    }, {
      "direction" : {
        "x" : -1.0,
        "y" : 0.0,
        "z" : 0.0
      },
      "color" : "#E4E4EB"
    }, {
      "direction" : {
        "x" : 0.0,
        "y" : 0.0,
        "z" : -1.0
      },
      "color" : "#1E1E1E"
    } ],
    "ambientColor" : "#292929",
    "backgroundColor" : "#AFC8DC"
  },
  "camera" : {
    "position" : {
      "x" : 58.93516,
      "y" : -44.1966,
      "z" : 268.4248
    },
    "width" : 125.257515,
    "farClipDistance" : 556.6999,
    "nearClipDistance" : 0.6958751,
    "perspective" : true,
    "lookAtPoint" : {
      "x" : 0.0,
      "y" : 0.0,
      "z" : 0.0
    },
    "fieldOfView" : 0.44262883,
    "viewDistance" : 278.35007,
    "lookDirection" : {
      "x" : -0.21173036,
      "y" : 0.15878063,
      "z" : -0.9643425
    },
    "stereo" : false,
    "upDirection" : {
      "x" : -0.25252268,
      "y" : 0.94431937,
      "z" : 0.2109285
    }
  },
  "embedding" : [ 1.0, 0.0, 0.0, 0.0, 0.0, 1.0, 0.0, 0.0, 0.0, 0.0, 1.0, 0.0, 0.0, 0.0, 0.0, 1.0 ],
  "shapes" : [ {
    "id" : "4af945c0-6805-4737-a4eb-3e044c289993",
    "vertices" : [ {
      "x" : 11.7446785,
      "y" : 7.9495935,
      "z" : 0.809017
    }, {
      "x" : 11.435661,
      "y" : 7.4495935,
      "z" : 1.0
    }, {
      "x" : 12.053696,
      "y" : 7.4495935,
      "z" : 1.0
    } ],
    "faces" : [ {
      "vertices" : [ 0, 1, 2 ]
    }, {
      "vertices" : [ 0, 2, 1 ]
    } ]
  }, {
    "id" : "27170fca-d865-4734-a4ff-8fc30b92eb7e",
    "vertices" : [ {
      "x" : -3.6293051,
      "y" : -0.690983,
      "z" : -16.153492
    }, {
      "x" : -3.9383223,
      "y" : -0.809017,
      "z" : -16.344475
    }, {
      "x" : -4.2473392,
      "y" : -0.309017,
      "z" : -16.153492
    }, {
      "x" : -3.9383223,
      "y" : -0.19098301,
      "z" : -15.962509
    } ],
    "faces" : [ {
      "vertices" : [ 0, 1, 2 ]
    }, {
      "vertices" : [ 0, 2, 3 ]
    }, {
      "vertices" : [ 0, 3, 2 ]
    }, {
      "vertices" : [ 0, 2, 1 ]
    } ]
  }, {
    "id" : "454a871c-cd97-4995-9f6c-f1625523614c",
    "vertices" : [ {
      "x" : 5.526848,
      "y" : 5.651848,
      "z" : 21.18034
    }, {
      "x" : 5.7178307,
      "y" : 5.3428307,
      "z" : 20.68034
    }, {
      "x" : 5.526848,
      "y" : 5.033814,
      "z" : 21.18034
    } ],
    "faces" : [ {
      "vertices" : [ 0, 1, 2 ]
    }, {
      "vertices" : [ 0, 2, 1 ]
    } ]
  }, {
    "id" : "7f31b516-1523-4978-8989-6de9a04e554c",
    "vertices" : [ {
      "x" : -5.526848,
      "y" : -5.651848,
      "z" : -21.562305
    }, {
      "x" : -5.526848,
      "y" : -5.033814,
      "z" : -21.562305
    }, {
      "x" : -5.7178307,
      "y" : -5.3428307,
      "z" : -22.062305
    } ],
    "faces" : [ {
      "vertices" : [ 0, 1, 2 ]
    }, {
      "vertices" : [ 0, 2, 1 ]
    } ]
  }, {
    "id" : "d940fe5b-1fa5-4c33-974e-f9bdcc4cfeac",
    "vertices" : [ {
      "x" : 2.9383223,
      "y" : 0.809017,
      "z" : 5.8723392
    }, {
      "x" : 3.4383223,
      "y" : 1.0,
      "z" : 5.563322
    }, {
      "x" : 3.3202882,
      "y" : 0.809017,
      "z" : 5.2543054
    }, {
      "x" : 2.8202882,
      "y" : 0.618034,
      "z" : 5.563322
    } ],
    "faces" : [ {
      "vertices" : [ 0, 1, 2 ]
    }, {
      "vertices" : [ 0, 2, 3 ]
    }, {
      "vertices" : [ 0, 3, 2 ]
    }, {
      "vertices" : [ 0, 2, 1 ]
    } ]
  }, {
    "id" : "865c47d9-60e1-4097-92ae-5b6a82c5edae",
    "vertices" : [ {
      "x" : 9.019881,
      "y" : 19.657797,
      "z" : 9.990374
    }, {
      "x" : 9.210865,
      "y" : 19.34878,
      "z" : 10.108407
    }, {
      "x" : 9.519881,
      "y" : 19.466814,
      "z" : 10.29939
    }, {
      "x" : 9.519881,
      "y" : 19.84878,
      "z" : 10.29939
    }, {
      "x" : 9.210865,
      "y" : 19.966814,
      "z" : 10.108407
    } ],
    "faces" : [ {
      "vertices" : [ 0, 1, 2 ]
    }, {
      "vertices" : [ 0, 2, 3 ]
    }, {
      "vertices" : [ 0, 3, 4 ]
    }, {
      "vertices" : [ 0, 4, 3 ]
    }, {
      "vertices" : [ 0, 3, 2 ]
    }, {
      "vertices" : [ 0, 2, 1 ]
    } ]
  }, {
    "id" : "5f9e7d7f-5615-44f4-bb63-13c61f17631b",
    "vertices" : [ {
      "x" : 12.362713,
      "y" : 6.9495935,
      "z" : -0.809017
    }, {
      "x" : 12.053696,
      "y" : 6.4495935,
      "z" : -0.618034
    }, {
      "x" : 11.7446785,
      "y" : 6.5676274,
      "z" : -0.809017
    }, {
      "x" : 12.053696,
      "y" : 7.0676274,
      "z" : -1.0
    } ],
    "faces" : [ {
      "vertices" : [ 0, 1, 2 ]
    }, {
      "vertices" : [ 0, 2, 3 ]
    }, {
      "vertices" : [ 0, 3, 2 ]
    }, {
      "vertices" : [ 0, 2, 1 ]
    } ]
  }, {
    "id" : "b7c3ffe6-935e-4ff2-8153-75283b48e972",
    "vertices" : [ {
      "x" : -7.0676274,
      "y" : -1.0,
      "z" : -12.053696
    }, {
      "x" : -7.4495935,
      "y" : -1.0,
      "z" : -12.053696
    }, {
      "x" : -7.4495935,
      "y" : -1.0,
      "z" : -11.435661
    }, {
      "x" : -7.0676274,
      "y" : -1.0,
      "z" : -11.435661
    } ],
    "faces" : [ {
      "vertices" : [ 0, 1, 2 ]
    }, {
      "vertices" : [ 0, 2, 3 ]
    }, {
      "vertices" : [ 0, 3, 2 ]
    }, {
      "vertices" : [ 0, 2, 1 ]
    } ]
  }, {
    "id" : "bca72373-dea4-4b19-b8e5-681461659b3a",
    "vertices" : [ {
      "x" : -12.053696,
      "y" : -6.4495935,
      "z" : -0.618034
    }, {
      "x" : -11.7446785,
      "y" : -6.5676274,
      "z" : -0.809017
    }, {
      "x" : -11.435661,
      "y" : -6.4495935,
      "z" : -0.618034
    }, {
      "x" : -11.553696,
      "y" : -6.2586102,
      "z" : -0.309017
    }, {
      "x" : -11.935661,
      "y" : -6.2586102,
      "z" : -0.309017
    } ],
    "faces" : [ {
      "vertices" : [ 0, 1, 2 ]
    }, {
      "vertices" : [ 0, 2, 3 ]
    }, {
      "vertices" : [ 0, 3, 4 ]
    }, {
      "vertices" : [ 0, 4, 3 ]
    }, {
      "vertices" : [ 0, 3, 2 ]
    }, {
      "vertices" : [ 0, 2, 1 ]
    } ]
  }, {
    "id" : "80a54a9b-2021-4292-9ba1-8cff2084f912",
    "vertices" : [ {
      "x" : -4.6293054,
      "y" : -0.309017,
      "z" : -6.063322
    }, {
      "x" : -4.438322,
      "y" : -0.618034,
      "z" : -6.1813564
    }, {
      "x" : -4.2473392,
      "y" : -0.309017,
      "z" : -6.6813564
    }, {
      "x" : -4.438322,
      "y" : 0.0,
      "z" : -6.563322
    } ],
    "faces" : [ {
      "vertices" : [ 0, 1, 2 ]
    }, {
      "vertices" : [ 0, 2, 3 ]
    }, {
      "vertices" : [ 0, 3, 2 ]
    }, {
      "vertices" : [ 0, 2, 1 ]
    } ]
  }, {
    "id" : "b0afb3e4-27a3-4171-95cb-49ad1d76c952",
    "vertices" : [ {
      "x" : 0.309017,
      "y" : 12.553696,
      "z" : 6.6405764
    }, {
      "x" : 0.19098301,
      "y" : 12.7446785,
      "z" : 6.9495935
    }, {
      "x" : 0.690983,
      "y" : 12.553696,
      "z" : 7.2586102
    }, {
      "x" : 0.809017,
      "y" : 12.362713,
      "z" : 6.9495935
    } ],
    "faces" : [ {
      "vertices" : [ 0, 1, 2 ]
    }, {
      "vertices" : [ 0, 2, 3 ]
    }, {
      "vertices" : [ 0, 3, 2 ]
    }, {
      "vertices" : [ 0, 2, 1 ]
    } ]
  }, {
    "id" : "cb73cf1c-581e-49af-b325-70569073817b",
    "vertices" : [ {
      "x" : -3.0997968,
      "y" : -18.433,
      "z" : -11.59017
    }, {
      "x" : -2.7907798,
      "y" : -18.551035,
      "z" : -11.781153
    }, {
      "x" : -2.9088137,
      "y" : -18.742018,
      "z" : -12.09017
    }, {
      "x" : -3.2907798,
      "y" : -18.742018,
      "z" : -12.09017
    }, {
      "x" : -3.4088137,
      "y" : -18.551035,
      "z" : -11.781153
    } ],
    "faces" : [ {
      "vertices" : [ 0, 1, 2 ]
    }, {
      "vertices" : [ 0, 2, 3 ]
    }, {
      "vertices" : [ 0, 3, 4 ]
    }, {
      "vertices" : [ 0, 4, 3 ]
    }, {
      "vertices" : [ 0, 3, 2 ]
    }, {
      "vertices" : [ 0, 2, 1 ]
    } ]
  }, {
    "id" : "489fbd55-d049-4a54-9a5c-878e81289715",
    "vertices" : [ {
      "x" : 3.9088137,
      "y" : 18.360052,
      "z" : 12.708204
    }, {
      "x" : 3.7907798,
      "y" : 18.551035,
      "z" : 12.399187
    }, {
      "x" : 3.2907798,
      "y" : 18.742018,
      "z" : 12.708204
    }, {
      "x" : 3.4088137,
      "y" : 18.551035,
      "z" : 13.0172205
    } ],
    "faces" : [ {
      "vertices" : [ 0, 1, 2 ]
    }, {
      "vertices" : [ 0, 2, 3 ]
    }, {
      "vertices" : [ 0, 3, 2 ]
    }, {
      "vertices" : [ 0, 2, 1 ]
    } ]
  }, {
    "id" : "560d09b7-e5d6-4cfd-87e7-4284cf4e9685",
    "vertices" : [ {
      "x" : 3.4383223,
      "y" : -1.0,
      "z" : 17.271526
    }, {
      "x" : 2.9383223,
      "y" : -0.809017,
      "z" : 16.96251
    }, {
      "x" : 3.4383223,
      "y" : -1.0,
      "z" : 16.653492
    } ],
    "faces" : [ {
      "vertices" : [ 0, 1, 2 ]
    }, {
      "vertices" : [ 0, 2, 1 ]
    } ]
  }, {
    "id" : "23386561-f285-4e5e-88dc-c8254e168922",
    "vertices" : [ {
      "x" : -10.733407,
      "y" : -15.612713,
      "z" : -3.4088137
    }, {
      "x" : -10.92439,
      "y" : -15.921729,
      "z" : -3.9088137
    }, {
      "x" : -10.733407,
      "y" : -16.230747,
      "z" : -3.7907798
    }, {
      "x" : -10.542424,
      "y" : -15.921729,
      "z" : -3.2907798
    } ],
    "faces" : [ {
      "vertices" : [ 0, 1, 2 ]
    }, {
      "vertices" : [ 0, 2, 3 ]
    }, {
      "vertices" : [ 0, 3, 2 ]
    }, {
      "vertices" : [ 0, 2, 1 ]
    } ]
  }, {
    "id" : "4fef2f7b-ead5-41bc-91ca-20d781eb6998",
    "vertices" : [ {
      "x" : -11.7446785,
      "y" : -7.9495935,
      "z" : -0.809017
    }, {
      "x" : -11.435661,
      "y" : -7.4495935,
      "z" : -1.0
    }, {
      "x" : -12.053696,
      "y" : -7.4495935,
      "z" : -1.0
    } ],
    "faces" : [ {
      "vertices" : [ 0, 1, 2 ]
    }, {
      "vertices" : [ 0, 2, 1 ]
    } ]
  }, {
    "id" : "0fa6a2c2-93cc-4847-8d11-528a0a44dfa8",
    "vertices" : [ {
      "x" : -11.851441,
      "y" : -15.421729,
      "z" : -3.7178307
    }, {
      "x" : -12.160459,
      "y" : -15.921729,
      "z" : -3.9088137
    }, {
      "x" : -11.851441,
      "y" : -16.039762,
      "z" : -4.099797
    }, {
      "x" : -11.542424,
      "y" : -15.539763,
      "z" : -3.9088137
    } ],
    "faces" : [ {
      "vertices" : [ 0, 1, 2 ]
    }, {
      "vertices" : [ 0, 2, 3 ]
    }, {
      "vertices" : [ 0, 3, 2 ]
    }, {
      "vertices" : [ 0, 2, 1 ]
    } ]
  }, {
    "id" : "dfc8380b-c586-44fb-8261-b0fbeca744da",
    "vertices" : [ {
      "x" : -19.062305,
      "y" : -3.4088137,
      "z" : -5.151848
    }, {
      "x" : -19.253288,
      "y" : -3.7178307,
      "z" : -5.033814
    }, {
      "x" : -19.444271,
      "y" : -3.4088137,
      "z" : -4.533814
    }, {
      "x" : -19.253288,
      "y" : -3.0997968,
      "z" : -4.651848
    } ],
    "faces" : [ {
      "vertices" : [ 0, 1, 2 ]
    }, {
      "vertices" : [ 0, 2, 3 ]
    }, {
      "vertices" : [ 0, 3, 2 ]
    }, {
      "vertices" : [ 0, 2, 1 ]
    } ]
  }, {
    "id" : "25ab5bff-0ea6-4305-a328-8cd713d836a0",
    "vertices" : [ {
      "x" : -3.2907798,
      "y" : -16.742018,
      "z" : -12.708204
    }, {
      "x" : -3.2907798,
      "y" : -16.742018,
      "z" : -12.09017
    }, {
      "x" : -3.7907798,
      "y" : -16.933,
      "z" : -12.399187
    } ],
    "faces" : [ {
      "vertices" : [ 0, 1, 2 ]
    }, {
      "vertices" : [ 0, 2, 1 ]
    } ]
  }, {
    "id" : "fd0a05c3-d7b7-4c1b-a03a-e5135f8d8507",
    "vertices" : [ {
      "x" : 13.208204,
      "y" : 2.4817626,
      "z" : 18.051035
    }, {
      "x" : 13.09017,
      "y" : 2.2907798,
      "z" : 17.742018
    }, {
      "x" : 13.208204,
      "y" : 2.4817626,
      "z" : 17.433
    }, {
      "x" : 13.399187,
      "y" : 2.7907798,
      "z" : 17.551035
    }, {
      "x" : 13.399187,
      "y" : 2.7907798,
      "z" : 17.933
    } ],
    "faces" : [ {
      "vertices" : [ 0, 1, 2 ]
    }, {
      "vertices" : [ 0, 2, 3 ]
    }, {
      "vertices" : [ 0, 3, 4 ]
    }, {
      "vertices" : [ 0, 4, 3 ]
    }, {
      "vertices" : [ 0, 3, 2 ]
    }, {
      "vertices" : [ 0, 2, 1 ]
    } ]
  }, {
    "id" : "1b9b2103-6ee7-43fd-9bda-c65a9b396a6d",
    "vertices" : [ {
      "x" : -12.160459,
      "y" : -15.921729,
      "z" : -2.2907798
    }, {
      "x" : -11.851441,
      "y" : -16.039762,
      "z" : -2.0997968
    }, {
      "x" : -11.851441,
      "y" : -16.42173,
      "z" : -2.0997968
    }, {
      "x" : -12.160459,
      "y" : -16.539762,
      "z" : -2.2907798
    }, {
      "x" : -12.351441,
      "y" : -16.230747,
      "z" : -2.4088137
    } ],
    "faces" : [ {
      "vertices" : [ 0, 1, 2 ]
    }, {
      "vertices" : [ 0, 2, 3 ]
    }, {
      "vertices" : [ 0, 3, 4 ]
    }, {
      "vertices" : [ 0, 4, 3 ]
    }, {
      "vertices" : [ 0, 3, 2 ]
    }, {
      "vertices" : [ 0, 2, 1 ]
    } ]
  }, {
    "id" : "cbeee06c-ce0b-4b1b-8947-de9eabaf273e",
    "vertices" : [ {
      "x" : -9.637916,
      "y" : -18.657797,
      "z" : -9.608407
    }, {
      "x" : -9.137916,
      "y" : -18.84878,
      "z" : -9.29939
    }, {
      "x" : -9.637916,
      "y" : -18.657797,
      "z" : -8.990374
    } ],
    "faces" : [ {
      "vertices" : [ 0, 1, 2 ]
    }, {
      "vertices" : [ 0, 2, 1 ]
    } ]
  }, {
    "id" : "bd2dd7d5-7685-4be3-8a13-04ac9291aebe",
    "vertices" : [ {
      "x" : 12.226441,
      "y" : 4.2473392,
      "z" : 0.309017
    }, {
      "x" : 12.108407,
      "y" : 4.438322,
      "z" : 0.0
    }, {
      "x" : 11.608407,
      "y" : 4.6293054,
      "z" : 0.309017
    }, {
      "x" : 11.726441,
      "y" : 4.438322,
      "z" : 0.618034
    } ],
    "faces" : [ {
      "vertices" : [ 0, 1, 2 ]
    }, {
      "vertices" : [ 0, 2, 3 ]
    }, {
      "vertices" : [ 0, 3, 2 ]
    }, {
      "vertices" : [ 0, 2, 1 ]
    } ]
  }, {
    "id" : "351a9b46-4297-4f53-bbd8-84693fd48126",
    "vertices" : [ {
      "x" : 20.371323,
      "y" : 3.2907798,
      "z" : 6.3428307
    }, {
      "x" : 19.753288,
      "y" : 3.2907798,
      "z" : 6.3428307
    }, {
      "x" : 19.753288,
      "y" : 2.9088137,
      "z" : 6.3428307
    }, {
      "x" : 20.371323,
      "y" : 2.9088137,
      "z" : 6.3428307
    } ],
    "faces" : [ {
      "vertices" : [ 0, 1, 2 ]
    }, {
      "vertices" : [ 0, 2, 3 ]
    }, {
      "vertices" : [ 0, 3, 2 ]
    }, {
      "vertices" : [ 0, 2, 1 ]
    } ]
  }, {
    "id" : "6e64c4ef-3c8c-41e5-8402-7779436cd368",
    "vertices" : [ {
      "x" : -3.3202882,
      "y" : 0.809017,
      "z" : -6.490373
    }, {
      "x" : -3.0112712,
      "y" : 0.309017,
      "z" : -6.6813564
    }, {
      "x" : -2.8202882,
      "y" : 0.618034,
      "z" : -6.1813564
    } ],
    "faces" : [ {
      "vertices" : [ 0, 1, 2 ]
    }, {
      "vertices" : [ 0, 2, 1 ]
    } ]
  }, {
    "id" : "a701b4d6-6843-4b31-8cb8-3b5fc6ee9e01",
    "vertices" : [ {
      "x" : -11.7446785,
      "y" : -7.9495935,
      "z" : 0.809017
    }, {
      "x" : -11.435661,
      "y" : -7.4495935,
      "z" : 1.0
    }, {
      "x" : -11.126644,
      "y" : -7.5676274,
      "z" : 0.809017
    }, {
      "x" : -11.435661,
      "y" : -8.067628,
      "z" : 0.618034
    } ],
    "faces" : [ {
      "vertices" : [ 0, 1, 2 ]
    }, {
      "vertices" : [ 0, 2, 3 ]
    }, {
      "vertices" : [ 0, 3, 2 ]
    }, {
      "vertices" : [ 0, 2, 1 ]
    } ]
  }, {
    "id" : "3b8f4b54-63ed-4d26-87f7-81c268a94a4c",
    "vertices" : [ {
      "x" : -3.6293051,
      "y" : -0.690983,
      "z" : -16.153492
    }, {
      "x" : -3.3202882,
      "y" : -0.809017,
      "z" : -16.344475
    }, {
      "x" : -3.4383223,
      "y" : -1.0,
      "z" : -16.653492
    }, {
      "x" : -3.8202882,
      "y" : -1.0,
      "z" : -16.653492
    }, {
      "x" : -3.9383223,
      "y" : -0.809017,
      "z" : -16.344475
    } ],
    "faces" : [ {
      "vertices" : [ 0, 1, 2 ]
    }, {
      "vertices" : [ 0, 2, 3 ]
    }, {
      "vertices" : [ 0, 3, 4 ]
    }, {
      "vertices" : [ 0, 4, 3 ]
    }, {
      "vertices" : [ 0, 3, 2 ]
    }, {
      "vertices" : [ 0, 2, 1 ]
    } ]
  }, {
    "id" : "cda5455d-b567-42d6-be39-d05ffbd777b4",
    "vertices" : [ {
      "x" : -12.071933,
      "y" : -15.00595,
      "z" : -17.135256
    }, {
      "x" : -11.762916,
      "y" : -14.50595,
      "z" : -16.944271
    }, {
      "x" : -11.453898,
      "y" : -14.623983,
      "z" : -17.135256
    }, {
      "x" : -11.762916,
      "y" : -15.123983,
      "z" : -17.326239
    } ],
    "faces" : [ {
      "vertices" : [ 0, 1, 2 ]
    }, {
      "vertices" : [ 0, 2, 3 ]
    }, {
      "vertices" : [ 0, 3, 2 ]
    }, {
      "vertices" : [ 0, 2, 1 ]
    } ]
  }, {
    "id" : "ab581cfa-2b58-4c25-960f-a9afc4764578",
    "vertices" : [ {
      "x" : 3.4088137,
      "y" : 18.551035,
      "z" : 11.781153
    }, {
      "x" : 3.9088137,
      "y" : 18.360052,
      "z" : 12.09017
    }, {
      "x" : 3.7178307,
      "y" : 18.051035,
      "z" : 11.59017
    } ],
    "faces" : [ {
      "vertices" : [ 0, 1, 2 ]
    }, {
      "vertices" : [ 0, 2, 1 ]
    } ]
  }, {
    "id" : "795458aa-8886-488f-8e4f-071188612c36",
    "vertices" : [ {
      "x" : -7.865373,
      "y" : 0.618034,
      "z" : -18.580544
    }, {
      "x" : -7.7473392,
      "y" : 0.809017,
      "z" : -18.271526
    }, {
      "x" : -7.865373,
      "y" : 0.618034,
      "z" : -17.96251
    }, {
      "x" : -8.056356,
      "y" : 0.309017,
      "z" : -18.080544
    }, {
      "x" : -8.056356,
      "y" : 0.309017,
      "z" : -18.46251
    } ],
    "faces" : [ {
      "vertices" : [ 0, 1, 2 ]
    }, {
      "vertices" : [ 0, 2, 3 ]
    }, {
      "vertices" : [ 0, 3, 4 ]
    }, {
      "vertices" : [ 0, 4, 3 ]
    }, {
      "vertices" : [ 0, 3, 2 ]
    }, {
      "vertices" : [ 0, 2, 1 ]
    } ]
  }, {
    "id" : "c4976ee6-fe5a-4bee-855f-4efed5b544bc",
    "vertices" : [ {
      "x" : -20.68034,
      "y" : -7.3358645,
      "z" : -5.3428307
    }, {
      "x" : -21.18034,
      "y" : -7.526848,
      "z" : -5.651848
    }, {
      "x" : -21.18034,
      "y" : -7.526848,
      "z" : -5.033814
    } ],
    "faces" : [ {
      "vertices" : [ 0, 1, 2 ]
    }, {
      "vertices" : [ 0, 2, 1 ]
    } ]
  }, {
    "id" : "d5f7cf28-16be-4e78-9fd2-762eee1e1d54",
    "vertices" : [ {
      "x" : -7.6743903,
      "y" : -0.309017,
      "z" : -19.080544
    }, {
      "x" : -7.365373,
      "y" : -0.809017,
      "z" : -18.88956
    }, {
      "x" : -7.0563564,
      "y" : -0.690983,
      "z" : -19.080544
    }, {
      "x" : -7.365373,
      "y" : -0.19098301,
      "z" : -19.271526
    } ],
    "faces" : [ {
      "vertices" : [ 0, 1, 2 ]
    }, {
      "vertices" : [ 0, 2, 3 ]
    }, {
      "vertices" : [ 0, 3, 2 ]
    }, {
      "vertices" : [ 0, 2, 1 ]
    } ]
  }, {
    "id" : "d9505b5f-9bf6-4512-85f6-f95f60ebe8ec",
    "vertices" : [ {
      "x" : 8.828898,
      "y" : 19.966814,
      "z" : 9.490374
    }, {
      "x" : 8.828898,
      "y" : 19.34878,
      "z" : 9.490374
    }, {
      "x" : 9.019881,
      "y" : 19.657797,
      "z" : 9.990374
    } ],
    "faces" : [ {
      "vertices" : [ 0, 1, 2 ]
    }, {
      "vertices" : [ 0, 2, 1 ]
    } ]
  }, {
    "id" : "b60460ec-d98f-45e4-bf69-96c48e9dcff0",
    "vertices" : [ {
      "x" : 5.526848,
      "y" : 5.651848,
      "z" : 21.562305
    }, {
      "x" : 5.526848,
      "y" : 5.033814,
      "z" : 21.562305
    }, {
      "x" : 5.7178307,
      "y" : 5.3428307,
      "z" : 22.062305
    } ],
    "faces" : [ {
      "vertices" : [ 0, 1, 2 ]
    }, {
      "vertices" : [ 0, 2, 1 ]
    } ]
  }, {
    "id" : "018f700f-322b-4fca-a660-1432c54269cf",
    "vertices" : [ {
      "x" : 3.4088137,
      "y" : 4.533814,
      "z" : 20.68034
    }, {
      "x" : 3.7178307,
      "y" : 5.033814,
      "z" : 20.871323
    }, {
      "x" : 3.4088137,
      "y" : 5.151848,
      "z" : 21.062305
    }, {
      "x" : 3.0997968,
      "y" : 4.651848,
      "z" : 20.871323
    } ],
    "faces" : [ {
      "vertices" : [ 0, 1, 2 ]
    }, {
      "vertices" : [ 0, 2, 3 ]
    }, {
      "vertices" : [ 0, 3, 2 ]
    }, {
      "vertices" : [ 0, 2, 1 ]
    } ]
  }, {
    "id" : "96629809-d504-4a4b-9fae-dc3ebad2cd12",
    "vertices" : [ {
      "x" : -16.944271,
      "y" : -12.38095,
      "z" : -14.50595
    }, {
      "x" : -16.944271,
      "y" : -12.38095,
      "z" : -14.123983
    }, {
      "x" : -16.944271,
      "y" : -11.762916,
      "z" : -14.123983
    }, {
      "x" : -16.944271,
      "y" : -11.762916,
      "z" : -14.50595
    } ],
    "faces" : [ {
      "vertices" : [ 0, 1, 2 ]
    }, {
      "vertices" : [ 0, 2, 3 ]
    }, {
      "vertices" : [ 0, 3, 2 ]
    }, {
      "vertices" : [ 0, 2, 1 ]
    } ]
  }, {
    "id" : "f071f817-28e4-4437-ac18-dada1d625d76",
    "vertices" : [ {
      "x" : 3.4383223,
      "y" : -1.0,
      "z" : 16.653492
    }, {
      "x" : 2.9383223,
      "y" : -0.809017,
      "z" : 16.96251
    }, {
      "x" : 2.8202882,
      "y" : -0.618034,
      "z" : 16.653492
    }, {
      "x" : 3.3202882,
      "y" : -0.809017,
      "z" : 16.344475
    } ],
    "faces" : [ {
      "vertices" : [ 0, 1, 2 ]
    }, {
      "vertices" : [ 0, 2, 3 ]
    }, {
      "vertices" : [ 0, 3, 2 ]
    }, {
      "vertices" : [ 0, 2, 1 ]
    } ]
  }, {
    "id" : "04096707-8c08-483b-97eb-50a212936878",
    "vertices" : [ {
      "x" : -0.73606795,
      "y" : 0.690983,
      "z" : 0.0
    }, {
      "x" : -0.42705098,
      "y" : 0.5,
      "z" : 0.0
    }, {
      "x" : -0.5,
      "y" : 0.38196602,
      "z" : 0.19098301
    }, {
      "x" : -0.809017,
      "y" : 0.572949,
      "z" : 0.19098301
    }, {
      "x" : 0.73606795,
      "y" : -0.690983,
      "z" : 0.0
    }, {
      "x" : 0.7254249,
      "y" : -0.7532889,
      "z" : 0.0
    }, {
      "x" : 0.8196601,
      "y" : -0.6008131,
      "z" : -0.24671109
    }, {
      "x" : 0.809017,
      "y" : -0.572949,
      "z" : -0.19098301
    }, {
      "x" : 0.572949,
      "y" : -0.19098301,
      "z" : -0.809017
    }, {
      "x" : 0.38196602,
      "y" : -0.19098301,
      "z" : -0.5
    }, {
      "x" : 0.5,
      "y" : 0.0,
      "z" : -0.42705098
    }, {
      "x" : 0.690983,
      "y" : 0.0,
      "z" : -0.73606795
    }, {
      "x" : 0.9655582,
      "y" : 0.19098301,
      "z" : -0.11803399
    }, {
      "x" : 0.618034,
      "y" : 0.19098301,
      "z" : -0.11803399
    }, {
      "x" : 0.618034,
      "y" : -0.19098301,
      "z" : -0.11803399
    }, {
      "x" : 0.9655582,
      "y" : -0.19098301,
      "z" : -0.11803399
    }, {
      "x" : -0.809017,
      "y" : 0.618034,
      "z" : -0.309017
    }, {
      "x" : -0.7586105,
      "y" : 0.6094235,
      "z" : -0.36803398
    }, {
      "x" : -0.6094235,
      "y" : 0.36803398,
      "z" : -0.7586105
    }, {
      "x" : -0.618034,
      "y" : 0.309017,
      "z" : -0.809017
    }, {
      "x" : -0.19098301,
      "y" : 0.809017,
      "z" : -0.572949
    }, {
      "x" : -0.24671109,
      "y" : 0.8196601,
      "z" : -0.6008131
    }, {
      "x" : -0.15247585,
      "y" : 0.97213596,
      "z" : -0.35410196
    }, {
      "x" : -0.11803399,
      "y" : 0.927051,
      "z" : -0.38196602
    }, {
      "x" : -0.11803399,
      "y" : -0.9655582,
      "z" : 0.19098301
    }, {
      "x" : 0.11803399,
      "y" : -0.9655582,
      "z" : 0.19098301
    }, {
      "x" : 0.13525492,
      "y" : -1.0,
      "z" : 0.21884705
    }, {
      "x" : -0.13525492,
      "y" : -1.0,
      "z" : 0.21884705
    }, {
      "x" : -0.690983,
      "y" : -0.572949,
      "z" : 0.38196602
    }, {
      "x" : -0.5,
      "y" : -0.38196602,
      "z" : 0.19098301
    }, {
      "x" : -0.38196602,
      "y" : -0.19098301,
      "z" : 0.5
    }, {
      "x" : -0.572949,
      "y" : -0.38196602,
      "z" : 0.690983
    }, {
      "x" : 0.9655582,
      "y" : 0.19098301,
      "z" : 0.11803399
    }, {
      "x" : 1.0,
      "y" : 0.21884705,
      "z" : -0.13525492
    }, {
      "x" : 1.0,
      "y" : 0.21884705,
      "z" : 0.13525492
    }, {
      "x" : -1.0,
      "y" : -0.309017,
      "z" : 0.19098301
    }, {
      "x" : -0.98606795,
      "y" : -0.24138954,
      "z" : 0.22745751
    }, {
      "x" : -0.98606795,
      "y" : 0.24138954,
      "z" : 0.22745751
    }, {
      "x" : -1.0,
      "y" : 0.309017,
      "z" : 0.19098301
    }, {
      "x" : -0.29837388,
      "y" : 0.29179606,
      "z" : 0.8991869
    }, {
      "x" : -0.48935688,
      "y" : 0.36474508,
      "z" : 0.78115296
    }, {
      "x" : -0.52786404,
      "y" : 0.36474508,
      "z" : 0.809017
    }, {
      "x" : -0.309017,
      "y" : 0.28115296,
      "z" : 0.9442719
    }, {
      "x" : -0.38196602,
      "y" : 0.690983,
      "z" : 0.572949
    }, {
      "x" : -0.19098301,
      "y" : 0.5,
      "z" : 0.38196602
    }, {
      "x" : -0.38196602,
      "y" : 0.19098301,
      "z" : 0.5
    }, {
      "x" : -0.572949,
      "y" : 0.38196602,
      "z" : 0.690983
    }, {
      "x" : -0.19098301,
      "y" : 0.5,
      "z" : -0.38196602
    }, {
      "x" : 0.0,
      "y" : 0.42705098,
      "z" : -0.5
    }, {
      "x" : 0.0,
      "y" : 0.73606795,
      "z" : -0.690983
    }, {
      "x" : -0.809017,
      "y" : 0.090169944,
      "z" : 0.6352549
    }, {
      "x" : -0.78115296,
      "y" : 0.10739087,
      "z" : 0.6008131
    }, {
      "x" : -0.8991869,
      "y" : 0.29837388,
      "z" : 0.29179606
    }, {
      "x" : -0.9442719,
      "y" : 0.309017,
      "z" : 0.28115296
    }, {
      "x" : 0.0,
      "y" : 0.54508495,
      "z" : 0.809017
    }, {
      "x" : 0.0,
      "y" : 0.42705098,
      "z" : 0.5
    }, {
      "x" : 0.19098301,
      "y" : 0.11803399,
      "z" : 0.618034
    }, {
      "x" : 0.19098301,
      "y" : 0.23606798,
      "z" : 0.927051
    }, {
      "x" : 0.19098301,
      "y" : -0.809017,
      "z" : 0.572949
    }, {
      "x" : 0.19098301,
      "y" : -0.5,
      "z" : 0.38196602
    }, {
      "x" : 0.11803399,
      "y" : -0.618034,
      "z" : 0.19098301
    }, {
      "x" : 0.11803399,
      "y" : -0.927051,
      "z" : 0.38196602
    }, {
      "x" : 0.6737621,
      "y" : 0.309017,
      "z" : 0.71884704
    }, {
      "x" : 0.66311896,
      "y" : 0.29837388,
      "z" : 0.6737621
    }, {
      "x" : 0.78115296,
      "y" : 0.48935688,
      "z" : 0.36474508
    }, {
      "x" : 0.809017,
      "y" : 0.52786404,
      "z" : 0.36474508
    }, {
      "x" : 0.6737621,
      "y" : -0.66311896,
      "z" : -0.29837388
    }, {
      "x" : 0.5,
      "y" : -0.38196602,
      "z" : -0.19098301
    }, {
      "x" : 0.19098301,
      "y" : -0.5,
      "z" : -0.38196602
    }, {
      "x" : 0.36474508,
      "y" : -0.78115296,
      "z" : -0.48935688
    }, {
      "x" : -0.19098301,
      "y" : 0.809017,
      "z" : 0.572949
    }, {
      "x" : -0.24671109,
      "y" : 0.8196601,
      "z" : 0.6008131
    }, {
      "x" : 0.0,
      "y" : 0.7254249,
      "z" : 0.7532889
    }, {
      "x" : 0.0,
      "y" : 0.73606795,
      "z" : 0.690983
    }, {
      "x" : 0.13525492,
      "y" : 1.0,
      "z" : 0.21884705
    }, {
      "x" : -0.13525492,
      "y" : 1.0,
      "z" : 0.21884705
    }, {
      "x" : -0.19098301,
      "y" : 1.0,
      "z" : 0.309017
    }, {
      "x" : 0.19098301,
      "y" : 1.0,
      "z" : 0.309017
    }, {
      "x" : 0.0,
      "y" : 0.690983,
      "z" : -0.809017
    }, {
      "x" : 0.090169944,
      "y" : 0.6352549,
      "z" : -0.809017
    }, {
      "x" : 0.309017,
      "y" : 0.28115296,
      "z" : -0.9442719
    }, {
      "x" : 0.309017,
      "y" : 0.19098301,
      "z" : -1.0
    }, {
      "x" : 1.0,
      "y" : 0.309017,
      "z" : 0.19098301
    }, {
      "x" : 0.9442719,
      "y" : 0.309017,
      "z" : 0.28115296
    }, {
      "x" : 0.809017,
      "y" : 0.090169944,
      "z" : 0.6352549
    }, {
      "x" : 0.809017,
      "y" : 0.0,
      "z" : 0.690983
    }, {
      "x" : -0.9655582,
      "y" : 0.19098301,
      "z" : -0.11803399
    }, {
      "x" : -0.9655582,
      "y" : 0.19098301,
      "z" : 0.11803399
    }, {
      "x" : -1.0,
      "y" : 0.21884705,
      "z" : 0.13525492
    }, {
      "x" : -1.0,
      "y" : 0.21884705,
      "z" : -0.13525492
    }, {
      "x" : -0.9655582,
      "y" : -0.19098301,
      "z" : 0.11803399
    }, {
      "x" : -1.0,
      "y" : -0.21884705,
      "z" : 0.13525492
    }, {
      "x" : 0.21884705,
      "y" : 0.13525492,
      "z" : -1.0
    }, {
      "x" : -0.21884705,
      "y" : 0.13525492,
      "z" : -1.0
    }, {
      "x" : -0.309017,
      "y" : 0.19098301,
      "z" : -1.0
    }, {
      "x" : 0.48935688,
      "y" : -0.36474508,
      "z" : -0.78115296
    }, {
      "x" : 0.29837388,
      "y" : -0.29179606,
      "z" : -0.8991869
    }, {
      "x" : 0.309017,
      "y" : -0.28115296,
      "z" : -0.9442719
    }, {
      "x" : 0.52786404,
      "y" : -0.36474508,
      "z" : -0.809017
    }, {
      "x" : 0.48935688,
      "y" : 0.36474508,
      "z" : 0.78115296
    }, {
      "x" : 0.29837388,
      "y" : 0.29179606,
      "z" : 0.8991869
    }, {
      "x" : 0.309017,
      "y" : 0.28115296,
      "z" : 0.9442719
    }, {
      "x" : 0.52786404,
      "y" : 0.36474508,
      "z" : 0.809017
    }, {
      "x" : -0.618034,
      "y" : 0.19098301,
      "z" : 0.11803399
    }, {
      "x" : -0.78115296,
      "y" : 0.48935688,
      "z" : 0.36474508
    }, {
      "x" : -0.6008131,
      "y" : 0.78115296,
      "z" : 0.10739087
    }, {
      "x" : -0.6737621,
      "y" : 0.66311896,
      "z" : 0.29837388
    }, {
      "x" : 0.809017,
      "y" : -0.618034,
      "z" : -0.309017
    }, {
      "x" : 0.71884704,
      "y" : -0.6737621,
      "z" : -0.309017
    }, {
      "x" : 0.36474508,
      "y" : -0.809017,
      "z" : -0.52786404
    }, {
      "x" : 0.309017,
      "y" : -0.809017,
      "z" : -0.618034
    }, {
      "x" : 0.38196602,
      "y" : 0.11803399,
      "z" : 0.927051
    }, {
      "x" : 0.38196602,
      "y" : 0.19098301,
      "z" : 0.5
    }, {
      "x" : 0.572949,
      "y" : 0.19098301,
      "z" : 0.809017
    }, {
      "x" : 0.0,
      "y" : -0.690983,
      "z" : 0.809017
    }, {
      "x" : 0.0,
      "y" : -0.618034,
      "z" : 0.83688104
    }, {
      "x" : -0.24138954,
      "y" : -0.22745751,
      "z" : 0.98606795
    }, {
      "x" : -0.309017,
      "y" : -0.19098301,
      "z" : 1.0
    }, {
      "x" : 0.19098301,
      "y" : 0.11803399,
      "z" : -0.9655582
    }, {
      "x" : 0.19098301,
      "y" : 0.11803399,
      "z" : -0.618034
    }, {
      "x" : -0.19098301,
      "y" : 0.11803399,
      "z" : -0.618034
    }, {
      "x" : -0.19098301,
      "y" : 0.11803399,
      "z" : -0.9655582
    }, {
      "x" : 0.572949,
      "y" : -0.19098301,
      "z" : 0.809017
    }, {
      "x" : 0.38196602,
      "y" : -0.19098301,
      "z" : 0.5
    }, {
      "x" : 0.19098301,
      "y" : -0.11803399,
      "z" : 0.618034
    }, {
      "x" : 0.38196602,
      "y" : -0.11803399,
      "z" : 0.927051
    }, {
      "x" : -0.927051,
      "y" : 0.19098301,
      "z" : 0.23606798
    }, {
      "x" : -0.809017,
      "y" : 0.0,
      "z" : 0.54508495
    }, {
      "x" : -0.83688104,
      "y" : 0.0,
      "z" : 0.618034
    }, {
      "x" : -1.0,
      "y" : -0.309017,
      "z" : -0.19098301
    }, {
      "x" : -0.98606795,
      "y" : -0.24138954,
      "z" : -0.22745751
    }, {
      "x" : -0.83688104,
      "y" : 0.0,
      "z" : -0.618034
    }, {
      "x" : -0.809017,
      "y" : 0.0,
      "z" : -0.690983
    }, {
      "x" : -0.71884704,
      "y" : 0.6737621,
      "z" : -0.309017
