{
  "field" : "golden",
  "symmetry" : "icosahedral",
  "orientations" : [ [ 1.0, 0.0, 0.0, 0.0, 0.0, 1.0, 0.0, 0.0, 0.0, 0.0, 1.0, 0.0, 0.0, 0.0, 0.0, 1.0 ], [ 0.0, 0.0, 1.0, 0.0, 1.0, 0.0, 0.0, 0.0, 0.0, 1.0, 0.0, 0.0, 0.0, 0.0, 0.0, 1.0 ], [ 0.0, 1.0, 0.0, 0.0, 0.0, 0.0, 1.0, 0.0, 1.0, 0.0, 0.0, 0.0, 0.0, 0.0, 0.0, 1.0 ], [ 0.809017, 0.309017, 0.5, 0.0, 0.309017, 0.5, -0.809017, 0.0, -0.5, 0.809017, 0.309017, 0.0, 0.0, 0.0, 0.0, 1.0 ], [ -0.5, 0.809017, 0.309017, 0.0, 0.809017, 0.309017, 0.5, 0.0, 0.309017, 0.5, -0.809017, 0.0, 0.0, 0.0, 0.0, 1.0 ], [ 0.309017, 0.5, -0.809017, 0.0, -0.5, 0.809017, 0.309017, 0.0, 0.809017, 0.309017, 0.5, 0.0, 0.0, 0.0, 0.0, 1.0 ], [ 0.5, 0.809017, 0.309017, 0.0, 0.809017, -0.309017, -0.5, 0.0, -0.309017, 0.5, -0.809017, 0.0, 0.0, 0.0, 0.0, 1.0 ], [ -0.309017, 0.5, -0.809017, 0.0, 0.5, 0.809017, 0.309017, 0.0, 0.809017, -0.309017, -0.5, 0.0, 0.0, 0.0, 0.0, 1.0 ], [ 0.809017, -0.309017, -0.5, 0.0, -0.309017, 0.5, -0.809017, 0.0, 0.5, 0.809017, 0.309017, 0.0, 0.0, 0.0, 0.0, 1.0 ], [ 0.5, 0.809017, -0.309017, 0.0, 0.809017, -0.309017, 0.5, 0.0, 0.309017, -0.5, -0.809017, 0.0, 0.0, 0.0, 0.0, 1.0 ], [ 0.309017, -0.5, -0.809017, 0.0, 0.5, 0.809017, -0.309017, 0.0, 0.809017, -0.309017, 0.5, 0.0, 0.0, 0.0, 0.0, 1.0 ], [ 0.809017, -0.309017, 0.5, 0.0, 0.309017, -0.5, -0.809017, 0.0, 0.5, 0.809017, -0.309017, 0.0, 0.0, 0.0, 0.0, 1.0 ], [ 0.809017, 0.309017, -0.5, 0.0, 0.309017, 0.5, 0.809017, 0.0, 0.5, -0.809017, 0.309017, 0.0, 0.0, 0.0, 0.0, 1.0 ], [ 0.5, -0.809017, 0.309017, 0.0, 0.809017, 0.309017, -0.5, 0.0, 0.309017, 0.5, 0.809017, 0.0, 0.0, 0.0, 0.0, 1.0 ], [ 0.309017, 0.5, 0.809017, 0.0, 0.5, -0.809017, 0.309017, 0.0, 0.809017, 0.309017, -0.5, 0.0, 0.0, 0.0, 0.0, 1.0 ], [ 1.0, 0.0, 0.0, 0.0, 0.0, -1.0, 0.0, 0.0, 0.0, 0.0, -1.0, 0.0, 0.0, 0.0, 0.0, 1.0 ], [ 0.0, 0.0, 1.0, 0.0, -1.0, 0.0, 0.0, 0.0, 0.0, -1.0, 0.0, 0.0, 0.0, 0.0, 0.0, 1.0 ], [ 0.0, 1.0, 0.0, 0.0, 0.0, 0.0, -1.0, 0.0, -1.0, 0.0, 0.0, 0.0, 0.0, 0.0, 0.0, 1.0 ], [ 0.809017, 0.309017, 0.5, 0.0, -0.309017, -0.5, 0.809017, 0.0, 0.5, -0.809017, -0.309017, 0.0, 0.0, 0.0, 0.0, 1.0 ], [ -0.5, 0.809017, 0.309017, 0.0, -0.809017, -0.309017, -0.5, 0.0, -0.309017, -0.5, 0.809017, 0.0, 0.0, 0.0, 0.0, 1.0 ], [ 0.309017, 0.5, -0.809017, 0.0, 0.5, -0.809017, -0.309017, 0.0, -0.809017, -0.309017, -0.5, 0.0, 0.0, 0.0, 0.0, 1.0 ], [ 0.5, 0.809017, 0.309017, 0.0, -0.809017, 0.309017, 0.5, 0.0, 0.309017, -0.5, 0.809017, 0.0, 0.0, 0.0, 0.0, 1.0 ], [ -0.309017, 0.5, -0.809017, 0.0, -0.5, -0.809017, -0.309017, 0.0, -0.809017, 0.309017, 0.5, 0.0, 0.0, 0.0, 0.0, 1.0 ], [ 0.809017, -0.309017, -0.5, 0.0, 0.309017, -0.5, 0.809017, 0.0, -0.5, -0.809017, -0.309017, 0.0, 0.0, 0.0, 0.0, 1.0 ], [ 0.5, 0.809017, -0.309017, 0.0, -0.809017, 0.309017, -0.5, 0.0, -0.309017, 0.5, 0.809017, 0.0, 0.0, 0.0, 0.0, 1.0 ], [ 0.309017, -0.5, -0.809017, 0.0, -0.5, -0.809017, 0.309017, 0.0, -0.809017, 0.309017, -0.5, 0.0, 0.0, 0.0, 0.0, 1.0 ], [ 0.809017, -0.309017, 0.5, 0.0, -0.309017, 0.5, 0.809017, 0.0, -0.5, -0.809017, 0.309017, 0.0, 0.0, 0.0, 0.0, 1.0 ], [ 0.809017, 0.309017, -0.5, 0.0, -0.309017, -0.5, -0.809017, 0.0, -0.5, 0.809017, -0.309017, 0.0, 0.0, 0.0, 0.0, 1.0 ], [ 0.5, -0.809017, 0.309017, 0.0, -0.809017, -0.309017, 0.5, 0.0, -0.309017, -0.5, -0.809017, 0.0, 0.0, 0.0, 0.0, 1.0 ], [ 0.309017, 0.5, 0.809017, 0.0, -0.5, 0.809017, -0.309017, 0.0, -0.809017, -0.309017, 0.5, 0.0, 0.0, 0.0, 0.0, 1.0 ], [ -1.0, 0.0, 0.0, 0.0, 0.0, -1.0, 0.0, 0.0, 0.0, 0.0, 1.0, 0.0, 0.0, 0.0, 0.0, 1.0 ], [ 0.0, 0.0, -1.0, 0.0, -1.0, 0.0, 0.0, 0.0, 0.0, 1.0, 0.0, 0.0, 0.0, 0.0, 0.0, 1.0 ], [ 0.0, -1.0, 0.0, 0.0, 0.0, 0.0, -1.0, 0.0, 1.0, 0.0, 0.0, 0.0, 0.0, 0.0, 0.0, 1.0 ], [ -0.809017, -0.309017, -0.5, 0.0, -0.309017, -0.5, 0.809017, 0.0, -0.5, 0.809017, 0.309017, 0.0, 0.0, 0.0, 0.0, 1.0 ], [ 0.5, -0.809017, -0.309017, 0.0, -0.809017, -0.309017, -0.5, 0.0, 0.309017, 0.5, -0.809017, 0.0, 0.0, 0.0, 0.0, 1.0 ], [ -0.309017, -0.5, 0.809017, 0.0, 0.5, -0.809017, -0.309017, 0.0, 0.809017, 0.309017, 0.5, 0.0, 0.0, 0.0, 0.0, 1.0 ], [ -0.5, -0.809017, -0.309017, 0.0, -0.809017, 0.309017, 0.5, 0.0, -0.309017, 0.5, -0.809017, 0.0, 0.0, 0.0, 0.0, 1.0 ], [ 0.309017, -0.5, 0.809017, 0.0, -0.5, -0.809017, -0.309017, 0.0, 0.809017, -0.309017, -0.5, 0.0, 0.0, 0.0, 0.0, 1.0 ], [ -0.809017, 0.309017, 0.5, 0.0, 0.309017, -0.5, 0.809017, 0.0, 0.5, 0.809017, 0.309017, 0.0, 0.0, 0.0, 0.0, 1.0 ], [ -0.5, -0.809017, 0.309017, 0.0, -0.809017, 0.309017, -0.5, 0.0, 0.309017, -0.5, -0.809017, 0.0, 0.0, 0.0, 0.0, 1.0 ], [ -0.309017, 0.5, 0.809017, 0.0, -0.5, -0.809017, 0.309017, 0.0, 0.809017, -0.309017, 0.5, 0.0, 0.0, 0.0, 0.0, 1.0 ], [ -0.809017, 0.309017, -0.5, 0.0, -0.309017, 0.5, 0.809017, 0.0, 0.5, 0.809017, -0.309017, 0.0, 0.0, 0.0, 0.0, 1.0 ], [ -0.809017, -0.309017, 0.5, 0.0, -0.309017, -0.5, -0.809017, 0.0, 0.5, -0.809017, 0.309017, 0.0, 0.0, 0.0, 0.0, 1.0 ], [ -0.5, 0.809017, -0.309017, 0.0, -0.809017, -0.309017, 0.5, 0.0, 0.309017, 0.5, 0.809017, 0.0, 0.0, 0.0, 0.0, 1.0 ], [ -0.309017, -0.5, -0.809017, 0.0, -0.5, 0.809017, -0.309017, 0.0, 0.809017, 0.309017, -0.5, 0.0, 0.0, 0.0, 0.0, 1.0 ], [ -1.0, 0.0, 0.0, 0.0, 0.0, 1.0, 0.0, 0.0, 0.0, 0.0, -1.0, 0.0, 0.0, 0.0, 0.0, 1.0 ], [ 0.0, 0.0, -1.0, 0.0, 1.0, 0.0, 0.0, 0.0, 0.0, -1.0, 0.0, 0.0, 0.0, 0.0, 0.0, 1.0 ], [ 0.0, -1.0, 0.0, 0.0, 0.0, 0.0, 1.0, 0.0, -1.0, 0.0, 0.0, 0.0, 0.0, 0.0, 0.0, 1.0 ], [ -0.809017, -0.309017, -0.5, 0.0, 0.309017, 0.5, -0.809017, 0.0, 0.5, -0.809017, -0.309017, 0.0, 0.0, 0.0, 0.0, 1.0 ], [ 0.5, -0.809017, -0.309017, 0.0, 0.809017, 0.309017, 0.5, 0.0, -0.309017, -0.5, 0.809017, 0.0, 0.0, 0.0, 0.0, 1.0 ], [ -0.309017, -0.5, 0.809017, 0.0, -0.5, 0.809017, 0.309017, 0.0, -0.809017, -0.309017, -0.5, 0.0, 0.0, 0.0, 0.0, 1.0 ], [ -0.5, -0.809017, -0.309017, 0.0, 0.809017, -0.309017, -0.5, 0.0, 0.309017, -0.5, 0.809017, 0.0, 0.0, 0.0, 0.0, 1.0 ], [ 0.309017, -0.5, 0.809017, 0.0, 0.5, 0.809017, 0.309017, 0.0, -0.809017, 0.309017, 0.5, 0.0, 0.0, 0.0, 0.0, 1.0 ], [ -0.809017, 0.309017, 0.5, 0.0, -0.309017, 0.5, -0.809017, 0.0, -0.5, -0.809017, -0.309017, 0.0, 0.0, 0.0, 0.0, 1.0 ], [ -0.5, -0.809017, 0.309017, 0.0, 0.809017, -0.309017, 0.5, 0.0, -0.309017, 0.5, 0.809017, 0.0, 0.0, 0.0, 0.0, 1.0 ], [ -0.309017, 0.5, 0.809017, 0.0, 0.5, 0.809017, -0.309017, 0.0, -0.809017, 0.309017, -0.5, 0.0, 0.0, 0.0, 0.0, 1.0 ], [ -0.809017, 0.309017, -0.5, 0.0, 0.309017, -0.5, -0.809017, 0.0, -0.5, -0.809017, 0.309017, 0.0, 0.0, 0.0, 0.0, 1.0 ], [ -0.809017, -0.309017, 0.5, 0.0, 0.309017, 0.5, 0.809017, 0.0, -0.5, 0.809017, -0.309017, 0.0, 0.0, 0.0, 0.0, 1.0 ], [ -0.5, 0.809017, -0.309017, 0.0, 0.809017, 0.309017, -0.5, 0.0, -0.309017, -0.5, -0.809017, 0.0, 0.0, 0.0, 0.0, 1.0 ], [ -0.309017, -0.5, -0.809017, 0.0, 0.5, -0.809017, 0.309017, 0.0, -0.809017, -0.309017, 0.5, 0.0, 0.0, 0.0, 0.0, 1.0 ] ],
  "lights" : {
    "directionalLights" : [ {
      "direction" : {
        "x" : 1.0,
        "y" : -1.0,
        "z" : -1.0
      },
      "color" : "#EBEBE4"
    }, {
      "direction" : {
        "x" : -1.0,
        "y" : 0.0,
        "z" : 0.0
      },
      "color" : "#E4E4EB"
    }, {
      "direction" : {
        "x" : 0.0,
        "y" : 0.0,
        "z" : -1.0
      },
      "color" : "#1E1E1E"
    } ],
    "ambientColor" : "#292929",
    "backgroundColor" : "#000000"
  },
  "camera" : {
    "position" : {
      "x" : 245.64685,
      "y" : -397.46494,
      "z" : 245.64685
    },
    "width" : 237.54858,
    "nearClipDistance" : 1.3197141,
    "perspective" : true,
    "viewDistance" : 527.8855,
    "lookAtPoint" : {
      "x" : 0.0,
      "y" : 0.0,
      "z" : 0.0
    },
    "farClipDistance" : 1055.7705,
    "fieldOfView" : 0.44262907,
    "lookDirection" : {
      "x" : -0.46534115,
      "y" : 0.7529378,
      "z" : -0.46534115
    },
    "upDirection" : {
      "x" : 0.5324074,
      "y" : 0.6580917,
      "z" : 0.5324074
    },
    "stereo" : false
  },
  "embedding" : [ 1.0, 0.0, 0.0, 0.0, 0.0, 1.0, 0.0, 0.0, 0.0, 0.0, 1.0, 0.0, 0.0, 0.0, 0.0, 1.0 ],
  "shapes" : [ {
    "id" : "22d555fd-d91d-4ad5-97b2-40e8175fef4f",
    "vertices" : [ {
      "x" : -6.1995935,
      "y" : -2.3176274,
      "z" : 3.190983
    }, {
      "x" : -3.09017,
      "y" : -3.09017,
      "z" : 3.8196602
    }, {
      "x" : -1.7082039,
      "y" : 0.0,
      "z" : 2.763932
    } ],
    "faces" : [ {
      "vertices" : [ 0, 1, 2 ]
    }, {
      "vertices" : [ 0, 2, 1 ]
    } ]
  }, {
    "id" : "7f0ebeae-4e97-4a67-81e8-f430b2fb28d3",
    "vertices" : [ {
      "x" : -59.466347,
      "y" : 11.477663,
      "z" : -25.166693
    }, {
      "x" : -59.56635,
      "y" : 11.077662,
      "z" : -25.266691
    }, {
      "x" : -0.5336528,
      "y" : -0.018682517,
      "z" : -0.45636702
    }, {
      "x" : -0.4336528,
      "y" : 0.3813175,
      "z" : -0.35636702
    }, {
      "x" : -59.333015,
      "y" : 11.210997,
      "z" : -25.566692
    }, {
      "x" : -59.233013,
      "y" : 11.610996,
      "z" : -25.466692
    }, {
      "x" : -0.6669861,
      "y" : 0.24798416,
      "z" : -0.056367017
    }, {
      "x" : -0.76698613,
      "y" : -0.15201585,
      "z" : -0.15636702
    } ],
    "faces" : [ {
      "vertices" : [ 2, 3, 6 ]
    }, {
      "vertices" : [ 2, 6, 7 ]
    }, {
      "vertices" : [ 0, 5, 4 ]
    }, {
      "vertices" : [ 0, 4, 1 ]
    }, {
      "vertices" : [ 2, 4, 5 ]
    }, {
      "vertices" : [ 2, 5, 3 ]
    }, {
      "vertices" : [ 0, 6, 3 ]
    }, {
      "vertices" : [ 0, 3, 5 ]
    }, {
      "vertices" : [ 0, 1, 7 ]
    }, {
      "vertices" : [ 0, 7, 6 ]
    }, {
      "vertices" : [ 1, 4, 2 ]
    }, {
      "vertices" : [ 1, 2, 7 ]
    } ]
  }, {
    "id" : "0709808d-01d5-40c7-9ccb-d87b382059e3",
    "vertices" : [ {
      "x" : 3.0846884,
      "y" : -0.19672331,
      "z" : 3.0846884
    }, {
      "x" : 2.0601132,
      "y" : -0.78689325,
      "z" : 2.0601132
    }, {
      "x" : 1.4589803,
      "y" : 0.0,
      "z" : 3.8196602
    } ],
    "faces" : [ {
      "vertices" : [ 0, 1, 2 ]
    }, {
      "vertices" : [ 0, 2, 1 ]
    } ]
  }, {
    "id" : "641d7aa9-d8c1-4469-8099-4f92c2b58515",
    "vertices" : [ {
      "x" : 65.14183,
      "y" : 24.881966,
      "z" : -9.5040655
    }, {
      "x" : 64.759865,
      "y" : 24.427052,
      "z" : -9.313083
    }, {
      "x" : 64.59675,
      "y" : 24.690983,
      "z" : -9.740133
    }, {
      "x" : 64.523796,
      "y" : 24.954914,
      "z" : -9.54915
    }, {
      "x" : 0.85410196,
      "y" : 0.309017,
      "z" : 0.19098301
    }, {
      "x" : 0.690983,
      "y" : 0.572949,
      "z" : -0.23606798
    }, {
      "x" : 0.309017,
      "y" : 0.11803399,
      "z" : -0.045084972
    }, {
      "x" : 0.76393205,
      "y" : 0.309017,
      "z" : -0.42705098
    }, {
      "x" : 0.927051,
      "y" : 0.045084972,
      "z" : 0.0
    }, {
      "x" : 64.68692,
      "y" : 24.690983,
      "z" : -9.122099
    }, {
      "x" : 65.45085,
      "y" : 25.0,
      "z" : -9.54915
    } ],
    "faces" : [ {
      "vertices" : [ 2, 7, 5 ]
    }, {
      "vertices" : [ 2, 5, 3 ]
    }, {
      "vertices" : [ 1, 8, 7 ]
    }, {
      "vertices" : [ 1, 7, 2 ]
    }, {
      "vertices" : [ 4, 6, 8 ]
    }, {
      "vertices" : [ 5, 7, 6 ]
    }, {
      "vertices" : [ 0, 1, 2 ]
    }, {
      "vertices" : [ 0, 2, 3 ]
    }, {
      "vertices" : [ 6, 7, 8 ]
    }, {
      "vertices" : [ 3, 5, 4 ]
    }, {
      "vertices" : [ 3, 4, 9 ]
    }, {
      "vertices" : [ 1, 9, 4 ]
    }, {
      "vertices" : [ 1, 4, 8 ]
    }, {
      "vertices" : [ 0, 9, 1 ]
    }, {
      "vertices" : [ 0, 3, 9 ]
    }, {
      "vertices" : [ 4, 5, 6 ]
    } ]
  }, {
    "id" : "0729c3e0-5479-49b7-b6ad-e3839e9cdac8",
    "vertices" : [ {
      "x" : 18.347685,
      "y" : -11.165989,
      "z" : -3.8483617
    }, {
      "x" : 14.120227,
      "y" : -5.3934464,
      "z" : -5.3934464
    }, {
      "x" : 13.09017,
      "y" : -3.09017,
      "z" : 0.0
    } ],
    "faces" : [ {
      "vertices" : [ 0, 1, 2 ]
    }, {
      "vertices" : [ 0, 2, 1 ]
    } ]
  }, {
    "id" : "5469c864-d88a-4d09-895f-f38d20d23692",
    "vertices" : [ {
      "x" : 0.0,
      "y" : 1.9098301,
      "z" : 8.09017
    }, {
      "x" : 0.8271182,
      "y" : 0.8271182,
      "z" : 5.6691527
    }, {
      "x" : 0.68423706,
      "y" : 0.68423706,
      "z" : 7.9623733
    } ],
    "faces" : [ {
      "vertices" : [ 0, 1, 2 ]
    }, {
      "vertices" : [ 0, 2, 1 ]
    } ]
  }, {
    "id" : "8138aafc-ebb0-417f-bb30-4ac0b9021e47",
    "vertices" : [ {
      "x" : 0.68670446,
      "y" : 2.7191262,
      "z" : -0.8316991
    }, {
      "x" : 2.0601132,
      "y" : 2.0601132,
      "z" : -0.78689325
    }, {
      "x" : 0.0,
      "y" : 2.763932,
      "z" : -1.7082039
    } ],
    "faces" : [ {
      "vertices" : [ 0, 1, 2 ]
    }, {
      "vertices" : [ 0, 2, 1 ]
    } ]
  }, {
    "id" : "45bf8f2f-bb77-4b6f-9467-23d7b943c3da",
    "vertices" : [ {
      "x" : -1.1995934,
      "y" : 3.1702144,
      "z" : -1.1995934
    }, {
      "x" : -1.7082039,
      "y" : 2.763932,
      "z" : 0.0
    }, {
      "x" : 0.0,
      "y" : 3.3333333,
      "z" : 0.0
    } ],
    "faces" : [ {
      "vertices" : [ 0, 1, 2 ]
    }, {
      "vertices" : [ 0, 2, 1 ]
    } ]
  }, {
    "id" : "5a9dce49-22e1-4d5f-90c4-75193a39da17",
    "vertices" : [ {
      "x" : -1.1995934,
      "y" : -1.1995934,
      "z" : 3.1702144
    }, {
      "x" : 0.0,
      "y" : -1.7082039,
      "z" : 2.763932
    }, {
      "x" : 0.0,
      "y" : 0.0,
      "z" : 3.3333333
    } ],
    "faces" : [ {
      "vertices" : [ 0, 1, 2 ]
    }, {
      "vertices" : [ 0, 2, 1 ]
    } ]
  }, {
    "id" : "ddecd586-b5c6-45c5-9a53-3c46d8344aec",
    "vertices" : [ {
      "x" : 0.309017,
      "y" : -0.309017,
      "z" : -0.309017
    }, {
      "x" : 0.5,
      "y" : 0.0,
      "z" : -0.19098301
    }, {
      "x" : 0.5,
      "y" : 0.0,
      "z" : 0.19098301
    }, {
      "x" : 0.309017,
      "y" : -0.309017,
      "z" : 0.309017
    }, {
      "x" : 0.19098301,
      "y" : -0.5,
      "z" : 0.0
    }, {
      "x" : 0.0,
      "y" : 0.19098301,
      "z" : 0.5
    }, {
      "x" : 0.0,
      "y" : -0.19098301,
      "z" : 0.5
    }, {
      "x" : 0.309017,
      "y" : 0.309017,
      "z" : 0.309017
    }, {
      "x" : -0.309017,
      "y" : -0.309017,
      "z" : 0.309017
    }, {
      "x" : -0.309017,
      "y" : 0.309017,
      "z" : 0.309017
    }, {
      "x" : -0.5,
      "y" : 0.0,
      "z" : 0.19098301
    }, {
      "x" : 0.0,
      "y" : -0.19098301,
      "z" : -0.5
    }, {
      "x" : 0.0,
      "y" : 0.19098301,
      "z" : -0.5
    }, {
      "x" : 0.309017,
      "y" : 0.309017,
      "z" : -0.309017
    }, {
      "x" : -0.309017,
      "y" : -0.309017,
      "z" : -0.309017
    }, {
      "x" : -0.19098301,
      "y" : -0.5,
      "z" : 0.0
    }, {
      "x" : -0.5,
      "y" : 0.0,
      "z" : -0.19098301
    }, {
      "x" : 0.19098301,
      "y" : 0.5,
      "z" : 0.0
    }, {
      "x" : -0.309017,
      "y" : 0.309017,
      "z" : -0.309017
    }, {
      "x" : 0.0,
      "y" : 0.0,
      "z" : 0.0
    }, {
      "x" : -0.19098301,
      "y" : 0.5,
      "z" : 0.0
    } ],
    "faces" : [ {
      "vertices" : [ 12, 18, 20 ]
    }, {
      "vertices" : [ 12, 20, 17 ]
    }, {
      "vertices" : [ 12, 17, 13 ]
    }, {
      "vertices" : [ 3, 6, 8 ]
    }, {
      "vertices" : [ 3, 8, 15 ]
    }, {
      "vertices" : [ 3, 15, 4 ]
    }, {
      "vertices" : [ 0, 11, 12 ]
    }, {
      "vertices" : [ 0, 12, 13 ]
    }, {
      "vertices" : [ 0, 13, 1 ]
    }, {
      "vertices" : [ 5, 9, 10 ]
    }, {
      "vertices" : [ 5, 10, 8 ]
    }, {
      "vertices" : [ 5, 8, 6 ]
    }, {
      "vertices" : [ 2, 7, 5 ]
    }, {
      "vertices" : [ 2, 5, 6 ]
    }, {
      "vertices" : [ 2, 6, 3 ]
    }, {
      "vertices" : [ 11, 14, 16 ]
    }, {
      "vertices" : [ 11, 16, 18 ]
    }, {
      "vertices" : [ 11, 18, 12 ]
    }, {
      "vertices" : [ 1, 13, 17 ]
    }, {
      "vertices" : [ 1, 17, 7 ]
    }, {
      "vertices" : [ 1, 7, 2 ]
    }, {
      "vertices" : [ 9, 20, 18 ]
    }, {
      "vertices" : [ 9, 18, 16 ]
    }, {
      "vertices" : [ 9, 16, 10 ]
    }, {
      "vertices" : [ 0, 1, 2 ]
    }, {
      "vertices" : [ 0, 2, 3 ]
    }, {
      "vertices" : [ 0, 3, 4 ]
    }, {
      "vertices" : [ 5, 7, 17 ]
    }, {
      "vertices" : [ 5, 17, 20 ]
    }, {
      "vertices" : [ 5, 20, 9 ]
    }, {
      "vertices" : [ 0, 4, 15 ]
    }, {
      "vertices" : [ 0, 15, 14 ]
    }, {
      "vertices" : [ 0, 14, 11 ]
    }, {
      "vertices" : [ 8, 10, 16 ]
    }, {
      "vertices" : [ 8, 16, 14 ]
    }, {
      "vertices" : [ 8, 14, 15 ]
    } ]
  }, {
    "id" : "61878656-fef7-4726-b97c-0c62793001de",
    "vertices" : [ {
      "x" : 2.9774575,
      "y" : 13.567628,
      "z" : 32.725426
    }, {
      "x" : 3.8196602,
      "y" : 10.0,
      "z" : 16.18034
    }, {
      "x" : 0.0,
      "y" : 10.0,
      "z" : 20.0
    } ],
    "faces" : [ {
      "vertices" : [ 0, 1, 2 ]
    }, {
      "vertices" : [ 0, 2, 1 ]
    } ]
  }, {
    "id" : "bc4801c2-611c-4ac7-aae2-f19add0af85b",
    "vertices" : [ {
      "x" : -3.09017,
      "y" : 0.0,
      "z" : 13.09017
    }, {
      "x" : -20.0,
      "y" : 0.0,
      "z" : 30.0
    }, {
      "x" : -10.0,
      "y" : 10.0,
      "z" : 30.0
    } ],
    "faces" : [ {
      "vertices" : [ 0, 1, 2 ]
    }, {
      "vertices" : [ 0, 2, 1 ]
    } ]
  }, {
    "id" : "110de2f6-2f82-48d5-880a-48328e76800b",
    "vertices" : [ {
      "x" : -3.8483617,
      "y" : 18.347685,
      "z" : -11.165989
    }, {
      "x" : -10.0,
      "y" : 16.18034,
      "z" : -16.18034
    }, {
      "x" : -5.3934464,
      "y" : 14.120227,
      "z" : -5.3934464
    } ],
    "faces" : [ {
      "vertices" : [ 0, 1, 2 ]
    }, {
      "vertices" : [ 0, 2, 1 ]
    } ]
  }, {
    "id" : "9a54e4f6-a9db-4955-a5e7-195908131272",
    "vertices" : [ {
      "x" : -14.635255,
      "y" : -26.18034,
      "z" : 14.635255
    }, {
      "x" : -32.36068,
      "y" : -68.54102,
      "z" : 26.18034
    }, {
      "x" : -10.0,
      "y" : -16.18034,
      "z" : 16.18034
    } ],
    "faces" : [ {
      "vertices" : [ 0, 1, 2 ]
    }, {
      "vertices" : [ 0, 2, 1 ]
    } ]
  }, {
    "id" : "f7251e88-bec2-4afe-9165-e0ee0f8357be",
    "vertices" : [ {
      "x" : -3.4164078,
      "y" : 36.18034,
      "z" : 14.472136
    }, {
      "x" : -6.18034,
      "y" : 26.18034,
      "z" : 10.0
    }, {
      "x" : -7.4852915,
      "y" : 30.0,
      "z" : 11.708204
    } ],
    "faces" : [ {
      "vertices" : [ 0, 1, 2 ]
    }, {
      "vertices" : [ 0, 2, 1 ]
    } ]
  }, {
    "id" : "15ebb0e3-00db-4fd7-a87b-a9aff36ecbf5",
    "vertices" : [ {
      "x" : 20.0,
      "y" : 0.0,
      "z" : 10.0
    }, {
      "x" : 11.708204,
      "y" : 0.0,
      "z" : 7.236068
    }, {
      "x" : 17.562305,
      "y" : -1.9098301,
      "z" : 7.763932
    } ],
    "faces" : [ {
      "vertices" : [ 0, 1, 2 ]
    }, {
      "vertices" : [ 0, 2, 1 ]
    } ]
  }, {
    "id" : "4b7f8f45-6587-4ee1-aaea-0aff16d14b9a",
    "vertices" : [ {
      "x" : 2.9774575,
      "y" : 32.725426,
      "z" : 13.567628
    }, {
      "x" : 0.0,
      "y" : 68.54102,
      "z" : 26.18034
    }, {
      "x" : 0.0,
      "y" : 20.0,
      "z" : 10.0
    } ],
    "faces" : [ {
      "vertices" : [ 0, 1, 2 ]
    }, {
      "vertices" : [ 0, 2, 1 ]
    } ]
  }, {
    "id" : "89ce0cba-5a22-4779-b048-78fee9e56157",
    "vertices" : [ {
      "x" : 0.68670446,
      "y" : -0.8316991,
      "z" : 2.7191262
    }, {
      "x" : 2.0601132,
      "y" : -0.78689325,
      "z" : 2.0601132
    }, {
      "x" : 0.0,
      "y" : -1.7082039,
      "z" : 2.763932
    } ],
    "faces" : [ {
      "vertices" : [ 0, 1, 2 ]
    }, {
      "vertices" : [ 0, 2, 1 ]
    } ]
  }, {
    "id" : "98520ee8-6440-4baa-b236-e56a9c1f876c",
    "vertices" : [ {
      "x" : 1.9098301,
      "y" : 8.09017,
      "z" : 0.0
    }, {
      "x" : 4.4913898,
      "y" : 9.289763,
      "z" : -0.36474508
    }, {
      "x" : 5.0,
      "y" : 5.0,
      "z" : 0.0
    } ],
    "faces" : [ {
      "vertices" : [ 0, 1, 2 ]
    }, {
      "vertices" : [ 0, 2, 1 ]
    } ]
  }, {
    "id" : "d386b255-e45d-481c-94b8-a5a556b5cb7f",
    "vertices" : [ {
      "x" : 7.9623733,
      "y" : 0.68423706,
      "z" : 0.68423706
    }, {
      "x" : 10.0,
      "y" : 0.0,
      "z" : 0.0
    }, {
      "x" : 8.09017,
      "y" : 0.0,
      "z" : 1.9098301
    } ],
    "faces" : [ {
      "vertices" : [ 0, 1, 2 ]
    }, {
      "vertices" : [ 0, 2, 1 ]
    } ]
  }, {
    "id" : "27001e47-bfef-423d-a74b-8e2ef784674c",
    "vertices" : [ {
      "x" : -6.18034,
      "y" : 26.18034,
      "z" : 10.0
    }, {
      "x" : 0.0,
      "y" : 20.0,
      "z" : 10.0
    }, {
      "x" : -1.9098301,
      "y" : 17.562305,
      "z" : 7.763932
    } ],
    "faces" : [ {
      "vertices" : [ 0, 1, 2 ]
    }, {
      "vertices" : [ 0, 2, 1 ]
    } ]
  }, {
    "id" : "9680c7c5-d388-4d2a-b844-9ad7ebb23036",
    "vertices" : [ {
      "x" : 11.7928505,
      "y" : 11.7928505,
      "z" : 4.810724
    }, {
      "x" : 10.0,
      "y" : 16.18034,
      "z" : 3.8196602
    }, {
      "x" : 10.0,
      "y" : 10.0,
      "z" : 10.0
    } ],
    "faces" : [ {
      "vertices" : [ 0, 1, 2 ]
    }, {
      "vertices" : [ 0, 2, 1 ]
    } ]
  }, {
    "id" : "e5ed822a-b55d-4204-b014-c0956e9fced9",
    "vertices" : [ {
      "x" : -64.94811,
      "y" : 22.299482,
      "z" : -28.815866
    }, {
      "x" : -65.04812,
      "y" : 21.899483,
      "z" : -28.915865
    }, {
      "x" : -0.50273466,
      "y" : 0.061197378,
      "z" : -0.454644
    }, {
      "x" : -0.40273464,
      "y" : 0.46119738,
      "z" : -0.354644
    }, {
      "x" : -64.81478,
      "y" : 22.032816,
      "z" : -29.215866
    }, {
      "x" : -64.71478,
      "y" : 22.432816,
      "z" : -29.115866
    }, {
      "x" : -0.636068,
      "y" : 0.32786405,
      "z" : -0.054644007
    }, {
      "x" : -0.73606795,
      "y" : -0.072135955,
      "z" : -0.15464401
    } ],
    "faces" : [ {
      "vertices" : [ 2, 3, 6 ]
    }, {
      "vertices" : [ 2, 6, 7 ]
    }, {
      "vertices" : [ 0, 5, 4 ]
    }, {
      "vertices" : [ 0, 4, 1 ]
    }, {
      "vertices" : [ 2, 4, 5 ]
    }, {
      "vertices" : [ 2, 5, 3 ]
    }, {
      "vertices" : [ 0, 6, 3 ]
    }, {
      "vertices" : [ 0, 3, 5 ]
    }, {
      "vertices" : [ 0, 1, 7 ]
    }, {
      "vertices" : [ 0, 7, 6 ]
    }, {
      "vertices" : [ 1, 4, 2 ]
    }, {
      "vertices" : [ 1, 2, 7 ]
    } ]
  }, {
    "id" : "2a9dc1e8-b202-4e90-9560-800a9afb7cb9",
    "vertices" : [ {
      "x" : 2.7191262,
      "y" : -0.8316991,
      "z" : 0.68670446
    }, {
      "x" : 2.0601132,
      "y" : -0.78689325,
      "z" : 2.0601132
    }, {
      "x" : 2.763932,
      "y" : -1.7082039,
      "z" : 0.0
    } ],
    "faces" : [ {
      "vertices" : [ 0, 1, 2 ]
    }, {
      "vertices" : [ 0, 2, 1 ]
    } ]
  }, {
    "id" : "bd049909-2dc9-4e97-8b2c-cef0a5c1f0d0",
    "vertices" : [ {
      "x" : 2.7191262,
      "y" : -0.8316991,
      "z" : 0.68670446
    }, {
      "x" : 3.8196602,
      "y" : 0.0,
      "z" : 1.4589803
    }, {
      "x" : 2.0601132,
      "y" : -0.78689325,
      "z" : 2.0601132
    } ],
    "faces" : [ {
      "vertices" : [ 0, 1, 2 ]
    }, {
      "vertices" : [ 0, 2, 1 ]
    } ]
  }, {
    "id" : "3bae88f7-6946-40fb-bdef-92c7c76d4a76",
    "vertices" : [ {
      "x" : 0.40089363,
      "y" : 8.733834,
      "z" : 8.733834
    }, {
      "x" : 0.0,
      "y" : 5.0,
      "z" : 5.0
    }, {
      "x" : 0.0,
      "y" : 7.236068,
      "z" : 11.708204
    } ],
    "faces" : [ {
      "vertices" : [ 0, 1, 2 ]
    }, {
      "vertices" : [ 0, 2, 1 ]
    } ]
  }, {
    "id" : "d542e5d1-1bc4-4e13-9ef9-0b5681e21342",
    "vertices" : [ {
      "x" : -0.8316991,
      "y" : 0.68670446,
      "z" : 2.7191262
    }, {
      "x" : 0.0,
      "y" : 1.4589803,
      "z" : 3.8196602
    }, {
      "x" : -0.78689325,
      "y" : 2.0601132,
      "z" : 2.0601132
    } ],
    "faces" : [ {
      "vertices" : [ 0, 1, 2 ]
    }, {
      "vertices" : [ 0, 2, 1 ]
    } ]
  }, {
    "id" : "9b682d08-9672-497e-a22a-8969e696478a",
    "vertices" : [ {
      "x" : -2.3176274,
      "y" : -6.1995935,
      "z" : 3.190983
    }, {
      "x" : 0.0,
      "y" : -10.0,
      "z" : 0.0
    }, {
      "x" : -6.18034,
      "y" : -10.0,
      "z" : 6.18034
    } ],
    "faces" : [ {
      "vertices" : [ 0, 1, 2 ]
    }, {
      "vertices" : [ 0, 2, 1 ]
    } ]
  }, {
    "id" : "592ff8b2-e882-45d4-8c6f-e2db58c0f1c7",
    "vertices" : [ {
      "x" : 4.810724,
      "y" : 11.7928505,
      "z" : 11.7928505
    }, {
      "x" : 3.8196602,
      "y" : 10.0,
      "z" : 16.18034
    }, {
      "x" : 1.6035745,
      "y" : 10.991063,
      "z" : 10.991063
    } ],
    "faces" : [ {
      "vertices" : [ 0, 1, 2 ]
    }, {
      "vertices" : [ 0, 2, 1 ]
    } ]
  }, {
    "id" : "5cbf7577-22a4-4a79-95a8-c06f95711d66",
    "vertices" : [ {
      "x" : -1.1372876,
      "y" : 1.4323726,
      "z" : 10.885255
    }, {
      "x" : -1.4589803,
      "y" : 3.8196602,
      "z" : 12.36068
    }, {
      "x" : 0.0,
      "y" : 1.9098301,
      "z" : 8.09017
    } ],
    "faces" : [ {
      "vertices" : [ 0, 1, 2 ]
    }, {
      "vertices" : [ 0, 2, 1 ]
    } ]
  }, {
    "id" : "0fc14b14-b1d3-4906-9258-3bef4d47e886",
    "vertices" : [ {
      "x" : 20.407797,
      "y" : 5.954915,
      "z" : -5.1823726
    }, {
      "x" : 30.0,
      "y" : 10.0,
      "z" : -10.0
    }, {
      "x" : 26.18034,
      "y" : 10.0,
      "z" : -6.18034
    } ],
    "faces" : [ {
      "vertices" : [ 0, 1, 2 ]
    }, {
      "vertices" : [ 0, 2, 1 ]
    } ]
  }, {
    "id" : "a3f116a3-c653-4c91-b853-0716f245bc7d",
    "vertices" : [ {
      "x" : 1.9098301,
      "y" : 0.0,
      "z" : 8.09017
    }, {
      "x" : 4.4913898,
      "y" : -0.36474508,
      "z" : 9.289763
    }, {
      "x" : 5.0,
      "y" : 0.0,
      "z" : 5.0
    } ],
    "faces" : [ {
      "vertices" : [ 0, 1, 2 ]
    }, {
      "vertices" : [ 0, 2, 1 ]
    } ]
  }, {
    "id" : "3d73cacc-752e-4231-93df-c317c959c532",
    "vertices" : [ {
      "x" : -6.1995935,
      "y" : 3.190983,
      "z" : -2.3176274
    }, {
      "x" : -1.7082039,
      "y" : 2.763932,
      "z" : 0.0
    }, {
      "x" : -10.0,
      "y" : 0.0,
      "z" : 0.0
    } ],
    "faces" : [ {
      "vertices" : [ 0, 1, 2 ]
    }, {
      "vertices" : [ 0, 2, 1 ]
    } ]
  }, {
    "id" : "aa52f754-7101-4919-b568-6bb96ff8c237",
    "vertices" : [ {
      "x" : -6.18034,
      "y" : 10.0,
      "z" : 26.18034
    }, {
      "x" : 0.0,
      "y" : 10.0,
      "z" : 20.0
    }, {
      "x" : -1.9098301,
      "y" : 7.763932,
      "z" : 17.562305
    } ],
    "faces" : [ {
      "vertices" : [ 0, 1, 2 ]
    }, {
      "vertices" : [ 0, 2, 1 ]
    } ]
  }, {
    "id" : "a9522470-9cc5-47f6-8798-d08e108a5d9b",
    "vertices" : [ {
      "x" : 0.68423706,
      "y" : 7.9623733,
      "z" : 0.68423706
    }, {
      "x" : 0.0,
      "y" : 10.0,
      "z" : 0.0
    }, {
      "x" : 1.9098301,
      "y" : 8.09017,
      "z" : 0.0
    } ],
    "faces" : [ {
      "vertices" : [ 0, 1, 2 ]
    }, {
      "vertices" : [ 0, 2, 1 ]
    } ]
  }, {
    "id" : "d03b700f-d064-4bda-8deb-78a4342e066d",
    "vertices" : [ {
      "x" : 2.2989821,
      "y" : 0.20677955,
      "z" : 5.644746
    }, {
      "x" : 1.4589803,
      "y" : 0.0,
      "z" : 3.8196602
    }, {
      "x" : 0.8271182,
      "y" : 0.8271182,
      "z" : 5.6691527
    } ],
    "faces" : [ {
      "vertices" : [ 0, 1, 2 ]
    }, {
      "vertices" : [ 0, 2, 1 ]
    } ]
  }, {
    "id" : "4daf9e21-a3e7-4380-9f7f-72730d95654f",
    "vertices" : [ {
      "x" : -10.0,
      "y" : 0.0,
      "z" : 0.0
    }, {
      "x" : -30.0,
      "y" : 0.0,
      "z" : -6.6666665
    }, {
      "x" : -30.0,
      "y" : -6.6666665,
      "z" : 0.0
    } ],
    "faces" : [ {
      "vertices" : [ 0, 1, 2 ]
    }, {
      "vertices" : [ 0, 2, 1 ]
    } ]
  }, {
    "id" : "36e67991-8591-4c7e-a64c-8db7ffa6a987",
    "vertices" : [ {
      "x" : 11.7928505,
      "y" : 4.810724,
      "z" : 11.7928505
    }, {
      "x" : 10.0,
      "y" : 3.8196602,
      "z" : 16.18034
    }, {
      "x" : 10.991063,
      "y" : 1.6035745,
      "z" : 10.991063
    } ],
    "faces" : [ {
      "vertices" : [ 0, 1, 2 ]
    }, {
      "vertices" : [ 0, 2, 1 ]
    } ]
  }, {
    "id" : "55d028a3-0ee6-4c5f-b2c4-e2b783bcd3b4",
    "vertices" : [ {
      "x" : 14.472136,
      "y" : -3.4164078,
      "z" : 36.18034
    }, {
      "x" : 10.0,
      "y" : -6.18034,
      "z" : 26.18034
    }, {
      "x" : 11.708204,
      "y" : -7.4852915,
      "z" : 30.0
    } ],
    "faces" : [ {
      "vertices" : [ 0, 1, 2 ]
    }, {
      "vertices" : [ 0, 2, 1 ]
    } ]
  }, {
    "id" : "b017e9b4-7952-45cb-b580-4b1733de689f",
    "vertices" : [ {
      "x" : -3.5508254,
      "y" : 1.2060113,
      "z" : 1.2060113
    }, {
      "x" : -0.78689325,
      "y" : 2.0601132,
      "z" : 2.0601132
    }, {
      "x" : -1.7082039,
      "y" : 2.763932,
      "z" : 0.0
    } ],
    "faces" : [ {
      "vertices" : [ 0, 1, 2 ]
    }, {
      "vertices" : [ 0, 2, 1 ]
    } ]
  }, {
    "id" : "02008f05-fb49-4434-ba8d-f80a6fa7834f",
    "vertices" : [ {
      "x" : -11.165989,
      "y" : -3.8483617,
      "z" : 18.347685
    }, {
      "x" : -5.3934464,
      "y" : -5.3934464,
      "z" : 14.120227
    }, {
      "x" : -3.09017,
      "y" : 0.0,
      "z" : 13.09017
    } ],
    "faces" : [ {
      "vertices" : [ 0, 1, 2 ]
    }, {
      "vertices" : [ 0, 2, 1 ]
    } ]
  }, {
    "id" : "48a586ba-d67c-4874-8f0f-8054bdfe68db",
    "vertices" : [ {
      "x" : -7.3176274,
      "y" : 6.545085,
      "z" : -7.3176274
    }, {
      "x" : -10.0,
      "y" : 6.18034,
      "z" : -6.18034
    }, {
      "x" : -10.0,
      "y" : 10.0,
      "z" : -10.0
    } ],
    "faces" : [ {
      "vertices" : [ 0, 1, 2 ]
    }, {
      "vertices" : [ 0, 2, 1 ]
    } ]
  }, {
    "id" : "c16b4915-21c3-4f4c-a041-90f6184c0803",
    "vertices" : [ {
      "x" : 9.556783,
      "y" : 1.3558086,
      "z" : 14.719902
    }, {
      "x" : 10.0,
      "y" : 3.8196602,
      "z" : 16.18034
    }, {
      "x" : 10.991063,
      "y" : 1.6035745,
      "z" : 10.991063
    } ],
    "faces" : [ {
      "vertices" : [ 0, 1, 2 ]
    }, {
      "vertices" : [ 0, 2, 1 ]
    } ]
  }, {
    "id" : "4f96bf3e-979b-4e68-9949-8d73bf2b75ad",
    "vertices" : [ {
      "x" : 3.8196602,
      "y" : -1.4589803,
      "z" : 12.36068
    }, {
      "x" : 7.763932,
      "y" : -1.9098301,
      "z" : 17.562305
    }, {
      "x" : 7.236068,
      "y" : 0.0,
      "z" : 11.708204
    } ],
    "faces" : [ {
      "vertices" : [ 0, 1, 2 ]
    }, {
      "vertices" : [ 0, 2, 1 ]
    } ]
  }, {
    "id" : "069165ac-0333-4290-ae51-4a7da4ab0385",
    "vertices" : [ {
      "x" : 18.347685,
      "y" : -11.165989,
      "z" : -3.8483617
    }, {
      "x" : 13.09017,
      "y" : -3.09017,
      "z" : 0.0
    }, {
      "x" : 30.0,
      "y" : -20.0,
      "z" : 0.0
    } ],
    "faces" : [ {
      "vertices" : [ 0, 1, 2 ]
    }, {
      "vertices" : [ 0, 2, 1 ]
    } ]
  }, {
    "id" : "0f503885-b5d9-49f0-9f1a-13f453de5f26",
    "vertices" : [ {
      "x" : -0.26666668,
      "y" : -59.5,
      "z" : -19.677778
    }, {
      "x" : 0.13333334,
      "y" : -59.4,
      "z" : -19.577778
    }, {
      "x" : 0.26666668,
      "y" : -0.5,
      "z" : -0.32222223
    }, {
      "x" : -0.13333334,
      "y" : -0.6,
      "z" : -0.42222223
    }, {
      "x" : 0.26666668,
      "y" : -59.166668,
      "z" : -19.877777
    }, {
      "x" : -0.13333334,
      "y" : -59.266666,
      "z" : -19.977777
    }, {
      "x" : -0.26666668,
      "y" : -0.8333333,
      "z" : -0.12222222
    }, {
      "x" : 0.13333334,
      "y" : -0.73333335,
      "z" : -0.022222223
    } ],
    "faces" : [ {
      "vertices" : [ 2, 3, 6 ]
    }, {
      "vertices" : [ 2, 6, 7 ]
    }, {
      "vertices" : [ 0, 5, 4 ]
    }, {
      "vertices" : [ 0, 4, 1 ]
    }, {
      "vertices" : [ 2, 4, 5 ]
    }, {
      "vertices" : [ 2, 5, 3 ]
    }, {
      "vertices" : [ 0, 6, 3 ]
    }, {
      "vertices" : [ 0, 3, 5 ]
    }, {
      "vertices" : [ 0, 1, 7 ]
    }, {
      "vertices" : [ 0, 7, 6 ]
    }, {
      "vertices" : [ 1, 4, 2 ]
    }, {
      "vertices" : [ 1, 2, 7 ]
    } ]
  }, {
    "id" : "210470bd-5b17-4450-9097-997b8b25f4f4",
    "vertices" : [ {
      "x" : 1.3558086,
      "y" : 9.556783,
      "z" : 14.719902
    }, {
      "x" : 0.0,
      "y" : 10.0,
      "z" : 20.0
    }, {
      "x" : 3.8196602,
      "y" : 10.0,
      "z" : 16.18034
    } ],
    "faces" : [ {
      "vertices" : [ 0, 1, 2 ]
    }, {
      "vertices" : [ 0, 2, 1 ]
    } ]
  }, {
    "id" : "89bffd21-6d57-45d3-a9be-f05995e7cb5c",
    "vertices" : [ {
      "x" : -3.5508254,
      "y" : 1.2060113,
      "z" : 1.2060113
    }, {
      "x" : -10.0,
      "y" : 0.0,
      "z" : 0.0
    }, {
      "x" : -1.7082039,
      "y" : 0.0,
      "z" : 2.763932
    } ],
    "faces" : [ {
      "vertices" : [ 0, 1, 2 ]
    }, {
      "vertices" : [ 0, 2, 1 ]
    } ]
  }, {
    "id" : "0d9126e8-f408-4d74-a1c6-26bf777c0f70",
    "vertices" : [ {
      "x" : 7.236068,
      "y" : 11.708204,
      "z" : 0.0
    }, {
      "x" : 5.0,
      "y" : 5.0,
      "z" : 0.0
    }, {
      "x" : 4.4913898,
      "y" : 9.289763,
      "z" : -0.36474508
    } ],
    "faces" : [ {
      "vertices" : [ 0, 1, 2 ]
    }, {
      "vertices" : [ 0, 2, 1 ]
    } ]
  }, {
    "id" : "91d13e92-667b-4c51-960f-8b045e7c710b",
    "vertices" : [ {
      "x" : 0.20677955,
      "y" : 2.2989821,
      "z" : 5.644746
    }, {
      "x" : 0.0,
      "y" : 5.0,
      "z" : 5.0
    }, {
      "x" : 0.0,
      "y" : 1.4589803,
      "z" : 3.8196602
    } ],
    "faces" : [ {
      "vertices" : [ 0, 1, 2 ]
    }, {
      "vertices" : [ 0, 2, 1 ]
    } ]
  }, {
    "id" : "6027319b-7ddc-4c8d-bc96-3418926cefad",
    "vertices" : [ {
      "x" : 9.556783,
      "y" : 14.719902,
      "z" : 1.3558086
    }, {
      "x" : 10.991063,
      "y" : 10.991063,
      "z" : 1.6035745
    }, {
      "x" : 7.236068,
      "y" : 11.708204,
      "z" : 0.0
    } ],
    "faces" : [ {
      "vertices" : [ 0, 1, 2 ]
    }, {
      "vertices" : [ 0, 2, 1 ]
    } ]
  }, {
    "id" : "5b1de863-d619-47cc-bd87-a8bdb3c73641",
    "vertices" : [ {
      "x" : 3.0846884,
      "y" : 3.0846884,
      "z" : -0.19672331
    }, {
      "x" : 1.4589803,
      "y" : 3.8196602,
      "z" : 0.0
    }, {
      "x" : 5.0,
      "y" : 5.0,
      "z" : 0.0
    } ],
    "faces" : [ {
      "vertices" : [ 0, 1, 2 ]
    }, {
      "vertices" : [ 0, 2, 1 ]
    } ]
  }, {
    "id" : "9e19acf9-93e6-4cfa-abff-a055e83fef23",
    "vertices" : [ {
      "x" : -0.6237743,
      "y" : 0.87977344,
      "z" : 2.9942596
    }, {
      "x" : -1.7082039,
      "y" : 0.0,
      "z" : 2.763932
    }, {
      "x" : -0.78689325,
      "y" : 2.0601132,
      "z" : 2.0601132
    } ],
    "faces" : [ {
      "vertices" : [ 0, 1, 2 ]
    }, {
      "vertices" : [ 0, 2, 1 ]
    } ]
  }, {
    "id" : "afd68bab-cdcf-4c87-a684-1c43207dee39",
    "vertices" : [ {
      "x" : -10.393447,
      "y" : -10.393447,
      "z" : 14.120227
    }, {
      "x" : -10.0,
      "y" : -16.18034,
      "z" : 16.18034
    }, {
      "x" : -5.3934464,
      "y" : -5.3934464,
      "z" : 14.120227
    } ],
    "faces" : [ {
      "vertices" : [ 0, 1, 2 ]
    }, {
      "vertices" : [ 0, 2, 1 ]
    } ]
  }, {
    "id" : "5d8ccb67-6512-479a-a518-4350c2fabfe9",
    "vertices" : [ {
      "x" : -26.18034,
      "y" : -14.635255,
      "z" : 14.635255
    }, {
      "x" : -10.0,
      "y" : -10.0,
      "z" : 10.0
    }, {
      "x" : -10.0,
      "y" : -6.18034,
      "z" : 6.18034
    } ],
    "faces" : [ {
      "vertices" : [ 0, 1, 2 ]
    }, {
      "vertices" : [ 0, 2, 1 ]
    } ]
  }, {
    "id" : "6b264b1e-1cfc-478c-aa42-b664581af215",
    "vertices" : [ {
      "x" : 3.0846884,
      "y" : 3.0846884,
      "z" : -0.19672331
    }, {
      "x" : 3.8196602,
      "y" : 1.4589803,
      "z" : 0.0
    }, {
      "x" : 5.0,
      "y" : 5.0,
      "z" : 0.0
    } ],
    "faces" : [ {
      "vertices" : [ 0, 1, 2 ]
    }, {
      "vertices" : [ 0, 2, 1 ]
    } ]
  }, {
    "id" : "fd44b7c4-9913-4bd7-953f-edfaa4ca722e",
    "vertices" : [ {
      "x" : -5.1823726,
      "y" : 20.407797,
      "z" : 5.954915
    }, {
      "x" : -3.09017,
      "y" : 13.09017,
      "z" : 0.0
    }, {
      "x" : -10.0,
      "y" : 30.0,
      "z" : 10.0
    } ],
    "faces" : [ {
      "vertices" : [ 0, 1, 2 ]
    }, {
      "vertices" : [ 0, 2, 1 ]
    } ]
  }, {
    "id" : "a0c431c3-4c42-4506-ad87-fbbeae04b030",
    "vertices" : [ {
      "x" : -58.038284,
      "y" : 19.938803,
      "z" : -25.725697
    }, {
      "x" : -58.138287,
      "y" : 19.538803,
      "z" : -25.825695
    }, {
      "x" : -0.50273466,
      "y" : 0.061197378,
      "z" : -0.454644
    }, {
      "x" : -0.40273464,
      "y" : 0.46119738,
      "z" : -0.354644
    }, {
      "x" : -57.904953,
      "y" : 19.672136,
      "z" : -26.125696
    }, {
      "x" : -57.80495,
      "y" : 20.072136,
      "z" : -26.025696
    }, {
      "x" : -0.636068,
      "y" : 0.32786405,
      "z" : -0.054644007
    }, {
      "x" : -0.73606795,
      "y" : -0.072135955,
      "z" : -0.15464401
    } ],
    "faces" : [ {
      "vertices" : [ 2, 3, 6 ]
    }, {
      "vertices" : [ 2, 6, 7 ]
    }, {
      "vertices" : [ 0, 5, 4 ]
    }, {
      "vertices" : [ 0, 4, 1 ]
    }, {
      "vertices" : [ 2, 4, 5 ]
    }, {
      "vertices" : [ 2, 5, 3 ]
    }, {
      "vertices" : [ 0, 6, 3 ]
    }, {
      "vertices" : [ 0, 3, 5 ]
    }, {
      "vertices" : [ 0, 1, 7 ]
    }, {
      "vertices" : [ 0, 7, 6 ]
    }, {
      "vertices" : [ 1, 4, 2 ]
    }, {
      "vertices" : [ 1, 2, 7 ]
    } ]
  }, {
    "id" : "410c8681-4c2c-46cd-9932-94a8bccb6148",
    "vertices" : [ {
      "x" : 1.2060113,
      "y" : 1.2060113,
      "z" : -3.5508254
    }, {
      "x" : 0.0,
      "y" : 2.763932,
      "z" : -1.7082039
    }, {
      "x" : 2.0601132,
      "y" : 2.0601132,
      "z" : -0.78689325
    } ],
    "faces" : [ {
      "vertices" : [ 0, 1, 2 ]
    }, {
      "vertices" : [ 0, 2, 1 ]
    } ]
  }, {
    "id" : "8908e2df-1815-4149-9683-ce796235ab7b",
    "vertices" : [ {
      "x" : 3.8196602,
