{
  "field" : "golden",
  "symmetry" : "icosahedral",
  "orientations" : [ [ 1.0, 0.0, 0.0, 0.0, 0.0, 1.0, 0.0, 0.0, 0.0, 0.0, 1.0, 0.0, 0.0, 0.0, 0.0, 1.0 ], [ 0.0, 0.0, 1.0, 0.0, 1.0, 0.0, 0.0, 0.0, 0.0, 1.0, 0.0, 0.0, 0.0, 0.0, 0.0, 1.0 ], [ 0.0, 1.0, 0.0, 0.0, 0.0, 0.0, 1.0, 0.0, 1.0, 0.0, 0.0, 0.0, 0.0, 0.0, 0.0, 1.0 ], [ 0.809017, 0.309017, 0.5, 0.0, 0.309017, 0.5, -0.809017, 0.0, -0.5, 0.809017, 0.309017, 0.0, 0.0, 0.0, 0.0, 1.0 ], [ -0.5, 0.809017, 0.309017, 0.0, 0.809017, 0.309017, 0.5, 0.0, 0.309017, 0.5, -0.809017, 0.0, 0.0, 0.0, 0.0, 1.0 ], [ 0.309017, 0.5, -0.809017, 0.0, -0.5, 0.809017, 0.309017, 0.0, 0.809017, 0.309017, 0.5, 0.0, 0.0, 0.0, 0.0, 1.0 ], [ 0.5, 0.809017, 0.309017, 0.0, 0.809017, -0.309017, -0.5, 0.0, -0.309017, 0.5, -0.809017, 0.0, 0.0, 0.0, 0.0, 1.0 ], [ -0.309017, 0.5, -0.809017, 0.0, 0.5, 0.809017, 0.309017, 0.0, 0.809017, -0.309017, -0.5, 0.0, 0.0, 0.0, 0.0, 1.0 ], [ 0.809017, -0.309017, -0.5, 0.0, -0.309017, 0.5, -0.809017, 0.0, 0.5, 0.809017, 0.309017, 0.0, 0.0, 0.0, 0.0, 1.0 ], [ 0.5, 0.809017, -0.309017, 0.0, 0.809017, -0.309017, 0.5, 0.0, 0.309017, -0.5, -0.809017, 0.0, 0.0, 0.0, 0.0, 1.0 ], [ 0.309017, -0.5, -0.809017, 0.0, 0.5, 0.809017, -0.309017, 0.0, 0.809017, -0.309017, 0.5, 0.0, 0.0, 0.0, 0.0, 1.0 ], [ 0.809017, -0.309017, 0.5, 0.0, 0.309017, -0.5, -0.809017, 0.0, 0.5, 0.809017, -0.309017, 0.0, 0.0, 0.0, 0.0, 1.0 ], [ 0.809017, 0.309017, -0.5, 0.0, 0.309017, 0.5, 0.809017, 0.0, 0.5, -0.809017, 0.309017, 0.0, 0.0, 0.0, 0.0, 1.0 ], [ 0.5, -0.809017, 0.309017, 0.0, 0.809017, 0.309017, -0.5, 0.0, 0.309017, 0.5, 0.809017, 0.0, 0.0, 0.0, 0.0, 1.0 ], [ 0.309017, 0.5, 0.809017, 0.0, 0.5, -0.809017, 0.309017, 0.0, 0.809017, 0.309017, -0.5, 0.0, 0.0, 0.0, 0.0, 1.0 ], [ 1.0, 0.0, 0.0, 0.0, 0.0, -1.0, 0.0, 0.0, 0.0, 0.0, -1.0, 0.0, 0.0, 0.0, 0.0, 1.0 ], [ 0.0, 0.0, 1.0, 0.0, -1.0, 0.0, 0.0, 0.0, 0.0, -1.0, 0.0, 0.0, 0.0, 0.0, 0.0, 1.0 ], [ 0.0, 1.0, 0.0, 0.0, 0.0, 0.0, -1.0, 0.0, -1.0, 0.0, 0.0, 0.0, 0.0, 0.0, 0.0, 1.0 ], [ 0.809017, 0.309017, 0.5, 0.0, -0.309017, -0.5, 0.809017, 0.0, 0.5, -0.809017, -0.309017, 0.0, 0.0, 0.0, 0.0, 1.0 ], [ -0.5, 0.809017, 0.309017, 0.0, -0.809017, -0.309017, -0.5, 0.0, -0.309017, -0.5, 0.809017, 0.0, 0.0, 0.0, 0.0, 1.0 ], [ 0.309017, 0.5, -0.809017, 0.0, 0.5, -0.809017, -0.309017, 0.0, -0.809017, -0.309017, -0.5, 0.0, 0.0, 0.0, 0.0, 1.0 ], [ 0.5, 0.809017, 0.309017, 0.0, -0.809017, 0.309017, 0.5, 0.0, 0.309017, -0.5, 0.809017, 0.0, 0.0, 0.0, 0.0, 1.0 ], [ -0.309017, 0.5, -0.809017, 0.0, -0.5, -0.809017, -0.309017, 0.0, -0.809017, 0.309017, 0.5, 0.0, 0.0, 0.0, 0.0, 1.0 ], [ 0.809017, -0.309017, -0.5, 0.0, 0.309017, -0.5, 0.809017, 0.0, -0.5, -0.809017, -0.309017, 0.0, 0.0, 0.0, 0.0, 1.0 ], [ 0.5, 0.809017, -0.309017, 0.0, -0.809017, 0.309017, -0.5, 0.0, -0.309017, 0.5, 0.809017, 0.0, 0.0, 0.0, 0.0, 1.0 ], [ 0.309017, -0.5, -0.809017, 0.0, -0.5, -0.809017, 0.309017, 0.0, -0.809017, 0.309017, -0.5, 0.0, 0.0, 0.0, 0.0, 1.0 ], [ 0.809017, -0.309017, 0.5, 0.0, -0.309017, 0.5, 0.809017, 0.0, -0.5, -0.809017, 0.309017, 0.0, 0.0, 0.0, 0.0, 1.0 ], [ 0.809017, 0.309017, -0.5, 0.0, -0.309017, -0.5, -0.809017, 0.0, -0.5, 0.809017, -0.309017, 0.0, 0.0, 0.0, 0.0, 1.0 ], [ 0.5, -0.809017, 0.309017, 0.0, -0.809017, -0.309017, 0.5, 0.0, -0.309017, -0.5, -0.809017, 0.0, 0.0, 0.0, 0.0, 1.0 ], [ 0.309017, 0.5, 0.809017, 0.0, -0.5, 0.809017, -0.309017, 0.0, -0.809017, -0.309017, 0.5, 0.0, 0.0, 0.0, 0.0, 1.0 ], [ -1.0, 0.0, 0.0, 0.0, 0.0, -1.0, 0.0, 0.0, 0.0, 0.0, 1.0, 0.0, 0.0, 0.0, 0.0, 1.0 ], [ 0.0, 0.0, -1.0, 0.0, -1.0, 0.0, 0.0, 0.0, 0.0, 1.0, 0.0, 0.0, 0.0, 0.0, 0.0, 1.0 ], [ 0.0, -1.0, 0.0, 0.0, 0.0, 0.0, -1.0, 0.0, 1.0, 0.0, 0.0, 0.0, 0.0, 0.0, 0.0, 1.0 ], [ -0.809017, -0.309017, -0.5, 0.0, -0.309017, -0.5, 0.809017, 0.0, -0.5, 0.809017, 0.309017, 0.0, 0.0, 0.0, 0.0, 1.0 ], [ 0.5, -0.809017, -0.309017, 0.0, -0.809017, -0.309017, -0.5, 0.0, 0.309017, 0.5, -0.809017, 0.0, 0.0, 0.0, 0.0, 1.0 ], [ -0.309017, -0.5, 0.809017, 0.0, 0.5, -0.809017, -0.309017, 0.0, 0.809017, 0.309017, 0.5, 0.0, 0.0, 0.0, 0.0, 1.0 ], [ -0.5, -0.809017, -0.309017, 0.0, -0.809017, 0.309017, 0.5, 0.0, -0.309017, 0.5, -0.809017, 0.0, 0.0, 0.0, 0.0, 1.0 ], [ 0.309017, -0.5, 0.809017, 0.0, -0.5, -0.809017, -0.309017, 0.0, 0.809017, -0.309017, -0.5, 0.0, 0.0, 0.0, 0.0, 1.0 ], [ -0.809017, 0.309017, 0.5, 0.0, 0.309017, -0.5, 0.809017, 0.0, 0.5, 0.809017, 0.309017, 0.0, 0.0, 0.0, 0.0, 1.0 ], [ -0.5, -0.809017, 0.309017, 0.0, -0.809017, 0.309017, -0.5, 0.0, 0.309017, -0.5, -0.809017, 0.0, 0.0, 0.0, 0.0, 1.0 ], [ -0.309017, 0.5, 0.809017, 0.0, -0.5, -0.809017, 0.309017, 0.0, 0.809017, -0.309017, 0.5, 0.0, 0.0, 0.0, 0.0, 1.0 ], [ -0.809017, 0.309017, -0.5, 0.0, -0.309017, 0.5, 0.809017, 0.0, 0.5, 0.809017, -0.309017, 0.0, 0.0, 0.0, 0.0, 1.0 ], [ -0.809017, -0.309017, 0.5, 0.0, -0.309017, -0.5, -0.809017, 0.0, 0.5, -0.809017, 0.309017, 0.0, 0.0, 0.0, 0.0, 1.0 ], [ -0.5, 0.809017, -0.309017, 0.0, -0.809017, -0.309017, 0.5, 0.0, 0.309017, 0.5, 0.809017, 0.0, 0.0, 0.0, 0.0, 1.0 ], [ -0.309017, -0.5, -0.809017, 0.0, -0.5, 0.809017, -0.309017, 0.0, 0.809017, 0.309017, -0.5, 0.0, 0.0, 0.0, 0.0, 1.0 ], [ -1.0, 0.0, 0.0, 0.0, 0.0, 1.0, 0.0, 0.0, 0.0, 0.0, -1.0, 0.0, 0.0, 0.0, 0.0, 1.0 ], [ 0.0, 0.0, -1.0, 0.0, 1.0, 0.0, 0.0, 0.0, 0.0, -1.0, 0.0, 0.0, 0.0, 0.0, 0.0, 1.0 ], [ 0.0, -1.0, 0.0, 0.0, 0.0, 0.0, 1.0, 0.0, -1.0, 0.0, 0.0, 0.0, 0.0, 0.0, 0.0, 1.0 ], [ -0.809017, -0.309017, -0.5, 0.0, 0.309017, 0.5, -0.809017, 0.0, 0.5, -0.809017, -0.309017, 0.0, 0.0, 0.0, 0.0, 1.0 ], [ 0.5, -0.809017, -0.309017, 0.0, 0.809017, 0.309017, 0.5, 0.0, -0.309017, -0.5, 0.809017, 0.0, 0.0, 0.0, 0.0, 1.0 ], [ -0.309017, -0.5, 0.809017, 0.0, -0.5, 0.809017, 0.309017, 0.0, -0.809017, -0.309017, -0.5, 0.0, 0.0, 0.0, 0.0, 1.0 ], [ -0.5, -0.809017, -0.309017, 0.0, 0.809017, -0.309017, -0.5, 0.0, 0.309017, -0.5, 0.809017, 0.0, 0.0, 0.0, 0.0, 1.0 ], [ 0.309017, -0.5, 0.809017, 0.0, 0.5, 0.809017, 0.309017, 0.0, -0.809017, 0.309017, 0.5, 0.0, 0.0, 0.0, 0.0, 1.0 ], [ -0.809017, 0.309017, 0.5, 0.0, -0.309017, 0.5, -0.809017, 0.0, -0.5, -0.809017, -0.309017, 0.0, 0.0, 0.0, 0.0, 1.0 ], [ -0.5, -0.809017, 0.309017, 0.0, 0.809017, -0.309017, 0.5, 0.0, -0.309017, 0.5, 0.809017, 0.0, 0.0, 0.0, 0.0, 1.0 ], [ -0.309017, 0.5, 0.809017, 0.0, 0.5, 0.809017, -0.309017, 0.0, -0.809017, 0.309017, -0.5, 0.0, 0.0, 0.0, 0.0, 1.0 ], [ -0.809017, 0.309017, -0.5, 0.0, 0.309017, -0.5, -0.809017, 0.0, -0.5, -0.809017, 0.309017, 0.0, 0.0, 0.0, 0.0, 1.0 ], [ -0.809017, -0.309017, 0.5, 0.0, 0.309017, 0.5, 0.809017, 0.0, -0.5, 0.809017, -0.309017, 0.0, 0.0, 0.0, 0.0, 1.0 ], [ -0.5, 0.809017, -0.309017, 0.0, 0.809017, 0.309017, -0.5, 0.0, -0.309017, -0.5, -0.809017, 0.0, 0.0, 0.0, 0.0, 1.0 ], [ -0.309017, -0.5, -0.809017, 0.0, 0.5, -0.809017, 0.309017, 0.0, -0.809017, -0.309017, 0.5, 0.0, 0.0, 0.0, 0.0, 1.0 ] ],
  "lights" : {
    "directionalLights" : [ {
      "direction" : {
        "x" : 1.0,
        "y" : -1.0,
        "z" : -1.0
      },
      "color" : "#EBEBE4"
    }, {
      "direction" : {
        "x" : -1.0,
        "y" : 0.0,
        "z" : 0.0
      },
      "color" : "#E4E4EB"
    }, {
      "direction" : {
        "x" : 0.0,
        "y" : 0.0,
        "z" : -1.0
      },
      "color" : "#1E1E1E"
    } ],
    "backgroundColor" : "#000000",
    "ambientColor" : "#292929"
  },
  "camera" : {
    "lookAtPoint" : {
      "x" : 0.0,
      "y" : 0.0,
      "z" : 0.0
    },
    "stereo" : false,
    "upDirection" : {
      "x" : 0.53240734,
      "y" : 0.6580917,
      "z" : 0.53240734
    },
    "lookDirection" : {
      "x" : -0.46534115,
      "y" : 0.7529378,
      "z" : -0.46534115
    },
    "position" : {
      "x" : 271.48172,
      "y" : -439.26663,
      "z" : 271.48172
    },
    "width" : 262.53204,
    "nearClipDistance" : 1.4585114,
    "fieldOfView" : 0.44262955,
    "perspective" : true,
    "viewDistance" : 583.4036,
    "farClipDistance" : 1166.8047
  },
  "embedding" : [ 1.0, 0.0, 0.0, 0.0, 0.0, 1.0, 0.0, 0.0, 0.0, 0.0, 1.0, 0.0, 0.0, 0.0, 0.0, 1.0 ],
  "shapes" : [ {
    "id" : "42a6d3dc-4979-45ec-bc84-4b37213dffe3",
    "vertices" : [ {
      "x" : 32.725426,
      "y" : 2.9774575,
      "z" : 13.567628
    }, {
      "x" : 68.54102,
      "y" : 0.0,
      "z" : 26.18034
    }, {
      "x" : 20.0,
      "y" : 0.0,
      "z" : 10.0
    } ],
    "faces" : [ {
      "vertices" : [ 0, 1, 2 ]
    }, {
      "vertices" : [ 0, 2, 1 ]
    } ]
  }, {
    "id" : "7fc39cc4-70c4-40f5-8588-4fcb961befd5",
    "vertices" : [ {
      "x" : 0.87977344,
      "y" : 2.9942596,
      "z" : -0.6237743
    }, {
      "x" : 0.0,
      "y" : 3.3333333,
      "z" : 0.0
    }, {
      "x" : 0.0,
      "y" : 2.763932,
      "z" : -1.7082039
    } ],
    "faces" : [ {
      "vertices" : [ 0, 1, 2 ]
    }, {
      "vertices" : [ 0, 2, 1 ]
    } ]
  }, {
    "id" : "5b3c67cd-ff3d-4c72-aa90-d98fbdb17211",
    "vertices" : [ {
      "x" : 2.9774575,
      "y" : 32.725426,
      "z" : 13.567628
    }, {
      "x" : 8.09017,
      "y" : 26.18034,
      "z" : 8.09017
    }, {
      "x" : 0.0,
      "y" : 68.54102,
      "z" : 26.18034
    } ],
    "faces" : [ {
      "vertices" : [ 0, 1, 2 ]
    }, {
      "vertices" : [ 0, 2, 1 ]
    } ]
  }, {
    "id" : "406eaea1-1a9f-48f5-88ac-ca9b66002de5",
    "vertices" : [ {
      "x" : -10.0,
      "y" : 16.18034,
      "z" : -16.18034
    }, {
      "x" : -32.36068,
      "y" : 26.18034,
      "z" : -68.54102
    }, {
      "x" : -10.0,
      "y" : 30.0,
      "z" : -30.0
    } ],
    "faces" : [ {
      "vertices" : [ 0, 1, 2 ]
    }, {
      "vertices" : [ 0, 2, 1 ]
    } ]
  }, {
    "id" : "4d94d151-86cf-4461-bd10-f87521233692",
    "vertices" : [ {
      "x" : 12.36068,
      "y" : 3.8196602,
      "z" : -1.4589803
    }, {
      "x" : 11.708204,
      "y" : 7.236068,
      "z" : 0.0
    }, {
      "x" : 9.289763,
      "y" : 4.4913898,
      "z" : -0.36474508
    } ],
    "faces" : [ {
      "vertices" : [ 0, 1, 2 ]
    }, {
      "vertices" : [ 0, 2, 1 ]
    } ]
  }, {
    "id" : "0278be2e-6564-4ad7-85ab-de549b86b946",
    "vertices" : [ {
      "x" : 8.733834,
      "y" : 0.40089363,
      "z" : 8.733834
    }, {
      "x" : 11.708204,
      "y" : 0.0,
      "z" : 7.236068
    }, {
      "x" : 10.991063,
      "y" : 1.6035745,
      "z" : 10.991063
    } ],
    "faces" : [ {
      "vertices" : [ 0, 1, 2 ]
    }, {
      "vertices" : [ 0, 2, 1 ]
    } ]
  }, {
    "id" : "f2caa9e2-ce02-4444-806b-b244b8104ff3",
    "vertices" : [ {
      "x" : -58.138287,
      "y" : -25.825695,
      "z" : 19.538803
    }, {
      "x" : -58.038284,
      "y" : -25.725697,
      "z" : 19.938803
    }, {
      "x" : -0.40273464,
      "y" : -0.354644,
      "z" : 0.46119738
    }, {
      "x" : -0.50273466,
      "y" : -0.454644,
      "z" : 0.061197378
    }, {
      "x" : -57.80495,
      "y" : -26.025696,
      "z" : 20.072136
    }, {
      "x" : -57.904953,
      "y" : -26.125696,
      "z" : 19.672136
    }, {
      "x" : -0.73606795,
      "y" : -0.15464401,
      "z" : -0.072135955
    }, {
      "x" : -0.636068,
      "y" : -0.054644007,
      "z" : 0.32786405
    } ],
    "faces" : [ {
      "vertices" : [ 2, 3, 6 ]
    }, {
      "vertices" : [ 2, 6, 7 ]
    }, {
      "vertices" : [ 0, 5, 4 ]
    }, {
      "vertices" : [ 0, 4, 1 ]
    }, {
      "vertices" : [ 2, 4, 5 ]
    }, {
      "vertices" : [ 2, 5, 3 ]
    }, {
      "vertices" : [ 0, 6, 3 ]
    }, {
      "vertices" : [ 0, 3, 5 ]
    }, {
      "vertices" : [ 0, 1, 7 ]
    }, {
      "vertices" : [ 0, 7, 6 ]
    }, {
      "vertices" : [ 1, 4, 2 ]
    }, {
      "vertices" : [ 1, 2, 7 ]
    } ]
  }, {
    "id" : "cb1ce0fa-bd22-4a11-a51a-09f5bbe6cb4e",
    "vertices" : [ {
      "x" : 5.644746,
      "y" : 0.20677955,
      "z" : 2.2989821
    }, {
      "x" : 5.6691527,
      "y" : 0.8271182,
      "z" : 0.8271182
    }, {
      "x" : 8.09017,
      "y" : 0.0,
      "z" : 1.9098301
    } ],
    "faces" : [ {
      "vertices" : [ 0, 1, 2 ]
    }, {
      "vertices" : [ 0, 2, 1 ]
    } ]
  }, {
    "id" : "d8a82407-574e-418c-8e07-20f2742e58ed",
    "vertices" : [ {
      "x" : 0.309017,
      "y" : -0.309017,
      "z" : -0.309017
    }, {
      "x" : 0.5,
      "y" : 0.0,
      "z" : -0.19098301
    }, {
      "x" : 0.5,
      "y" : 0.0,
      "z" : 0.19098301
    }, {
      "x" : 0.309017,
      "y" : -0.309017,
      "z" : 0.309017
    }, {
      "x" : 0.19098301,
      "y" : -0.5,
      "z" : 0.0
    }, {
      "x" : 0.0,
      "y" : 0.19098301,
      "z" : 0.5
    }, {
      "x" : 0.0,
      "y" : -0.19098301,
      "z" : 0.5
    }, {
      "x" : 0.309017,
      "y" : 0.309017,
      "z" : 0.309017
    }, {
      "x" : -0.309017,
      "y" : -0.309017,
      "z" : 0.309017
    }, {
      "x" : -0.309017,
      "y" : 0.309017,
      "z" : 0.309017
    }, {
      "x" : -0.5,
      "y" : 0.0,
      "z" : 0.19098301
    }, {
      "x" : 0.0,
      "y" : -0.19098301,
      "z" : -0.5
    }, {
      "x" : 0.0,
      "y" : 0.19098301,
      "z" : -0.5
    }, {
      "x" : 0.309017,
      "y" : 0.309017,
      "z" : -0.309017
    }, {
      "x" : -0.309017,
      "y" : -0.309017,
      "z" : -0.309017
    }, {
      "x" : -0.19098301,
      "y" : -0.5,
      "z" : 0.0
    }, {
      "x" : -0.5,
      "y" : 0.0,
      "z" : -0.19098301
    }, {
      "x" : 0.19098301,
      "y" : 0.5,
      "z" : 0.0
    }, {
      "x" : -0.309017,
      "y" : 0.309017,
      "z" : -0.309017
    }, {
      "x" : 0.0,
      "y" : 0.0,
      "z" : 0.0
    }, {
      "x" : -0.19098301,
      "y" : 0.5,
      "z" : 0.0
    } ],
    "faces" : [ {
      "vertices" : [ 12, 18, 20 ]
    }, {
      "vertices" : [ 12, 20, 17 ]
    }, {
      "vertices" : [ 12, 17, 13 ]
    }, {
      "vertices" : [ 3, 6, 8 ]
    }, {
      "vertices" : [ 3, 8, 15 ]
    }, {
      "vertices" : [ 3, 15, 4 ]
    }, {
      "vertices" : [ 0, 11, 12 ]
    }, {
      "vertices" : [ 0, 12, 13 ]
    }, {
      "vertices" : [ 0, 13, 1 ]
    }, {
      "vertices" : [ 5, 9, 10 ]
    }, {
      "vertices" : [ 5, 10, 8 ]
    }, {
      "vertices" : [ 5, 8, 6 ]
    }, {
      "vertices" : [ 2, 7, 5 ]
    }, {
      "vertices" : [ 2, 5, 6 ]
    }, {
      "vertices" : [ 2, 6, 3 ]
    }, {
      "vertices" : [ 11, 14, 16 ]
    }, {
      "vertices" : [ 11, 16, 18 ]
    }, {
      "vertices" : [ 11, 18, 12 ]
    }, {
      "vertices" : [ 1, 13, 17 ]
    }, {
      "vertices" : [ 1, 17, 7 ]
    }, {
      "vertices" : [ 1, 7, 2 ]
    }, {
      "vertices" : [ 9, 20, 18 ]
    }, {
      "vertices" : [ 9, 18, 16 ]
    }, {
      "vertices" : [ 9, 16, 10 ]
    }, {
      "vertices" : [ 0, 1, 2 ]
    }, {
      "vertices" : [ 0, 2, 3 ]
    }, {
      "vertices" : [ 0, 3, 4 ]
    }, {
      "vertices" : [ 5, 7, 17 ]
    }, {
      "vertices" : [ 5, 17, 20 ]
    }, {
      "vertices" : [ 5, 20, 9 ]
    }, {
      "vertices" : [ 0, 4, 15 ]
    }, {
      "vertices" : [ 0, 15, 14 ]
    }, {
      "vertices" : [ 0, 14, 11 ]
    }, {
      "vertices" : [ 8, 10, 16 ]
    }, {
      "vertices" : [ 8, 16, 14 ]
    }, {
      "vertices" : [ 8, 14, 15 ]
    } ]
  }, {
    "id" : "57586397-fea0-4c14-a40f-e9ac2abc465e",
    "vertices" : [ {
      "x" : 8.09017,
      "y" : 0.0,
      "z" : 1.9098301
    }, {
      "x" : 12.36068,
      "y" : -1.4589803,
      "z" : 3.8196602
    }, {
      "x" : 9.289763,
      "y" : -0.36474508,
      "z" : 4.4913898
    } ],
    "faces" : [ {
      "vertices" : [ 0, 1, 2 ]
    }, {
      "vertices" : [ 0, 2, 1 ]
    } ]
  }, {
    "id" : "b5f30051-4a51-40c1-ae25-a0f5282e6dec",
    "vertices" : [ {
      "x" : 2.2989821,
      "y" : 5.644746,
      "z" : 0.20677955
    }, {
      "x" : 0.8271182,
      "y" : 5.6691527,
      "z" : 0.8271182
    }, {
      "x" : 1.9098301,
      "y" : 8.09017,
      "z" : 0.0
    } ],
    "faces" : [ {
      "vertices" : [ 0, 1, 2 ]
    }, {
      "vertices" : [ 0, 2, 1 ]
    } ]
  }, {
    "id" : "bc64ed33-024d-446e-b3f4-179a9a65f387",
    "vertices" : [ {
      "x" : -59.56635,
      "y" : -25.266691,
      "z" : 11.077662
    }, {
      "x" : -59.466347,
      "y" : -25.166693,
      "z" : 11.477663
    }, {
      "x" : -0.4336528,
      "y" : -0.35636702,
      "z" : 0.3813175
    }, {
      "x" : -0.5336528,
      "y" : -0.45636702,
      "z" : -0.018682517
    }, {
      "x" : -59.233013,
      "y" : -25.466692,
      "z" : 11.610996
    }, {
      "x" : -59.333015,
      "y" : -25.566692,
      "z" : 11.210997
    }, {
      "x" : -0.76698613,
      "y" : -0.15636702,
      "z" : -0.15201585
    }, {
      "x" : -0.6669861,
      "y" : -0.056367017,
      "z" : 0.24798416
    } ],
    "faces" : [ {
      "vertices" : [ 2, 3, 6 ]
    }, {
      "vertices" : [ 2, 6, 7 ]
    }, {
      "vertices" : [ 0, 5, 4 ]
    }, {
      "vertices" : [ 0, 4, 1 ]
    }, {
      "vertices" : [ 2, 4, 5 ]
    }, {
      "vertices" : [ 2, 5, 3 ]
    }, {
      "vertices" : [ 0, 6, 3 ]
    }, {
      "vertices" : [ 0, 3, 5 ]
    }, {
      "vertices" : [ 0, 1, 7 ]
    }, {
      "vertices" : [ 0, 7, 6 ]
    }, {
      "vertices" : [ 1, 4, 2 ]
    }, {
      "vertices" : [ 1, 2, 7 ]
    } ]
  }, {
    "id" : "d7304bd6-1332-4417-8058-04e2e57e9b85",
    "vertices" : [ {
      "x" : 12.575142,
      "y" : -2.1209042,
      "z" : -2.1209042
    }, {
      "x" : 13.09017,
      "y" : -3.09017,
      "z" : 0.0
    }, {
      "x" : 10.0,
      "y" : 0.0,
      "z" : 0.0
    } ],
    "faces" : [ {
      "vertices" : [ 0, 1, 2 ]
    }, {
      "vertices" : [ 0, 2, 1 ]
    } ]
  }, {
    "id" : "ce790cf2-40eb-4b62-8901-5f97c5da364e",
    "vertices" : [ {
      "x" : 8.09017,
      "y" : -11.301922,
      "z" : -29.635256
    }, {
      "x" : 0.0,
      "y" : 0.0,
      "z" : -10.0
    }, {
      "x" : 6.18034,
      "y" : -6.18034,
      "z" : -10.0
    } ],
    "faces" : [ {
      "vertices" : [ 0, 1, 2 ]
    }, {
      "vertices" : [ 0, 2, 1 ]
    } ]
  }, {
    "id" : "328a7163-259a-4670-9e19-7c64cf4e0763",
    "vertices" : [ {
      "x" : -1.1372876,
      "y" : 10.885255,
      "z" : 1.4323726
    }, {
      "x" : -3.09017,
      "y" : 13.09017,
      "z" : 0.0
    }, {
      "x" : -1.4589803,
      "y" : 12.36068,
      "z" : 3.8196602
    } ],
    "faces" : [ {
      "vertices" : [ 0, 1, 2 ]
    }, {
      "vertices" : [ 0, 2, 1 ]
    } ]
  }, {
    "id" : "4edafcdc-85d5-4c2a-a598-2b0c25bf4bb4",
    "vertices" : [ {
      "x" : 1.9098301,
      "y" : 0.0,
      "z" : 8.09017
    }, {
      "x" : 4.4913898,
      "y" : -0.36474508,
      "z" : 9.289763
    }, {
      "x" : 5.0,
      "y" : 0.0,
      "z" : 5.0
    } ],
    "faces" : [ {
      "vertices" : [ 0, 1, 2 ]
    }, {
      "vertices" : [ 0, 2, 1 ]
    } ]
  }, {
    "id" : "abb48762-3aed-45d1-8730-eeb5d1a9ee72",
    "vertices" : [ {
      "x" : -11.165989,
      "y" : -3.8483617,
      "z" : 18.347685
    }, {
      "x" : -16.18034,
      "y" : -10.0,
      "z" : 16.18034
    }, {
      "x" : -5.3934464,
      "y" : -5.3934464,
      "z" : 14.120227
    } ],
    "faces" : [ {
      "vertices" : [ 0, 1, 2 ]
    }, {
      "vertices" : [ 0, 2, 1 ]
    } ]
  }, {
    "id" : "4a2deee6-803f-4600-be22-dfa6ee3fd99c",
    "vertices" : [ {
      "x" : 14.635255,
      "y" : -26.18034,
      "z" : -14.635255
    }, {
      "x" : 26.18034,
      "y" : -68.54102,
      "z" : -32.36068
    }, {
      "x" : 16.18034,
      "y" : -16.18034,
      "z" : -10.0
    } ],
    "faces" : [ {
      "vertices" : [ 0, 1, 2 ]
    }, {
      "vertices" : [ 0, 2, 1 ]
    } ]
  }, {
    "id" : "245a8627-78e4-4bf3-abbe-b03c3731b09b",
    "vertices" : [ {
      "x" : -26.378172,
      "y" : -59.497265,
      "z" : 20.43725
    }, {
      "x" : -26.478172,
      "y" : -59.597267,
      "z" : 20.03725
    }, {
      "x" : -0.454644,
      "y" : -0.50273466,
      "z" : 0.061197378
    }, {
      "x" : -0.354644,
      "y" : -0.40273464,
      "z" : 0.46119738
    }, {
      "x" : -26.778172,
      "y" : -59.363934,
      "z" : 20.170584
    }, {
      "x" : -26.678171,
      "y" : -59.26393,
      "z" : 20.570583
    }, {
      "x" : -0.054644007,
      "y" : -0.636068,
      "z" : 0.32786405
    }, {
      "x" : -0.15464401,
      "y" : -0.73606795,
      "z" : -0.072135955
    } ],
    "faces" : [ {
      "vertices" : [ 2, 3, 6 ]
    }, {
      "vertices" : [ 2, 6, 7 ]
    }, {
      "vertices" : [ 0, 5, 4 ]
    }, {
      "vertices" : [ 0, 4, 1 ]
    }, {
      "vertices" : [ 2, 4, 5 ]
    }, {
      "vertices" : [ 2, 5, 3 ]
    }, {
      "vertices" : [ 0, 6, 3 ]
    }, {
      "vertices" : [ 0, 3, 5 ]
    }, {
      "vertices" : [ 0, 1, 7 ]
    }, {
      "vertices" : [ 0, 7, 6 ]
    }, {
      "vertices" : [ 1, 4, 2 ]
    }, {
      "vertices" : [ 1, 2, 7 ]
    } ]
  }, {
    "id" : "3299b9e2-5472-4af5-970d-0c978c639811",
    "vertices" : [ {
      "x" : 14.719902,
      "y" : 1.3558086,
      "z" : 9.556783
    }, {
      "x" : 10.991063,
      "y" : 1.6035745,
      "z" : 10.991063
    }, {
      "x" : 16.18034,
      "y" : 3.8196602,
      "z" : 10.0
    } ],
    "faces" : [ {
      "vertices" : [ 0, 1, 2 ]
    }, {
      "vertices" : [ 0, 2, 1 ]
    } ]
  }, {
    "id" : "ec14bcdb-ee41-47f9-acda-394941989c32",
    "vertices" : [ {
      "x" : 52.051662,
      "y" : 19.881966,
      "z" : -7.5942354
    }, {
      "x" : 51.669697,
      "y" : 19.427052,
      "z" : -7.403252
    }, {
      "x" : 51.506577,
      "y" : 19.690983,
      "z" : -7.830303
    }, {
      "x" : 51.433628,
      "y" : 19.954914,
      "z" : -7.6393204
    }, {
      "x" : 0.85410196,
      "y" : 0.309017,
      "z" : 0.19098301
    }, {
      "x" : 0.690983,
      "y" : 0.572949,
      "z" : -0.23606798
    }, {
      "x" : 0.309017,
      "y" : 0.11803399,
      "z" : -0.045084972
    }, {
      "x" : 0.76393205,
      "y" : 0.309017,
      "z" : -0.42705098
    }, {
      "x" : 0.927051,
      "y" : 0.045084972,
      "z" : 0.0
    }, {
      "x" : 51.59675,
      "y" : 19.690983,
      "z" : -7.2122693
    }, {
      "x" : 52.36068,
      "y" : 20.0,
      "z" : -7.6393204
    } ],
    "faces" : [ {
      "vertices" : [ 2, 7, 5 ]
    }, {
      "vertices" : [ 2, 5, 3 ]
    }, {
      "vertices" : [ 1, 8, 7 ]
    }, {
      "vertices" : [ 1, 7, 2 ]
    }, {
      "vertices" : [ 4, 6, 8 ]
    }, {
      "vertices" : [ 5, 7, 6 ]
    }, {
      "vertices" : [ 0, 1, 2 ]
    }, {
      "vertices" : [ 0, 2, 3 ]
    }, {
      "vertices" : [ 6, 7, 8 ]
    }, {
      "vertices" : [ 3, 5, 4 ]
    }, {
      "vertices" : [ 3, 4, 9 ]
    }, {
      "vertices" : [ 1, 9, 4 ]
    }, {
      "vertices" : [ 1, 4, 8 ]
    }, {
      "vertices" : [ 0, 9, 1 ]
    }, {
      "vertices" : [ 0, 3, 9 ]
    }, {
      "vertices" : [ 4, 5, 6 ]
    } ]
  }, {
    "id" : "bdd996a4-bc46-4e26-9505-28f501f549ba",
    "vertices" : [ {
      "x" : -16.18034,
      "y" : -10.0,
      "z" : 16.18034
    }, {
      "x" : -30.0,
      "y" : -10.0,
      "z" : 30.0
    }, {
      "x" : -20.0,
      "y" : 0.0,
      "z" : 30.0
    } ],
    "faces" : [ {
      "vertices" : [ 0, 1, 2 ]
    }, {
      "vertices" : [ 0, 2, 1 ]
    } ]
  }, {
    "id" : "a57a6805-97b3-49f4-b615-eba9c771e756",
    "vertices" : [ {
      "x" : 36.18034,
      "y" : -3.4164078,
      "z" : 14.472136
    }, {
      "x" : 20.0,
      "y" : 0.0,
      "z" : 10.0
    }, {
      "x" : 26.18034,
      "y" : -6.18034,
      "z" : 10.0
    } ],
    "faces" : [ {
      "vertices" : [ 0, 1, 2 ]
    }, {
      "vertices" : [ 0, 2, 1 ]
    } ]
  }, {
    "id" : "ced07463-35b3-4d27-a68b-89a0fc1c9edc",
    "vertices" : [ {
      "x" : 0.13333334,
      "y" : -19.577778,
      "z" : -59.4
    }, {
      "x" : -0.26666668,
      "y" : -19.677778,
      "z" : -59.5
    }, {
      "x" : -0.13333334,
      "y" : -0.42222223,
      "z" : -0.6
    }, {
      "x" : 0.26666668,
      "y" : -0.32222223,
      "z" : -0.5
    }, {
      "x" : -0.13333334,
      "y" : -19.977777,
      "z" : -59.266666
    }, {
      "x" : 0.26666668,
      "y" : -19.877777,
      "z" : -59.166668
    }, {
      "x" : 0.13333334,
      "y" : -0.022222223,
      "z" : -0.73333335
    }, {
      "x" : -0.26666668,
      "y" : -0.12222222,
      "z" : -0.8333333
    } ],
    "faces" : [ {
      "vertices" : [ 2, 3, 6 ]
    }, {
      "vertices" : [ 2, 6, 7 ]
    }, {
      "vertices" : [ 0, 5, 4 ]
    }, {
      "vertices" : [ 0, 4, 1 ]
    }, {
      "vertices" : [ 2, 4, 5 ]
    }, {
      "vertices" : [ 2, 5, 3 ]
    }, {
      "vertices" : [ 0, 6, 3 ]
    }, {
      "vertices" : [ 0, 3, 5 ]
    }, {
      "vertices" : [ 0, 1, 7 ]
    }, {
      "vertices" : [ 0, 7, 6 ]
    }, {
      "vertices" : [ 1, 4, 2 ]
    }, {
      "vertices" : [ 1, 2, 7 ]
    } ]
  }, {
    "id" : "800a28e8-e410-4128-9f0c-4888e5120505",
    "vertices" : [ {
      "x" : 7.9774575,
      "y" : 7.9774575,
      "z" : 17.135256
    }, {
      "x" : 10.0,
      "y" : 3.8196602,
      "z" : 16.18034
    }, {
      "x" : 8.09017,
      "y" : 8.09017,
      "z" : 26.18034
    } ],
    "faces" : [ {
      "vertices" : [ 0, 1, 2 ]
    }, {
      "vertices" : [ 0, 2, 1 ]
    } ]
  }, {
    "id" : "a00bbac5-cc8a-40e7-9784-156db4766d32",
    "vertices" : [ {
      "x" : -2.1209042,
      "y" : -2.1209042,
      "z" : 12.575142
    }, {
      "x" : -3.09017,
      "y" : 0.0,
      "z" : 13.09017
    }, {
      "x" : 0.0,
      "y" : 0.0,
      "z" : 10.0
    } ],
    "faces" : [ {
      "vertices" : [ 0, 1, 2 ]
    }, {
      "vertices" : [ 0, 2, 1 ]
    } ]
  }, {
    "id" : "d396b969-6621-4246-84c9-b2c69cd51ecc",
    "vertices" : [ {
      "x" : 36.18034,
      "y" : -3.4164078,
      "z" : 14.472136
    }, {
      "x" : 68.54102,
      "y" : 0.0,
      "z" : 26.18034
    }, {
      "x" : 20.0,
      "y" : 0.0,
      "z" : 10.0
    } ],
    "faces" : [ {
      "vertices" : [ 0, 1, 2 ]
    }, {
      "vertices" : [ 0, 2, 1 ]
    } ]
  }, {
    "id" : "fb327ae6-2129-4402-a8eb-a009164368e2",
    "vertices" : [ {
      "x" : 1.4323726,
      "y" : -1.1372876,
      "z" : 10.885255
    }, {
      "x" : 3.8196602,
      "y" : -1.4589803,
      "z" : 12.36068
    }, {
      "x" : 1.9098301,
      "y" : 0.0,
      "z" : 8.09017
    } ],
    "faces" : [ {
      "vertices" : [ 0, 1, 2 ]
    }, {
      "vertices" : [ 0, 2, 1 ]
    } ]
  }, {
    "id" : "0211340b-41d1-4958-85f1-ccdae2e68c10",
    "vertices" : [ {
      "x" : -2.3176274,
      "y" : 3.190983,
      "z" : -6.1995935
    }, {
      "x" : 0.0,
      "y" : 0.0,
      "z" : -10.0
    }, {
      "x" : -6.18034,
      "y" : 6.18034,
      "z" : -10.0
    } ],
    "faces" : [ {
      "vertices" : [ 0, 1, 2 ]
    }, {
      "vertices" : [ 0, 2, 1 ]
    } ]
  }, {
    "id" : "8d09569e-49d0-4aa6-b9c2-0766ca694548",
    "vertices" : [ {
      "x" : 8.09017,
      "y" : 0.0,
      "z" : 1.9098301
    }, {
      "x" : 9.289763,
      "y" : -0.36474508,
      "z" : 4.4913898
    }, {
      "x" : 5.0,
      "y" : 0.0,
      "z" : 5.0
    } ],
    "faces" : [ {
      "vertices" : [ 0, 1, 2 ]
    }, {
      "vertices" : [ 0, 2, 1 ]
    } ]
  }, {
    "id" : "52469f5e-2d95-4210-96cc-06e54ca99072",
    "vertices" : [ {
      "x" : 2.7191262,
      "y" : -0.8316991,
      "z" : 0.68670446
    }, {
      "x" : 2.0601132,
      "y" : -0.78689325,
      "z" : 2.0601132
    }, {
      "x" : 2.763932,
      "y" : -1.7082039,
      "z" : 0.0
    } ],
    "faces" : [ {
      "vertices" : [ 0, 1, 2 ]
    }, {
      "vertices" : [ 0, 2, 1 ]
    } ]
  }, {
    "id" : "a06352ab-55af-4947-8df2-a27f760ad690",
    "vertices" : [ {
      "x" : 13.567628,
      "y" : 2.9774575,
      "z" : 32.725426
    }, {
      "x" : 10.0,
      "y" : 3.8196602,
      "z" : 16.18034
    }, {
      "x" : 10.0,
      "y" : 0.0,
      "z" : 20.0
    } ],
    "faces" : [ {
      "vertices" : [ 0, 1, 2 ]
    }, {
      "vertices" : [ 0, 2, 1 ]
    } ]
  }, {
    "id" : "1ad62d4f-85d5-4d7a-82b5-163199b201fa",
    "vertices" : [ {
      "x" : -1.1995934,
      "y" : -1.1995934,
      "z" : 3.1702144
    }, {
      "x" : 0.0,
      "y" : 0.0,
      "z" : 3.3333333
    }, {
      "x" : -1.7082039,
      "y" : 0.0,
      "z" : 2.763932
    } ],
    "faces" : [ {
      "vertices" : [ 0, 1, 2 ]
    }, {
      "vertices" : [ 0, 2, 1 ]
    } ]
  }, {
    "id" : "c55d6e9a-391e-445b-aa05-82a5ff9c71ae",
    "vertices" : [ {
      "x" : 1.3558086,
      "y" : 9.556783,
      "z" : 14.719902
    }, {
      "x" : 0.0,
      "y" : 7.236068,
      "z" : 11.708204
    }, {
      "x" : 0.0,
      "y" : 10.0,
      "z" : 20.0
    } ],
    "faces" : [ {
      "vertices" : [ 0, 1, 2 ]
    }, {
      "vertices" : [ 0, 2, 1 ]
    } ]
  }, {
    "id" : "58b7b3f7-fbda-4af7-8b4c-109027923f1b",
    "vertices" : [ {
      "x" : -1.1372876,
      "y" : 1.4323726,
      "z" : 10.885255
    }, {
      "x" : 0.0,
      "y" : 0.0,
      "z" : 10.0
    }, {
      "x" : -3.09017,
      "y" : 0.0,
      "z" : 13.09017
    } ],
    "faces" : [ {
      "vertices" : [ 0, 1, 2 ]
    }, {
      "vertices" : [ 0, 2, 1 ]
    } ]
  }, {
    "id" : "f38bb072-2f7e-4146-89ad-097f44add086",
    "vertices" : [ {
      "x" : -6.1995935,
      "y" : -2.3176274,
      "z" : 3.190983
    }, {
      "x" : -3.09017,
      "y" : -3.09017,
      "z" : 3.8196602
    }, {
      "x" : -1.7082039,
      "y" : 0.0,
      "z" : 2.763932
    } ],
    "faces" : [ {
      "vertices" : [ 0, 1, 2 ]
    }, {
      "vertices" : [ 0, 2, 1 ]
    } ]
  }, {
    "id" : "de32e86b-c90b-4071-8bd7-0b55eb97eb44",
    "vertices" : [ {
      "x" : 0.87977344,
      "y" : 2.9942596,
      "z" : -0.6237743
    }, {
      "x" : 0.0,
      "y" : 2.763932,
      "z" : -1.7082039
    }, {
      "x" : 2.0601132,
      "y" : 2.0601132,
      "z" : -0.78689325
    } ],
    "faces" : [ {
      "vertices" : [ 0, 1, 2 ]
    }, {
      "vertices" : [ 0, 2, 1 ]
    } ]
  }, {
    "id" : "3ad6b6de-c48f-4445-a383-828bdb60bead",
    "vertices" : [ {
      "x" : 2.9942596,
      "y" : -0.6237743,
      "z" : 0.87977344
    }, {
      "x" : 2.763932,
      "y" : -1.7082039,
      "z" : 0.0
    }, {
      "x" : 2.0601132,
      "y" : -0.78689325,
      "z" : 2.0601132
    } ],
    "faces" : [ {
      "vertices" : [ 0, 1, 2 ]
    }, {
      "vertices" : [ 0, 2, 1 ]
    } ]
  }, {
    "id" : "2e6a4755-67b4-4850-8747-6417d90cc104",
    "vertices" : [ {
      "x" : -6.1995935,
      "y" : -2.3176274,
      "z" : 3.190983
    }, {
      "x" : -1.7082039,
      "y" : 0.0,
      "z" : 2.763932
    }, {
      "x" : -10.0,
      "y" : 0.0,
      "z" : 0.0
    } ],
    "faces" : [ {
      "vertices" : [ 0, 1, 2 ]
    }, {
      "vertices" : [ 0, 2, 1 ]
    } ]
  }, {
    "id" : "d31c54f0-5e7a-4ddb-b5c0-a158316983bd",
    "vertices" : [ {
      "x" : 2.7191262,
      "y" : 0.68670446,
      "z" : -0.8316991
    }, {
      "x" : 3.3333333,
      "y" : 0.0,
      "z" : 0.0
    }, {
      "x" : 3.8196602,
      "y" : 1.4589803,
      "z" : 0.0
    } ],
    "faces" : [ {
      "vertices" : [ 0, 1, 2 ]
    }, {
      "vertices" : [ 0, 2, 1 ]
    } ]
  }, {
    "id" : "9e328f42-d066-46ea-a107-3c0b0730f029",
    "vertices" : [ {
      "x" : -11.301922,
      "y" : -29.635256,
      "z" : 8.09017
    }, {
      "x" : -32.36068,
      "y" : -68.54102,
      "z" : 26.18034
    }, {
      "x" : -6.6666665,
      "y" : -30.0,
      "z" : 0.0
    } ],
    "faces" : [ {
      "vertices" : [ 0, 1, 2 ]
    }, {
      "vertices" : [ 0, 2, 1 ]
    } ]
  }, {
    "id" : "e663de83-b5a3-4d2d-a53b-dbe3d8719539",
    "vertices" : [ {
      "x" : -41.827026,
      "y" : 8.108852,
      "z" : -17.633802
    }, {
      "x" : -41.92703,
      "y" : 7.7088523,
      "z" : -17.733803
    }, {
      "x" : -0.5336528,
      "y" : -0.018682517,
      "z" : -0.45636702
    }, {
      "x" : -0.4336528,
      "y" : 0.3813175,
      "z" : -0.35636702
    }, {
      "x" : -41.693695,
      "y" : 7.842186,
      "z" : -18.033802
    }, {
      "x" : -41.593693,
      "y" : 8.242186,
      "z" : -17.933804
    }, {
      "x" : -0.6669861,
      "y" : 0.24798416,
      "z" : -0.056367017
    }, {
      "x" : -0.76698613,
      "y" : -0.15201585,
      "z" : -0.15636702
    } ],
    "faces" : [ {
      "vertices" : [ 2, 3, 6 ]
    }, {
      "vertices" : [ 2, 6, 7 ]
    }, {
      "vertices" : [ 0, 5, 4 ]
    }, {
      "vertices" : [ 0, 4, 1 ]
    }, {
      "vertices" : [ 2, 4, 5 ]
    }, {
      "vertices" : [ 2, 5, 3 ]
    }, {
      "vertices" : [ 0, 6, 3 ]
    }, {
      "vertices" : [ 0, 3, 5 ]
    }, {
      "vertices" : [ 0, 1, 7 ]
    }, {
      "vertices" : [ 0, 7, 6 ]
    }, {
      "vertices" : [ 1, 4, 2 ]
    }, {
      "vertices" : [ 1, 2, 7 ]
    } ]
  }, {
    "id" : "349df160-7c29-41c3-9829-a0c166904045",
    "vertices" : [ {
      "x" : 3.8196602,
      "y" : 12.36068,
      "z" : -1.4589803
    }, {
      "x" : 7.236068,
      "y" : 11.708204,
      "z" : 0.0
    }, {
      "x" : 4.4913898,
      "y" : 9.289763,
      "z" : -0.36474508
    } ],
    "faces" : [ {
      "vertices" : [ 0, 1, 2 ]
    }, {
      "vertices" : [ 0, 2, 1 ]
    } ]
  }, {
    "id" : "cf478707-3ab4-4805-ae37-644ac915147c",
    "vertices" : [ {
      "x" : -3.8483617,
      "y" : -11.165989,
      "z" : 18.347685
    }, {
      "x" : -5.3934464,
      "y" : -5.3934464,
      "z" : 14.120227
    }, {
      "x" : 0.0,
      "y" : -3.09017,
      "z" : 13.09017
    } ],
    "faces" : [ {
      "vertices" : [ 0, 1, 2 ]
    }, {
      "vertices" : [ 0, 2, 1 ]
    } ]
  }, {
    "id" : "107409b0-55d4-4c9d-b9cf-4993a9d1f1b3",
    "vertices" : [ {
      "x" : 2.7191262,
      "y" : 0.68670446,
      "z" : -0.8316991
    }, {
      "x" : 2.0601132,
      "y" : 2.0601132,
      "z" : -0.78689325
    }, {
      "x" : 2.763932,
      "y" : 0.0,
      "z" : -1.7082039
    } ],
    "faces" : [ {
      "vertices" : [ 0, 1, 2 ]
    }, {
      "vertices" : [ 0, 2, 1 ]
    } ]
  }, {
    "id" : "14296054-a8cc-4d46-a729-224e6aa1d7cc",
    "vertices" : [ {
      "x" : 9.556783,
      "y" : 1.3558086,
      "z" : 14.719902
    }, {
      "x" : 7.236068,
      "y" : 0.0,
      "z" : 11.708204
    }, {
      "x" : 10.0,
      "y" : 0.0,
      "z" : 20.0
    } ],
    "faces" : [ {
      "vertices" : [ 0, 1, 2 ]
    }, {
      "vertices" : [ 0, 2, 1 ]
    } ]
  }, {
    "id" : "20e7bfb1-9626-4c1c-bb5a-6b78375d76b8",
    "vertices" : [ {
      "x" : -6.1995935,
      "y" : -2.3176274,
      "z" : 3.190983
    }, {
      "x" : -10.0,
      "y" : -6.18034,
      "z" : 6.18034
    }, {
      "x" : -3.09017,
      "y" : -3.09017,
      "z" : 3.8196602
    } ],
    "faces" : [ {
      "vertices" : [ 0, 1, 2 ]
    }, {
      "vertices" : [ 0, 2, 1 ]
    } ]
  }, {
    "id" : "7e6a5f66-2fc2-4b85-b274-ab833af96e29",
    "vertices" : [ {
      "x" : 16.18034,
      "y" : -10.0,
      "z" : -16.18034
    }, {
      "x" : 26.18034,
      "y" : -32.36068,
      "z" : -68.54102
    }, {
      "x" : 30.0,
      "y" : -10.0,
      "z" : -30.0
    } ],
    "faces" : [ {
      "vertices" : [ 0, 1, 2 ]
    }, {
      "vertices" : [ 0, 2, 1 ]
    } ]
  }, {
    "id" : "7e91970f-2cd9-44b6-a204-0de11d0c83a6",
    "vertices" : [ {
      "x" : -3.8483617,
      "y" : 18.347685,
      "z" : -11.165989
    }, {
      "x" : 0.0,
      "y" : 30.0,
      "z" : -20.0
    }, {
      "x" : -10.0,
      "y" : 16.18034,
      "z" : -16.18034
    } ],
    "faces" : [ {
      "vertices" : [ 0, 1, 2 ]
    }, {
      "vertices" : [ 0, 2, 1 ]
    } ]
  }, {
    "id" : "0f404bd8-0b3f-45d4-a38c-2de4ad005b4f",
    "vertices" : [ {
      "x" : 65.14183,
      "y" : 24.881966,
      "z" : -9.5040655
    }, {
      "x" : 64.759865,
      "y" : 24.427052,
      "z" : -9.313083
    }, {
      "x" : 64.59675,
      "y" : 24.690983,
      "z" : -9.740133
    }, {
      "x" : 64.523796,
      "y" : 24.954914,
      "z" : -9.54915
    }, {
      "x" : 0.85410196,
      "y" : 0.309017,
      "z" : 0.19098301
    }, {
      "x" : 0.690983,
      "y" : 0.572949,
      "z" : -0.23606798
    }, {
      "x" : 0.309017,
      "y" : 0.11803399,
      "z" : -0.045084972
    }, {
      "x" : 0.76393205,
      "y" : 0.309017,
      "z" : -0.42705098
    }, {
      "x" : 0.927051,
      "y" : 0.045084972,
      "z" : 0.0
    }, {
      "x" : 64.68692,
      "y" : 24.690983,
      "z" : -9.122099
    }, {
      "x" : 65.45085,
      "y" : 25.0,
      "z" : -9.54915
    } ],
    "faces" : [ {
      "vertices" : [ 2, 7, 5 ]
    }, {
      "vertices" : [ 2, 5, 3 ]
    }, {
      "vertices" : [ 1, 8, 7 ]
    }, {
      "vertices" : [ 1, 7, 2 ]
    }, {
      "vertices" : [ 4, 6, 8 ]
    }, {
      "vertices" : [ 5, 7, 6 ]
    }, {
      "vertices" : [ 0, 1, 2 ]
    }, {
      "vertices" : [ 0, 2, 3 ]
    }, {
      "vertices" : [ 6, 7, 8 ]
    }, {
      "vertices" : [ 3, 5, 4 ]
    }, {
      "vertices" : [ 3, 4, 9 ]
    }, {
      "vertices" : [ 1, 9, 4 ]
    }, {
      "vertices" : [ 1, 4, 8 ]
    }, {
      "vertices" : [ 0, 9, 1 ]
    }, {
      "vertices" : [ 0, 3, 9 ]
    }, {
      "vertices" : [ 4, 5, 6 ]
    } ]
  }, {
    "id" : "7b23e482-0af6-403e-9bff-04feae52e295",
    "vertices" : [ {
      "x" : 20.407797,
      "y" : 5.954915,
      "z" : -5.1823726
    }, {
      "x" : 13.09017,
      "y" : 0.0,
      "z" : -3.09017
    }, {
      "x" : 30.0,
      "y" : 10.0,
      "z" : -10.0
    } ],
    "faces" : [ {
      "vertices" : [ 0, 1, 2 ]
    }, {
      "vertices" : [ 0, 2, 1 ]
    } ]
  }, {
    "id" : "7a7299e2-9a6a-4a60-b0f8-6cdaf4772040",
    "vertices" : [ {
      "x" : 1.3558086,
      "y" : 9.556783,
      "z" : 14.719902
    }, {
      "x" : 1.6035745,
      "y" : 10.991063,
      "z" : 10.991063
    }, {
      "x" : 0.0,
      "y" : 7.236068,
      "z" : 11.708204
    } ],
    "faces" : [ {
      "vertices" : [ 0, 1, 2 ]
    }, {
      "vertices" : [ 0, 2, 1 ]
    } ]
  }, {
    "id" : "04b1a6f9-cd30-48ac-bcb7-98678fdefe76",
    "vertices" : [ {
      "x" : 9.556783,
      "y" : 1.3558086,
      "z" : 14.719902
    }, {
      "x" : 10.0,
      "y" : 0.0,
      "z" : 20.0
    }, {
      "x" : 10.0,
      "y" : 3.8196602,
      "z" : 16.18034
    } ],
    "faces" : [ {
      "vertices" : [ 0, 1, 2 ]
    }, {
      "vertices" : [ 0, 2, 1 ]
    } ]
  }, {
    "id" : "e9c176cf-398b-402b-bfeb-d2008003e557",
    "vertices" : [ {
      "x" : -6.18034,
      "y" : 10.0,
      "z" : 26.18034
    }, {
      "x" : -10.0,
      "y" : 10.0,
      "z" : 30.0
    }, {
      "x" : -7.4852915,
      "y" : 11.708204,
      "z" : 30.0
    } ],
    "faces" : [ {
      "vertices" : [ 0, 1, 2 ]
    }, {
      "vertices" : [ 0, 2, 1 ]
    } ]
  }, {
    "id" : "c6d0fd0c-c2d8-4426-a827-5c577a03495d",
    "vertices" : [ {
