{
  "field" : "golden",
  "symmetry" : "icosahedral",
  "orientations" : [ [ 1.0, 0.0, 0.0, 0.0, 0.0, 1.0, 0.0, 0.0, 0.0, 0.0, 1.0, 0.0, 0.0, 0.0, 0.0, 1.0 ], [ 0.0, 0.0, 1.0, 0.0, 1.0, 0.0, 0.0, 0.0, 0.0, 1.0, 0.0, 0.0, 0.0, 0.0, 0.0, 1.0 ], [ 0.0, 1.0, 0.0, 0.0, 0.0, 0.0, 1.0, 0.0, 1.0, 0.0, 0.0, 0.0, 0.0, 0.0, 0.0, 1.0 ], [ 0.809017, 0.309017, 0.5, 0.0, 0.309017, 0.5, -0.809017, 0.0, -0.5, 0.809017, 0.309017, 0.0, 0.0, 0.0, 0.0, 1.0 ], [ -0.5, 0.809017, 0.309017, 0.0, 0.809017, 0.309017, 0.5, 0.0, 0.309017, 0.5, -0.809017, 0.0, 0.0, 0.0, 0.0, 1.0 ], [ 0.309017, 0.5, -0.809017, 0.0, -0.5, 0.809017, 0.309017, 0.0, 0.809017, 0.309017, 0.5, 0.0, 0.0, 0.0, 0.0, 1.0 ], [ 0.5, 0.809017, 0.309017, 0.0, 0.809017, -0.309017, -0.5, 0.0, -0.309017, 0.5, -0.809017, 0.0, 0.0, 0.0, 0.0, 1.0 ], [ -0.309017, 0.5, -0.809017, 0.0, 0.5, 0.809017, 0.309017, 0.0, 0.809017, -0.309017, -0.5, 0.0, 0.0, 0.0, 0.0, 1.0 ], [ 0.809017, -0.309017, -0.5, 0.0, -0.309017, 0.5, -0.809017, 0.0, 0.5, 0.809017, 0.309017, 0.0, 0.0, 0.0, 0.0, 1.0 ], [ 0.5, 0.809017, -0.309017, 0.0, 0.809017, -0.309017, 0.5, 0.0, 0.309017, -0.5, -0.809017, 0.0, 0.0, 0.0, 0.0, 1.0 ], [ 0.309017, -0.5, -0.809017, 0.0, 0.5, 0.809017, -0.309017, 0.0, 0.809017, -0.309017, 0.5, 0.0, 0.0, 0.0, 0.0, 1.0 ], [ 0.809017, -0.309017, 0.5, 0.0, 0.309017, -0.5, -0.809017, 0.0, 0.5, 0.809017, -0.309017, 0.0, 0.0, 0.0, 0.0, 1.0 ], [ 0.809017, 0.309017, -0.5, 0.0, 0.309017, 0.5, 0.809017, 0.0, 0.5, -0.809017, 0.309017, 0.0, 0.0, 0.0, 0.0, 1.0 ], [ 0.5, -0.809017, 0.309017, 0.0, 0.809017, 0.309017, -0.5, 0.0, 0.309017, 0.5, 0.809017, 0.0, 0.0, 0.0, 0.0, 1.0 ], [ 0.309017, 0.5, 0.809017, 0.0, 0.5, -0.809017, 0.309017, 0.0, 0.809017, 0.309017, -0.5, 0.0, 0.0, 0.0, 0.0, 1.0 ], [ 1.0, 0.0, 0.0, 0.0, 0.0, -1.0, 0.0, 0.0, 0.0, 0.0, -1.0, 0.0, 0.0, 0.0, 0.0, 1.0 ], [ 0.0, 0.0, 1.0, 0.0, -1.0, 0.0, 0.0, 0.0, 0.0, -1.0, 0.0, 0.0, 0.0, 0.0, 0.0, 1.0 ], [ 0.0, 1.0, 0.0, 0.0, 0.0, 0.0, -1.0, 0.0, -1.0, 0.0, 0.0, 0.0, 0.0, 0.0, 0.0, 1.0 ], [ 0.809017, 0.309017, 0.5, 0.0, -0.309017, -0.5, 0.809017, 0.0, 0.5, -0.809017, -0.309017, 0.0, 0.0, 0.0, 0.0, 1.0 ], [ -0.5, 0.809017, 0.309017, 0.0, -0.809017, -0.309017, -0.5, 0.0, -0.309017, -0.5, 0.809017, 0.0, 0.0, 0.0, 0.0, 1.0 ], [ 0.309017, 0.5, -0.809017, 0.0, 0.5, -0.809017, -0.309017, 0.0, -0.809017, -0.309017, -0.5, 0.0, 0.0, 0.0, 0.0, 1.0 ], [ 0.5, 0.809017, 0.309017, 0.0, -0.809017, 0.309017, 0.5, 0.0, 0.309017, -0.5, 0.809017, 0.0, 0.0, 0.0, 0.0, 1.0 ], [ -0.309017, 0.5, -0.809017, 0.0, -0.5, -0.809017, -0.309017, 0.0, -0.809017, 0.309017, 0.5, 0.0, 0.0, 0.0, 0.0, 1.0 ], [ 0.809017, -0.309017, -0.5, 0.0, 0.309017, -0.5, 0.809017, 0.0, -0.5, -0.809017, -0.309017, 0.0, 0.0, 0.0, 0.0, 1.0 ], [ 0.5, 0.809017, -0.309017, 0.0, -0.809017, 0.309017, -0.5, 0.0, -0.309017, 0.5, 0.809017, 0.0, 0.0, 0.0, 0.0, 1.0 ], [ 0.309017, -0.5, -0.809017, 0.0, -0.5, -0.809017, 0.309017, 0.0, -0.809017, 0.309017, -0.5, 0.0, 0.0, 0.0, 0.0, 1.0 ], [ 0.809017, -0.309017, 0.5, 0.0, -0.309017, 0.5, 0.809017, 0.0, -0.5, -0.809017, 0.309017, 0.0, 0.0, 0.0, 0.0, 1.0 ], [ 0.809017, 0.309017, -0.5, 0.0, -0.309017, -0.5, -0.809017, 0.0, -0.5, 0.809017, -0.309017, 0.0, 0.0, 0.0, 0.0, 1.0 ], [ 0.5, -0.809017, 0.309017, 0.0, -0.809017, -0.309017, 0.5, 0.0, -0.309017, -0.5, -0.809017, 0.0, 0.0, 0.0, 0.0, 1.0 ], [ 0.309017, 0.5, 0.809017, 0.0, -0.5, 0.809017, -0.309017, 0.0, -0.809017, -0.309017, 0.5, 0.0, 0.0, 0.0, 0.0, 1.0 ], [ -1.0, 0.0, 0.0, 0.0, 0.0, -1.0, 0.0, 0.0, 0.0, 0.0, 1.0, 0.0, 0.0, 0.0, 0.0, 1.0 ], [ 0.0, 0.0, -1.0, 0.0, -1.0, 0.0, 0.0, 0.0, 0.0, 1.0, 0.0, 0.0, 0.0, 0.0, 0.0, 1.0 ], [ 0.0, -1.0, 0.0, 0.0, 0.0, 0.0, -1.0, 0.0, 1.0, 0.0, 0.0, 0.0, 0.0, 0.0, 0.0, 1.0 ], [ -0.809017, -0.309017, -0.5, 0.0, -0.309017, -0.5, 0.809017, 0.0, -0.5, 0.809017, 0.309017, 0.0, 0.0, 0.0, 0.0, 1.0 ], [ 0.5, -0.809017, -0.309017, 0.0, -0.809017, -0.309017, -0.5, 0.0, 0.309017, 0.5, -0.809017, 0.0, 0.0, 0.0, 0.0, 1.0 ], [ -0.309017, -0.5, 0.809017, 0.0, 0.5, -0.809017, -0.309017, 0.0, 0.809017, 0.309017, 0.5, 0.0, 0.0, 0.0, 0.0, 1.0 ], [ -0.5, -0.809017, -0.309017, 0.0, -0.809017, 0.309017, 0.5, 0.0, -0.309017, 0.5, -0.809017, 0.0, 0.0, 0.0, 0.0, 1.0 ], [ 0.309017, -0.5, 0.809017, 0.0, -0.5, -0.809017, -0.309017, 0.0, 0.809017, -0.309017, -0.5, 0.0, 0.0, 0.0, 0.0, 1.0 ], [ -0.809017, 0.309017, 0.5, 0.0, 0.309017, -0.5, 0.809017, 0.0, 0.5, 0.809017, 0.309017, 0.0, 0.0, 0.0, 0.0, 1.0 ], [ -0.5, -0.809017, 0.309017, 0.0, -0.809017, 0.309017, -0.5, 0.0, 0.309017, -0.5, -0.809017, 0.0, 0.0, 0.0, 0.0, 1.0 ], [ -0.309017, 0.5, 0.809017, 0.0, -0.5, -0.809017, 0.309017, 0.0, 0.809017, -0.309017, 0.5, 0.0, 0.0, 0.0, 0.0, 1.0 ], [ -0.809017, 0.309017, -0.5, 0.0, -0.309017, 0.5, 0.809017, 0.0, 0.5, 0.809017, -0.309017, 0.0, 0.0, 0.0, 0.0, 1.0 ], [ -0.809017, -0.309017, 0.5, 0.0, -0.309017, -0.5, -0.809017, 0.0, 0.5, -0.809017, 0.309017, 0.0, 0.0, 0.0, 0.0, 1.0 ], [ -0.5, 0.809017, -0.309017, 0.0, -0.809017, -0.309017, 0.5, 0.0, 0.309017, 0.5, 0.809017, 0.0, 0.0, 0.0, 0.0, 1.0 ], [ -0.309017, -0.5, -0.809017, 0.0, -0.5, 0.809017, -0.309017, 0.0, 0.809017, 0.309017, -0.5, 0.0, 0.0, 0.0, 0.0, 1.0 ], [ -1.0, 0.0, 0.0, 0.0, 0.0, 1.0, 0.0, 0.0, 0.0, 0.0, -1.0, 0.0, 0.0, 0.0, 0.0, 1.0 ], [ 0.0, 0.0, -1.0, 0.0, 1.0, 0.0, 0.0, 0.0, 0.0, -1.0, 0.0, 0.0, 0.0, 0.0, 0.0, 1.0 ], [ 0.0, -1.0, 0.0, 0.0, 0.0, 0.0, 1.0, 0.0, -1.0, 0.0, 0.0, 0.0, 0.0, 0.0, 0.0, 1.0 ], [ -0.809017, -0.309017, -0.5, 0.0, 0.309017, 0.5, -0.809017, 0.0, 0.5, -0.809017, -0.309017, 0.0, 0.0, 0.0, 0.0, 1.0 ], [ 0.5, -0.809017, -0.309017, 0.0, 0.809017, 0.309017, 0.5, 0.0, -0.309017, -0.5, 0.809017, 0.0, 0.0, 0.0, 0.0, 1.0 ], [ -0.309017, -0.5, 0.809017, 0.0, -0.5, 0.809017, 0.309017, 0.0, -0.809017, -0.309017, -0.5, 0.0, 0.0, 0.0, 0.0, 1.0 ], [ -0.5, -0.809017, -0.309017, 0.0, 0.809017, -0.309017, -0.5, 0.0, 0.309017, -0.5, 0.809017, 0.0, 0.0, 0.0, 0.0, 1.0 ], [ 0.309017, -0.5, 0.809017, 0.0, 0.5, 0.809017, 0.309017, 0.0, -0.809017, 0.309017, 0.5, 0.0, 0.0, 0.0, 0.0, 1.0 ], [ -0.809017, 0.309017, 0.5, 0.0, -0.309017, 0.5, -0.809017, 0.0, -0.5, -0.809017, -0.309017, 0.0, 0.0, 0.0, 0.0, 1.0 ], [ -0.5, -0.809017, 0.309017, 0.0, 0.809017, -0.309017, 0.5, 0.0, -0.309017, 0.5, 0.809017, 0.0, 0.0, 0.0, 0.0, 1.0 ], [ -0.309017, 0.5, 0.809017, 0.0, 0.5, 0.809017, -0.309017, 0.0, -0.809017, 0.309017, -0.5, 0.0, 0.0, 0.0, 0.0, 1.0 ], [ -0.809017, 0.309017, -0.5, 0.0, 0.309017, -0.5, -0.809017, 0.0, -0.5, -0.809017, 0.309017, 0.0, 0.0, 0.0, 0.0, 1.0 ], [ -0.809017, -0.309017, 0.5, 0.0, 0.309017, 0.5, 0.809017, 0.0, -0.5, 0.809017, -0.309017, 0.0, 0.0, 0.0, 0.0, 1.0 ], [ -0.5, 0.809017, -0.309017, 0.0, 0.809017, 0.309017, -0.5, 0.0, -0.309017, -0.5, -0.809017, 0.0, 0.0, 0.0, 0.0, 1.0 ], [ -0.309017, -0.5, -0.809017, 0.0, 0.5, -0.809017, 0.309017, 0.0, -0.809017, -0.309017, 0.5, 0.0, 0.0, 0.0, 0.0, 1.0 ] ],
  "lights" : {
    "directionalLights" : [ {
      "direction" : {
        "x" : 1.0,
        "y" : -1.0,
        "z" : -1.0
      },
      "color" : "#EBEBE4"
    }, {
      "direction" : {
        "x" : -1.0,
        "y" : 0.0,
        "z" : 0.0
      },
      "color" : "#E4E4EB"
    }, {
      "direction" : {
        "x" : 0.0,
        "y" : 0.0,
        "z" : -1.0
      },
      "color" : "#1E1E1E"
    } ],
    "ambientColor" : "#292929",
    "backgroundColor" : "#000000"
  },
  "camera" : {
    "position" : {
      "x" : 245.64685,
      "y" : -397.46494,
      "z" : 245.64685
    },
    "width" : 237.54858,
    "nearClipDistance" : 1.3197141,
    "perspective" : true,
    "lookAtPoint" : {
      "x" : 0.0,
      "y" : 0.0,
      "z" : 0.0
    },
    "viewDistance" : 527.8855,
    "farClipDistance" : 1055.7705,
    "fieldOfView" : 0.44262907,
    "upDirection" : {
      "x" : 0.5324074,
      "y" : 0.6580917,
      "z" : 0.5324074
    },
    "stereo" : false,
    "lookDirection" : {
      "x" : -0.46534115,
      "y" : 0.7529378,
      "z" : -0.46534115
    }
  },
  "embedding" : [ 1.0, 0.0, 0.0, 0.0, 0.0, 1.0, 0.0, 0.0, 0.0, 0.0, 1.0, 0.0, 0.0, 0.0, 0.0, 1.0 ],
  "shapes" : [ {
    "id" : "13de29a9-bcaf-43cf-b1f0-57394473a0a9",
    "vertices" : [ {
      "x" : 0.309017,
      "y" : -0.809017,
      "z" : 0.618034
    }, {
      "x" : 0.809017,
      "y" : -0.618034,
      "z" : 0.309017
    }, {
      "x" : 0.618034,
      "y" : -0.309017,
      "z" : 0.809017
    }, {
      "x" : 1.0,
      "y" : 0.309017,
      "z" : 0.19098301
    }, {
      "x" : 0.809017,
      "y" : 0.618034,
      "z" : 0.309017
    }, {
      "x" : 0.618034,
      "y" : 0.309017,
      "z" : 0.809017
    }, {
      "x" : 0.809017,
      "y" : 0.0,
      "z" : 0.690983
    }, {
      "x" : 0.19098301,
      "y" : -1.0,
      "z" : 0.309017
    }, {
      "x" : -0.19098301,
      "y" : -1.0,
      "z" : 0.309017
    }, {
      "x" : -0.19098301,
      "y" : -1.0,
      "z" : -0.309017
    }, {
      "x" : 0.19098301,
      "y" : -1.0,
      "z" : -0.309017
    }, {
      "x" : 1.0,
      "y" : -0.309017,
      "z" : -0.19098301
    }, {
      "x" : 0.809017,
      "y" : -0.618034,
      "z" : -0.309017
    }, {
      "x" : 0.618034,
      "y" : -0.309017,
      "z" : -0.809017
    }, {
      "x" : 0.809017,
      "y" : 0.0,
      "z" : -0.690983
    }, {
      "x" : 0.0,
      "y" : 0.690983,
      "z" : -0.809017
    }, {
      "x" : 0.309017,
      "y" : 0.809017,
      "z" : -0.618034
    }, {
      "x" : 0.618034,
      "y" : 0.309017,
      "z" : -0.809017
    }, {
      "x" : 0.309017,
      "y" : 0.19098301,
      "z" : -1.0
    }, {
      "x" : 1.0,
      "y" : 0.309017,
      "z" : -0.19098301
    }, {
      "x" : -0.309017,
      "y" : -0.809017,
      "z" : 0.618034
    }, {
      "x" : 0.0,
      "y" : -0.690983,
      "z" : 0.809017
    }, {
      "x" : 0.809017,
      "y" : 0.618034,
      "z" : -0.309017
    }, {
      "x" : 0.690983,
      "y" : 0.809017,
      "z" : 0.0
    }, {
      "x" : -0.690983,
      "y" : 0.809017,
      "z" : 0.0
    }, {
      "x" : -0.809017,
      "y" : 0.618034,
      "z" : 0.309017
    }, {
      "x" : -0.309017,
      "y" : 0.809017,
      "z" : 0.618034
    }, {
      "x" : -0.19098301,
      "y" : 1.0,
      "z" : 0.309017
    }, {
      "x" : 0.309017,
      "y" : -0.19098301,
      "z" : -1.0
    }, {
      "x" : 0.19098301,
      "y" : 1.0,
      "z" : 0.309017
    }, {
      "x" : 0.309017,
      "y" : 0.809017,
      "z" : 0.618034
    }, {
      "x" : -0.809017,
      "y" : -0.618034,
      "z" : 0.309017
    }, {
      "x" : -0.690983,
      "y" : -0.809017,
      "z" : 0.0
    }, {
      "x" : 0.0,
      "y" : 0.690983,
      "z" : 0.809017
    }, {
      "x" : 0.309017,
      "y" : -0.809017,
      "z" : -0.618034
    }, {
      "x" : 0.0,
      "y" : -0.690983,
      "z" : -0.809017
    }, {
      "x" : -1.0,
      "y" : 0.309017,
      "z" : 0.19098301
    }, {
      "x" : -0.809017,
      "y" : 0.0,
      "z" : 0.690983
    }, {
      "x" : -0.618034,
      "y" : 0.309017,
      "z" : 0.809017
    }, {
      "x" : 1.0,
      "y" : -0.309017,
      "z" : 0.19098301
    }, {
      "x" : -0.309017,
      "y" : -0.809017,
      "z" : -0.618034
    }, {
      "x" : -1.0,
      "y" : 0.309017,
      "z" : -0.19098301
    }, {
      "x" : -1.0,
      "y" : -0.309017,
      "z" : -0.19098301
    }, {
      "x" : -1.0,
      "y" : -0.309017,
      "z" : 0.19098301
    }, {
      "x" : 0.19098301,
      "y" : 1.0,
      "z" : -0.309017
    }, {
      "x" : -0.809017,
      "y" : 0.618034,
      "z" : -0.309017
    }, {
      "x" : -0.19098301,
      "y" : 1.0,
      "z" : -0.309017
    }, {
      "x" : -0.309017,
      "y" : 0.809017,
      "z" : -0.618034
    }, {
      "x" : -0.618034,
      "y" : -0.309017,
      "z" : 0.809017
    }, {
      "x" : 0.309017,
      "y" : 0.19098301,
      "z" : 1.0
    }, {
      "x" : -0.309017,
      "y" : 0.19098301,
      "z" : -1.0
    }, {
      "x" : -0.309017,
      "y" : 0.19098301,
      "z" : 1.0
    }, {
      "x" : -0.309017,
      "y" : -0.19098301,
      "z" : 1.0
    }, {
      "x" : 0.309017,
      "y" : -0.19098301,
      "z" : 1.0
    }, {
      "x" : 0.690983,
      "y" : -0.809017,
      "z" : 0.0
    }, {
      "x" : -0.809017,
      "y" : 0.0,
      "z" : -0.690983
    }, {
      "x" : -0.618034,
      "y" : -0.309017,
      "z" : -0.809017
    }, {
      "x" : -0.309017,
      "y" : -0.19098301,
      "z" : -1.0
    }, {
      "x" : -0.618034,
      "y" : 0.309017,
      "z" : -0.809017
    }, {
      "x" : -0.809017,
      "y" : -0.618034,
      "z" : -0.309017
    } ],
    "faces" : [ {
      "vertices" : [ 9, 40, 35 ]
    }, {
      "vertices" : [ 9, 35, 34 ]
    }, {
      "vertices" : [ 9, 34, 10 ]
    }, {
      "vertices" : [ 0, 1, 2 ]
    }, {
      "vertices" : [ 33, 51, 49 ]
    }, {
      "vertices" : [ 25, 36, 37 ]
    }, {
      "vertices" : [ 25, 37, 38 ]
    }, {
      "vertices" : [ 41, 55, 42 ]
    }, {
      "vertices" : [ 9, 32, 59 ]
    }, {
      "vertices" : [ 9, 59, 40 ]
    }, {
      "vertices" : [ 20, 21, 52 ]
    }, {
      "vertices" : [ 20, 52, 48 ]
    }, {
      "vertices" : [ 26, 33, 30 ]
    }, {
      "vertices" : [ 26, 30, 29 ]
    }, {
      "vertices" : [ 26, 29, 27 ]
    }, {
      "vertices" : [ 3, 4, 5 ]
    }, {
      "vertices" : [ 3, 5, 6 ]
    }, {
      "vertices" : [ 27, 29, 44 ]
    }, {
      "vertices" : [ 27, 44, 46 ]
    }, {
      "vertices" : [ 50, 57, 56 ]
    }, {
      "vertices" : [ 50, 56, 55 ]
    }, {
      "vertices" : [ 50, 55, 58 ]
    }, {
      "vertices" : [ 26, 38, 51 ]
    }, {
      "vertices" : [ 26, 51, 33 ]
    }, {
      "vertices" : [ 45, 47, 58 ]
    }, {
      "vertices" : [ 18, 28, 57 ]
    }, {
      "vertices" : [ 18, 57, 50 ]
    }, {
      "vertices" : [ 40, 59, 56 ]
    }, {
      "vertices" : [ 31, 48, 37 ]
    }, {
      "vertices" : [ 31, 37, 43 ]
    }, {
      "vertices" : [ 7, 8, 9 ]
    }, {
      "vertices" : [ 7, 9, 10 ]
    }, {
      "vertices" : [ 36, 41, 42 ]
    }, {
      "vertices" : [ 36, 42, 43 ]
    }, {
      "vertices" : [ 24, 46, 47 ]
    }, {
      "vertices" : [ 24, 47, 45 ]
    }, {
      "vertices" : [ 4, 30, 5 ]
    }, {
      "vertices" : [ 15, 47, 46 ]
    }, {
      "vertices" : [ 15, 46, 44 ]
    }, {
      "vertices" : [ 15, 44, 16 ]
    }, {
      "vertices" : [ 15, 50, 58 ]
    }, {
      "vertices" : [ 15, 58, 47 ]
    }, {
      "vertices" : [ 24, 45, 41 ]
    }, {
      "vertices" : [ 24, 41, 36 ]
    }, {
      "vertices" : [ 24, 36, 25 ]
    }, {
      "vertices" : [ 11, 14, 19 ]
    }, {
      "vertices" : [ 3, 6, 39 ]
    }, {
      "vertices" : [ 1, 39, 6 ]
    }, {
      "vertices" : [ 1, 6, 2 ]
    }, {
      "vertices" : [ 8, 32, 9 ]
    }, {
      "vertices" : [ 11, 12, 13 ]
    }, {
      "vertices" : [ 11, 13, 14 ]
    }, {
      "vertices" : [ 16, 22, 17 ]
    }, {
      "vertices" : [ 0, 21, 20 ]
    }, {
      "vertices" : [ 0, 20, 8 ]
    }, {
      "vertices" : [ 0, 8, 7 ]
    }, {
      "vertices" : [ 12, 34, 13 ]
    }, {
      "vertices" : [ 35, 40, 56 ]
    }, {
      "vertices" : [ 35, 56, 57 ]
    }, {
      "vertices" : [ 0, 7, 54 ]
    }, {
      "vertices" : [ 0, 54, 1 ]
    }, {
      "vertices" : [ 15, 16, 17 ]
    }, {
      "vertices" : [ 15, 17, 18 ]
    }, {
      "vertices" : [ 3, 19, 22 ]
    }, {
      "vertices" : [ 3, 22, 23 ]
    }, {
      "vertices" : [ 3, 23, 4 ]
    }, {
      "vertices" : [ 7, 10, 54 ]
    }, {
      "vertices" : [ 41, 45, 58 ]
    }, {
      "vertices" : [ 41, 58, 55 ]
    }, {
      "vertices" : [ 3, 39, 11 ]
    }, {
      "vertices" : [ 3, 11, 19 ]
    }, {
      "vertices" : [ 14, 17, 22 ]
    }, {
      "vertices" : [ 14, 22, 19 ]
    }, {
      "vertices" : [ 0, 2, 53 ]
    }, {
      "vertices" : [ 0, 53, 21 ]
    }, {
      "vertices" : [ 49, 51, 52 ]
    }, {
      "vertices" : [ 49, 52, 53 ]
    }, {
      "vertices" : [ 31, 43, 42 ]
    }, {
      "vertices" : [ 31, 42, 59 ]
    }, {
      "vertices" : [ 31, 59, 32 ]
    }, {
      "vertices" : [ 15, 18, 50 ]
    }, {
      "vertices" : [ 42, 55, 56 ]
    }, {
      "vertices" : [ 42, 56, 59 ]
    }, {
      "vertices" : [ 4, 23, 29 ]
    }, {
      "vertices" : [ 4, 29, 30 ]
    }, {
      "vertices" : [ 25, 38, 26 ]
    }, {
      "vertices" : [ 13, 28, 18 ]
    }, {
      "vertices" : [ 13, 18, 17 ]
    }, {
      "vertices" : [ 13, 17, 14 ]
    }, {
      "vertices" : [ 8, 20, 31 ]
    }, {
      "vertices" : [ 8, 31, 32 ]
    }, {
      "vertices" : [ 23, 44, 29 ]
    }, {
      "vertices" : [ 24, 27, 46 ]
    }, {
      "vertices" : [ 37, 48, 52 ]
    }, {
      "vertices" : [ 37, 52, 51 ]
    }, {
      "vertices" : [ 37, 51, 38 ]
    }, {
      "vertices" : [ 20, 48, 31 ]
    }, {
      "vertices" : [ 24, 25, 26 ]
    }, {
      "vertices" : [ 24, 26, 27 ]
    }, {
      "vertices" : [ 16, 44, 23 ]
    }, {
      "vertices" : [ 16, 23, 22 ]
    }, {
      "vertices" : [ 13, 34, 35 ]
    }, {
      "vertices" : [ 13, 35, 28 ]
    }, {
      "vertices" : [ 10, 34, 12 ]
    }, {
      "vertices" : [ 10, 12, 54 ]
    }, {
      "vertices" : [ 2, 6, 5 ]
    }, {
      "vertices" : [ 2, 5, 49 ]
    }, {
      "vertices" : [ 2, 49, 53 ]
    }, {
      "vertices" : [ 36, 43, 37 ]
    }, {
      "vertices" : [ 5, 30, 33 ]
    }, {
      "vertices" : [ 5, 33, 49 ]
    }, {
      "vertices" : [ 1, 54, 12 ]
    }, {
      "vertices" : [ 1, 12, 11 ]
    }, {
      "vertices" : [ 1, 11, 39 ]
    }, {
      "vertices" : [ 28, 35, 57 ]
    }, {
      "vertices" : [ 21, 53, 52 ]
    } ]
  }, {
    "id" : "5aa6f3b7-d3c9-4c3c-a128-ea98df1bf2a4",
    "vertices" : [ {
      "x" : 2.2989821,
      "y" : 0.20677955,
      "z" : 5.644746
    }, {
      "x" : 1.9098301,
      "y" : 0.0,
      "z" : 8.09017
    }, {
      "x" : 5.0,
      "y" : 0.0,
      "z" : 5.0
    } ],
    "faces" : [ {
      "vertices" : [ 0, 1, 2 ]
    }, {
      "vertices" : [ 0, 2, 1 ]
    } ]
  }, {
    "id" : "29b1ccef-fe9c-4a22-b4b7-c1481cd8875a",
    "vertices" : [ {
      "x" : -2.3176274,
      "y" : -6.1995935,
      "z" : 3.190983
    }, {
      "x" : 0.0,
      "y" : -1.7082039,
      "z" : 2.763932
    }, {
      "x" : 0.0,
      "y" : -10.0,
      "z" : 0.0
    } ],
    "faces" : [ {
      "vertices" : [ 0, 1, 2 ]
    }, {
      "vertices" : [ 0, 2, 1 ]
    } ]
  }, {
    "id" : "a5199ee9-a3e1-4af4-be70-97b7f9cf2910",
    "vertices" : [ {
      "x" : 8.09017,
      "y" : -29.635256,
      "z" : -11.301922
    }, {
      "x" : 6.18034,
      "y" : -10.0,
      "z" : -6.18034
    }, {
      "x" : 26.18034,
      "y" : -68.54102,
      "z" : -32.36068
    } ],
    "faces" : [ {
      "vertices" : [ 0, 1, 2 ]
    }, {
      "vertices" : [ 0, 2, 1 ]
    } ]
  }, {
    "id" : "f025d2ab-5f17-45b1-8d57-591c03c03e6c",
    "vertices" : [ {
      "x" : 2.7191262,
      "y" : 0.68670446,
      "z" : -0.8316991
    }, {
      "x" : 3.3333333,
      "y" : 0.0,
      "z" : 0.0
    }, {
      "x" : 3.8196602,
      "y" : 1.4589803,
      "z" : 0.0
    } ],
    "faces" : [ {
      "vertices" : [ 0, 1, 2 ]
    }, {
      "vertices" : [ 0, 2, 1 ]
    } ]
  }, {
    "id" : "52e98254-48c7-4e51-a931-0fed6635a7a2",
    "vertices" : [ {
      "x" : -41.827026,
      "y" : 8.108852,
      "z" : -17.633802
    }, {
      "x" : -41.92703,
      "y" : 7.7088523,
      "z" : -17.733803
    }, {
      "x" : -0.5336528,
      "y" : -0.018682517,
      "z" : -0.45636702
    }, {
      "x" : -0.4336528,
      "y" : 0.3813175,
      "z" : -0.35636702
    }, {
      "x" : -41.693695,
      "y" : 7.842186,
      "z" : -18.033802
    }, {
      "x" : -41.593693,
      "y" : 8.242186,
      "z" : -17.933804
    }, {
      "x" : -0.6669861,
      "y" : 0.24798416,
      "z" : -0.056367017
    }, {
      "x" : -0.76698613,
      "y" : -0.15201585,
      "z" : -0.15636702
    } ],
    "faces" : [ {
      "vertices" : [ 2, 3, 6 ]
    }, {
      "vertices" : [ 2, 6, 7 ]
    }, {
      "vertices" : [ 0, 5, 4 ]
    }, {
      "vertices" : [ 0, 4, 1 ]
    }, {
      "vertices" : [ 2, 4, 5 ]
    }, {
      "vertices" : [ 2, 5, 3 ]
    }, {
      "vertices" : [ 0, 6, 3 ]
    }, {
      "vertices" : [ 0, 3, 5 ]
    }, {
      "vertices" : [ 0, 1, 7 ]
    }, {
      "vertices" : [ 0, 7, 6 ]
    }, {
      "vertices" : [ 1, 4, 2 ]
    }, {
      "vertices" : [ 1, 2, 7 ]
    } ]
  }, {
    "id" : "09cbc342-cc2a-484d-a745-7c2277c18849",
    "vertices" : [ {
      "x" : 2.2989821,
      "y" : 0.20677955,
      "z" : 5.644746
    }, {
      "x" : 5.0,
      "y" : 0.0,
      "z" : 5.0
    }, {
      "x" : 1.4589803,
      "y" : 0.0,
      "z" : 3.8196602
    } ],
    "faces" : [ {
      "vertices" : [ 0, 1, 2 ]
    }, {
      "vertices" : [ 0, 2, 1 ]
    } ]
  }, {
    "id" : "e7800306-210a-4e15-8628-11550b124de8",
    "vertices" : [ {
      "x" : -11.165989,
      "y" : 18.347685,
      "z" : -3.8483617
    }, {
      "x" : -3.09017,
      "y" : 13.09017,
      "z" : 0.0
    }, {
      "x" : -20.0,
      "y" : 30.0,
      "z" : 0.0
    } ],
    "faces" : [ {
      "vertices" : [ 0, 1, 2 ]
    }, {
      "vertices" : [ 0, 2, 1 ]
    } ]
  }, {
    "id" : "0d124388-c4f4-4075-adf9-e7bb5a1c5da1",
    "vertices" : [ {
      "x" : -0.26666668,
      "y" : -59.5,
      "z" : -19.677778
    }, {
      "x" : 0.13333334,
      "y" : -59.4,
      "z" : -19.577778
    }, {
      "x" : 0.26666668,
      "y" : -0.5,
      "z" : -0.32222223
    }, {
      "x" : -0.13333334,
      "y" : -0.6,
      "z" : -0.42222223
    }, {
      "x" : 0.26666668,
      "y" : -59.166668,
      "z" : -19.877777
    }, {
      "x" : -0.13333334,
      "y" : -59.266666,
      "z" : -19.977777
    }, {
      "x" : -0.26666668,
      "y" : -0.8333333,
      "z" : -0.12222222
    }, {
      "x" : 0.13333334,
      "y" : -0.73333335,
      "z" : -0.022222223
    } ],
    "faces" : [ {
      "vertices" : [ 2, 3, 6 ]
    }, {
      "vertices" : [ 2, 6, 7 ]
    }, {
      "vertices" : [ 0, 5, 4 ]
    }, {
      "vertices" : [ 0, 4, 1 ]
    }, {
      "vertices" : [ 2, 4, 5 ]
    }, {
      "vertices" : [ 2, 5, 3 ]
    }, {
      "vertices" : [ 0, 6, 3 ]
    }, {
      "vertices" : [ 0, 3, 5 ]
    }, {
      "vertices" : [ 0, 1, 7 ]
    }, {
      "vertices" : [ 0, 7, 6 ]
    }, {
      "vertices" : [ 1, 4, 2 ]
    }, {
      "vertices" : [ 1, 2, 7 ]
    } ]
  }, {
    "id" : "eea559c7-4bf5-481a-be5f-d74884b66ae0",
    "vertices" : [ {
      "x" : 36.18034,
      "y" : 14.472136,
      "z" : -3.4164078
    }, {
      "x" : 68.54102,
      "y" : 26.18034,
      "z" : 0.0
    }, {
      "x" : 20.0,
      "y" : 10.0,
      "z" : 0.0
    } ],
    "faces" : [ {
      "vertices" : [ 0, 1, 2 ]
    }, {
      "vertices" : [ 0, 2, 1 ]
    } ]
  }, {
    "id" : "2e3bc9ee-49a9-4544-ace9-a2ffc791f52f",
    "vertices" : [ {
      "x" : 3.190983,
      "y" : -6.1995935,
      "z" : -2.3176274
    }, {
      "x" : 6.18034,
      "y" : -10.0,
      "z" : -6.18034
    }, {
      "x" : 3.8196602,
      "y" : -3.09017,
      "z" : -3.09017
    } ],
    "faces" : [ {
      "vertices" : [ 0, 1, 2 ]
    }, {
      "vertices" : [ 0, 2, 1 ]
    } ]
  }, {
    "id" : "102bbf76-cd7f-4303-8bb4-570ef7a23890",
    "vertices" : [ {
      "x" : 8.733834,
      "y" : 8.733834,
      "z" : 0.40089363
    }, {
      "x" : 7.236068,
      "y" : 11.708204,
      "z" : 0.0
    }, {
      "x" : 10.991063,
      "y" : 10.991063,
      "z" : 1.6035745
    } ],
    "faces" : [ {
      "vertices" : [ 0, 1, 2 ]
    }, {
      "vertices" : [ 0, 2, 1 ]
    } ]
  }, {
    "id" : "4429ebfd-50ef-4ba5-afbc-6059c70b1260",
    "vertices" : [ {
      "x" : 8.733834,
      "y" : 8.733834,
      "z" : 0.40089363
    }, {
      "x" : 10.991063,
      "y" : 10.991063,
      "z" : 1.6035745
    }, {
      "x" : 11.708204,
      "y" : 7.236068,
      "z" : 0.0
    } ],
    "faces" : [ {
      "vertices" : [ 0, 1, 2 ]
    }, {
      "vertices" : [ 0, 2, 1 ]
    } ]
  }, {
    "id" : "7236b25b-fcab-49f1-8c70-28ba5f534fa6",
    "vertices" : [ {
      "x" : 7.9623733,
      "y" : 0.68423706,
      "z" : 0.68423706
    }, {
      "x" : 8.09017,
      "y" : 1.9098301,
      "z" : 0.0
    }, {
      "x" : 10.0,
      "y" : 0.0,
      "z" : 0.0
    } ],
    "faces" : [ {
      "vertices" : [ 0, 1, 2 ]
    }, {
      "vertices" : [ 0, 2, 1 ]
    } ]
  }, {
    "id" : "0d77b812-8290-4d85-b5a0-52c334fa841d",
    "vertices" : [ {
      "x" : 5.954915,
      "y" : 20.407797,
      "z" : -5.1823726
    }, {
      "x" : 3.8196602,
      "y" : 12.36068,
      "z" : -1.4589803
    }, {
      "x" : 0.0,
      "y" : 13.09017,
      "z" : -3.09017
    } ],
    "faces" : [ {
      "vertices" : [ 0, 1, 2 ]
    }, {
      "vertices" : [ 0, 2, 1 ]
    } ]
  }, {
    "id" : "8fb5491d-c173-4e35-b52a-4e865768ab58",
    "vertices" : [ {
      "x" : -2.1209042,
      "y" : -2.1209042,
      "z" : 12.575142
    }, {
      "x" : -3.09017,
      "y" : 0.0,
      "z" : 13.09017
    }, {
      "x" : 0.0,
      "y" : 0.0,
      "z" : 10.0
    } ],
    "faces" : [ {
      "vertices" : [ 0, 1, 2 ]
    }, {
      "vertices" : [ 0, 2, 1 ]
    } ]
  }, {
    "id" : "59cd2280-dfe6-49f7-bf34-fc1267fd73b9",
    "vertices" : [ {
      "x" : 2.9942596,
      "y" : -0.6237743,
      "z" : 0.87977344
    }, {
      "x" : 3.3333333,
      "y" : 0.0,
      "z" : 0.0
    }, {
      "x" : 2.763932,
      "y" : -1.7082039,
      "z" : 0.0
    } ],
    "faces" : [ {
      "vertices" : [ 0, 1, 2 ]
    }, {
      "vertices" : [ 0, 2, 1 ]
    } ]
  }, {
    "id" : "eaf94542-fad0-4c34-95e7-f4cecbb3cba1",
    "vertices" : [ {
      "x" : 36.18034,
      "y" : 14.472136,
      "z" : -3.4164078
    }, {
      "x" : 26.18034,
      "y" : 10.0,
      "z" : -6.18034
    }, {
      "x" : 30.0,
      "y" : 11.708204,
      "z" : -7.4852915
    } ],
    "faces" : [ {
      "vertices" : [ 0, 1, 2 ]
    }, {
      "vertices" : [ 0, 2, 1 ]
    } ]
  }, {
    "id" : "db99ecd8-c103-49e0-bba0-a2d219eb47e0",
    "vertices" : [ {
      "x" : 12.575142,
      "y" : -2.1209042,
      "z" : -2.1209042
    }, {
      "x" : 13.09017,
      "y" : 0.0,
      "z" : -3.09017
    }, {
      "x" : 14.120227,
      "y" : -5.3934464,
      "z" : -5.3934464
    } ],
    "faces" : [ {
      "vertices" : [ 0, 1, 2 ]
    }, {
      "vertices" : [ 0, 2, 1 ]
    } ]
  }, {
    "id" : "60b6792c-4e15-4784-89cb-a34171c2e929",
    "vertices" : [ {
      "x" : 14.719902,
      "y" : 9.556783,
      "z" : 1.3558086
    }, {
      "x" : 10.991063,
      "y" : 10.991063,
      "z" : 1.6035745
    }, {
      "x" : 11.708204,
      "y" : 7.236068,
      "z" : 0.0
    } ],
    "faces" : [ {
      "vertices" : [ 0, 1, 2 ]
    }, {
      "vertices" : [ 0, 2, 1 ]
    } ]
  }, {
    "id" : "c47b9fa8-0a57-469a-aae1-e3de40138505",
    "vertices" : [ {
      "x" : -1.1372876,
      "y" : 10.885255,
      "z" : 1.4323726
    }, {
      "x" : -1.4589803,
      "y" : 12.36068,
      "z" : 3.8196602
    }, {
      "x" : 0.0,
      "y" : 8.09017,
      "z" : 1.9098301
    } ],
    "faces" : [ {
      "vertices" : [ 0, 1, 2 ]
    }, {
      "vertices" : [ 0, 2, 1 ]
    } ]
  }, {
    "id" : "5e0f0d64-967b-443e-93cb-6762d8d35480",
    "vertices" : [ {
      "x" : -29.635256,
      "y" : 8.09017,
      "z" : -11.301922
    }, {
      "x" : -68.54102,
      "y" : 26.18034,
      "z" : -32.36068
    }, {
      "x" : -30.0,
      "y" : 0.0,
      "z" : -6.6666665
    } ],
    "faces" : [ {
      "vertices" : [ 0, 1, 2 ]
    }, {
      "vertices" : [ 0, 2, 1 ]
    } ]
  }, {
    "id" : "21a2cba4-4f3d-4bdd-9084-30d8a8e71520",
    "vertices" : [ {
      "x" : 50.647156,
      "y" : 19.154509,
      "z" : -7.5073543
    }, {
      "x" : 51.669697,
      "y" : 19.190983,
      "z" : -7.6393204
    }, {
      "x" : 50.647156,
      "y" : 19.154509,
      "z" : -7.125388
    }, {
      "x" : 50.456173,
      "y" : 19.463526,
      "z" : -7.625388
    }, {
      "x" : 50.456173,
      "y" : 19.463526,
      "z" : -7.243422
    }, {
      "x" : 0.809017,
      "y" : 0.618034,
      "z" : 0.309017
    }, {
      "x" : 1.0,
      "y" : 0.309017,
      "z" : 0.19098301
    }, {
      "x" : 1.9045085,
      "y" : 0.5364745,
      "z" : -0.013932022
    }, {
      "x" : 51.36068,
      "y" : 19.690983,
      "z" : -7.830303
    }, {
      "x" : 51.551662,
      "y" : 19.381966,
      "z" : -7.948337
    }, {
      "x" : 51.551662,
      "y" : 19.381966,
      "z" : -7.330303
    }, {
      "x" : 51.36068,
      "y" : 19.690983,
      "z" : -7.448337
    }, {
      "x" : 1.7135255,
      "y" : 0.8454915,
      "z" : -0.13196601
    }, {
      "x" : 0.690983,
      "y" : 0.809017,
      "z" : 0.0
    }, {
      "x" : 1.9045085,
      "y" : 0.5364745,
      "z" : -0.39589804
    }, {
      "x" : 1.7135255,
      "y" : 0.8454915,
      "z" : -0.51393205
    }, {
      "x" : 0.809017,
      "y" : 0.618034,
      "z" : -0.309017
    }, {
      "x" : 1.0,
      "y" : 0.309017,
      "z" : -0.19098301
    }, {
      "x" : 52.36068,
      "y" : 20.0,
      "z" : -7.6393204
    } ],
    "faces" : [ {
      "vertices" : [ 0, 14, 15 ]
    }, {
      "vertices" : [ 0, 15, 3 ]
    }, {
      "vertices" : [ 3, 15, 12 ]
    }, {
      "vertices" : [ 3, 12, 4 ]
    }, {
      "vertices" : [ 0, 1, 2 ]
    }, {
      "vertices" : [ 12, 15, 13 ]
    }, {
      "vertices" : [ 0, 9, 1 ]
    }, {
      "vertices" : [ 0, 3, 9 ]
    }, {
      "vertices" : [ 13, 15, 16 ]
    }, {
      "vertices" : [ 6, 17, 14 ]
    }, {
      "vertices" : [ 6, 14, 7 ]
    }, {
      "vertices" : [ 1, 10, 2 ]
    }, {
      "vertices" : [ 5, 6, 7 ]
    }, {
      "vertices" : [ 3, 8, 9 ]
    }, {
      "vertices" : [ 0, 2, 7 ]
    }, {
      "vertices" : [ 0, 7, 14 ]
    }, {
      "vertices" : [ 5, 7, 12 ]
    }, {
      "vertices" : [ 2, 4, 12 ]
    }, {
      "vertices" : [ 2, 12, 7 ]
    }, {
      "vertices" : [ 3, 4, 11 ]
    }, {
      "vertices" : [ 3, 11, 8 ]
    }, {
      "vertices" : [ 2, 10, 11 ]
    }, {
      "vertices" : [ 2, 11, 4 ]
    }, {
      "vertices" : [ 5, 12, 13 ]
    }, {
      "vertices" : [ 14, 17, 16 ]
    }, {
      "vertices" : [ 14, 16, 15 ]
    } ]
  }, {
    "id" : "1398d32e-2000-4509-88a0-ed2739ec465a",
    "vertices" : [ {
      "x" : -58.138287,
      "y" : -25.825695,
      "z" : 19.538803
    }, {
      "x" : -58.038284,
      "y" : -25.725697,
      "z" : 19.938803
    }, {
      "x" : -0.40273464,
      "y" : -0.354644,
      "z" : 0.46119738
    }, {
      "x" : -0.50273466,
      "y" : -0.454644,
      "z" : 0.061197378
    }, {
      "x" : -57.80495,
      "y" : -26.025696,
      "z" : 20.072136
    }, {
      "x" : -57.904953,
      "y" : -26.125696,
      "z" : 19.672136
    }, {
      "x" : -0.73606795,
      "y" : -0.15464401,
      "z" : -0.072135955
    }, {
      "x" : -0.636068,
      "y" : -0.054644007,
      "z" : 0.32786405
    } ],
    "faces" : [ {
      "vertices" : [ 2, 3, 6 ]
    }, {
      "vertices" : [ 2, 6, 7 ]
    }, {
      "vertices" : [ 0, 5, 4 ]
    }, {
      "vertices" : [ 0, 4, 1 ]
    }, {
      "vertices" : [ 2, 4, 5 ]
    }, {
      "vertices" : [ 2, 5, 3 ]
    }, {
      "vertices" : [ 0, 6, 3 ]
    }, {
      "vertices" : [ 0, 3, 5 ]
    }, {
      "vertices" : [ 0, 1, 7 ]
    }, {
      "vertices" : [ 0, 7, 6 ]
    }, {
      "vertices" : [ 1, 4, 2 ]
    }, {
      "vertices" : [ 1, 2, 7 ]
    } ]
  }, {
    "id" : "c7c41703-2e25-4550-8500-95ed4e775caf",
    "vertices" : [ {
      "x" : -1.4589803,
      "y" : 12.36068,
      "z" : 3.8196602
    }, {
      "x" : -1.9098301,
      "y" : 17.562305,
      "z" : 7.763932
    }, {
      "x" : 0.0,
      "y" : 11.708204,
      "z" : 7.236068
    } ],
    "faces" : [ {
      "vertices" : [ 0, 1, 2 ]
    }, {
      "vertices" : [ 0, 2, 1 ]
    } ]
  }, {
    "id" : "3184667b-7b6a-4956-90fb-f36d551488fd",
    "vertices" : [ {
      "x" : 1.2060113,
      "y" : -3.5508254,
      "z" : 1.2060113
    }, {
      "x" : 0.0,
      "y" : -10.0,
      "z" : 0.0
    }, {
      "x" : 2.763932,
      "y" : -1.7082039,
      "z" : 0.0
    } ],
    "faces" : [ {
      "vertices" : [ 0, 1, 2 ]
    }, {
      "vertices" : [ 0, 2, 1 ]
    } ]
  }, {
    "id" : "407be034-6b29-45d3-b1b6-f792b13862e3",
    "vertices" : [ {
      "x" : 0.5715246,
      "y" : 0.5715246,
      "z" : 4.1604514
    }, {
      "x" : 1.4589803,
      "y" : 0.0,
      "z" : 3.8196602
    }, {
      "x" : 0.8271182,
      "y" : 0.8271182,
      "z" : 5.6691527
    } ],
    "faces" : [ {
      "vertices" : [ 0, 1, 2 ]
    }, {
      "vertices" : [ 0, 2, 1 ]
    } ]
  }, {
    "id" : "6cfe2672-0296-4aee-a56c-6587e5b437ab",
    "vertices" : [ {
      "x" : 11.7928505,
      "y" : 11.7928505,
      "z" : 4.810724
    }, {
      "x" : 16.18034,
      "y" : 10.0,
      "z" : 3.8196602
    }, {
      "x" : 10.991063,
      "y" : 10.991063,
      "z" : 1.6035745
    } ],
    "faces" : [ {
      "vertices" : [ 0, 1, 2 ]
    }, {
      "vertices" : [ 0, 2, 1 ]
    } ]
  }, {
    "id" : "c4814a1c-6318-4867-bdea-245e877ea550",
    "vertices" : [ {
      "x" : -2.1209042,
      "y" : 12.575142,
      "z" : -2.1209042
    }, {
      "x" : 0.0,
      "y" : 10.0,
      "z" : 0.0
    }, {
      "x" : -3.09017,
      "y" : 13.09017,
      "z" : 0.0
    } ],
    "faces" : [ {
      "vertices" : [ 0, 1, 2 ]
    }, {
      "vertices" : [ 0, 2, 1 ]
    } ]
  }, {
    "id" : "a449e581-c959-47cb-af4e-abd26fc98a5d",
    "vertices" : [ {
      "x" : -29.635256,
      "y" : -11.301922,
      "z" : 8.09017
    }, {
      "x" : -10.0,
      "y" : -6.18034,
      "z" : 6.18034
    }, {
      "x" : -68.54102,
      "y" : -32.36068,
      "z" : 26.18034
    } ],
    "faces" : [ {
      "vertices" : [ 0, 1, 2 ]
    }, {
      "vertices" : [ 0, 2, 1 ]
    } ]
  }, {
    "id" : "ba2b59dc-082b-4f71-9498-b06febd2b470",
    "vertices" : [ {
      "x" : -0.19672331,
      "y" : 3.0846884,
      "z" : 3.0846884
    }, {
      "x" : -0.78689325,
      "y" : 2.0601132,
      "z" : 2.0601132
    }, {
      "x" : 0.0,
      "y" : 3.8196602,
      "z" : 1.4589803
    } ],
    "faces" : [ {
      "vertices" : [ 0, 1, 2 ]
    }, {
      "vertices" : [ 0, 2, 1 ]
    } ]
  }, {
    "id" : "dbd6297a-27ea-4f78-a4fe-59fd42361f18",
    "vertices" : [ {
      "x" : 2.7191262,
      "y" : 0.68670446,
      "z" : -0.8316991
    }, {
      "x" : 2.763932,
      "y" : 0.0,
      "z" : -1.7082039
    }, {
      "x" : 3.3333333,
      "y" : 0.0,
      "z" : 0.0
    } ],
    "faces" : [ {
      "vertices" : [ 0, 1, 2 ]
    }, {
      "vertices" : [ 0, 2, 1 ]
    } ]
  }, {
    "id" : "a7d1e970-1556-4f50-9646-7578e126d1e0",
    "vertices" : [ {
      "x" : 13.567628,
      "y" : 2.9774575,
      "z" : 32.725426
    }, {
      "x" : 10.0,
      "y" : 3.8196602,
      "z" : 16.18034
    }, {
      "x" : 10.0,
      "y" : 0.0,
      "z" : 20.0
    } ],
    "faces" : [ {
      "vertices" : [ 0, 1, 2 ]
    }, {
      "vertices" : [ 0, 2, 1 ]
    } ]
  }, {
    "id" : "7f777683-b79e-4f72-9720-ebaaf8e4374c",
    "vertices" : [ {
      "x" : -6.1995935,
      "y" : 3.190983,
      "z" : -2.3176274
    }, {
      "x" : -10.0,
      "y" : 6.18034,
      "z" : -6.18034
    }, {
      "x" : -3.09017,
      "y" : 3.8196602,
      "z" : -3.09017
    } ],
    "faces" : [ {
      "vertices" : [ 0, 1, 2 ]
    }, {
      "vertices" : [ 0, 2, 1 ]
    } ]
  }, {
    "id" : "b990bbed-eb71-4016-a161-0ebf2066d993",
    "vertices" : [ {
      "x" : 5.644746,
      "y" : 2.2989821,
      "z" : 0.20677955
    }, {
      "x" : 3.8196602,
      "y" : 1.4589803,
      "z" : 0.0
    }, {
      "x" : 5.6691527,
      "y" : 0.8271182,
      "z" : 0.8271182
    } ],
    "faces" : [ {
      "vertices" : [ 0, 1, 2 ]
    }, {
      "vertices" : [ 0, 2, 1 ]
    } ]
  }, {
    "id" : "a94e99c5-5f47-4964-aa82-b929c4a8da7f",
    "vertices" : [ {
      "x" : -1.1995934,
      "y" : 3.1702144,
      "z" : -1.1995934
    }, {
      "x" : 0.0,
      "y" : 3.3333333,
      "z" : 0.0
    }, {
      "x" : 0.0,
      "y" : 2.763932,
      "z" : -1.7082039
    } ],
    "faces" : [ {
      "vertices" : [ 0, 1, 2 ]
    }, {
      "vertices" : [ 0, 2, 1 ]
    } ]
  }, {
    "id" : "6859c9ff-cad9-449a-b29c-638ba69366a5",
    "vertices" : [ {
      "x" : 14.120227,
      "y" : -10.393447,
      "z" : -10.393447
    }, {
      "x" : 16.18034,
      "y" : -10.0,
      "z" : -16.18034
    }, {
      "x" : 14.120227,
      "y" : -5.3934464,
      "z" : -5.3934464
    } ],
    "faces" : [ {
      "vertices" : [ 0, 1, 2 ]
    }, {
      "vertices" : [ 0, 2, 1 ]
    } ]
  }, {
    "id" : "529c4e80-9d6f-47d5-894e-ff9bc366a3c3",
    "vertices" : [ {
      "x" : 2.2989821,
      "y" : 5.644746,
      "z" : 0.20677955
    }, {
      "x" : 1.4589803,
      "y" : 3.8196602,
      "z" : 0.0
    }, {
      "x" : 0.8271182,
      "y" : 5.6691527,
      "z" : 0.8271182
    } ],
    "faces" : [ {
      "vertices" : [ 0, 1, 2 ]
    }, {
      "vertices" : [ 0, 2, 1 ]
    } ]
  }, {
    "id" : "8c93cdd2-a9c6-4dea-a740-44bfdb6531d9",
    "vertices" : [ {
      "x" : 3.0846884,
      "y" : 3.0846884,
      "z" : -0.19672331
    }, {
      "x" : 2.0601132,
      "y" : 2.0601132,
      "z" : -0.78689325
    }, {
      "x" : 1.4589803,
      "y" : 3.8196602,
      "z" : 0.0
    } ],
    "faces" : [ {
      "vertices" : [ 0, 1, 2 ]
    }, {
      "vertices" : [ 0, 2, 1 ]
    } ]
  }, {
    "id" : "5ef9e512-be78-41e7-8060-c8e07add8395",
    "vertices" : [ {
      "x" : 2.7191262,
      "y" : -0.8316991,
      "z" : 0.68670446
    }, {
      "x" : 2.763932,
      "y" : -1.7082039,
      "z" : 0.0
    }, {
      "x" : 3.3333333,
      "y" : 0.0,
      "z" : 0.0
    } ],
    "faces" : [ {
      "vertices" : [ 0, 1, 2 ]
    }, {
      "vertices" : [ 0, 2, 1 ]
    } ]
  }, {
    "id" : "fa8bbdaf-f92e-4e83-bcc7-069709d69143",
    "vertices" : [ {
      "x" : 17.135256,
      "y" : 7.9774575,
      "z" : 7.9774575
    }, {
      "x" : 16.18034,
      "y" : 3.8196602,
      "z" : 10.0
    }, {
      "x" : 10.0,
      "y" : 10.0,
      "z" : 10.0
    } ],
    "faces" : [ {
      "vertices" : [ 0, 1, 2 ]
    }, {
      "vertices" : [ 0, 2, 1 ]
    } ]
  }, {
    "id" : "4f2db3c8-ea7e-4bff-9a5c-218445aa6e55",
    "vertices" : [ {
      "x" : -11.301922,
      "y" : 8.09017,
      "z" : -29.635256
    }, {
      "x" : -6.18034,
      "y" : 6.18034,
      "z" : -10.0
    }, {
      "x" : -32.36068,
      "y" : 26.18034,
      "z" : -68.54102
    } ],
    "faces" : [ {
      "vertices" : [ 0, 1, 2 ]
    }, {
      "vertices" : [ 0, 2, 1 ]
    } ]
  }, {
    "id" : "8a638ed9-89fe-418b-9a7b-7805b2b8414d",
    "vertices" : [ {
      "x" : 5.644746,
      "y" : 2.2989821,
      "z" : 0.20677955
    }, {
