{
  "polygons" : "true",
  "field" : "golden",
  "symmetry" : "icosahedral",
  "orientations" : [ [ 1.0, 0.0, 0.0, 0.0, 0.0, 1.0, 0.0, 0.0, 0.0, 0.0, 1.0, 0.0, 0.0, 0.0, 0.0, 1.0 ], [ 0.0, 0.0, 1.0, 0.0, 1.0, 0.0, 0.0, 0.0, 0.0, 1.0, 0.0, 0.0, 0.0, 0.0, 0.0, 1.0 ], [ 0.0, 1.0, 0.0, 0.0, 0.0, 0.0, 1.0, 0.0, 1.0, 0.0, 0.0, 0.0, 0.0, 0.0, 0.0, 1.0 ], [ 0.809017, 0.309017, 0.5, 0.0, 0.309017, 0.5, -0.809017, 0.0, -0.5, 0.809017, 0.309017, 0.0, 0.0, 0.0, 0.0, 1.0 ], [ -0.5, 0.809017, 0.309017, 0.0, 0.809017, 0.309017, 0.5, 0.0, 0.309017, 0.5, -0.809017, 0.0, 0.0, 0.0, 0.0, 1.0 ], [ 0.309017, 0.5, -0.809017, 0.0, -0.5, 0.809017, 0.309017, 0.0, 0.809017, 0.309017, 0.5, 0.0, 0.0, 0.0, 0.0, 1.0 ], [ 0.5, 0.809017, 0.309017, 0.0, 0.809017, -0.309017, -0.5, 0.0, -0.309017, 0.5, -0.809017, 0.0, 0.0, 0.0, 0.0, 1.0 ], [ -0.309017, 0.5, -0.809017, 0.0, 0.5, 0.809017, 0.309017, 0.0, 0.809017, -0.309017, -0.5, 0.0, 0.0, 0.0, 0.0, 1.0 ], [ 0.809017, -0.309017, -0.5, 0.0, -0.309017, 0.5, -0.809017, 0.0, 0.5, 0.809017, 0.309017, 0.0, 0.0, 0.0, 0.0, 1.0 ], [ 0.5, 0.809017, -0.309017, 0.0, 0.809017, -0.309017, 0.5, 0.0, 0.309017, -0.5, -0.809017, 0.0, 0.0, 0.0, 0.0, 1.0 ], [ 0.309017, -0.5, -0.809017, 0.0, 0.5, 0.809017, -0.309017, 0.0, 0.809017, -0.309017, 0.5, 0.0, 0.0, 0.0, 0.0, 1.0 ], [ 0.809017, -0.309017, 0.5, 0.0, 0.309017, -0.5, -0.809017, 0.0, 0.5, 0.809017, -0.309017, 0.0, 0.0, 0.0, 0.0, 1.0 ], [ 0.809017, 0.309017, -0.5, 0.0, 0.309017, 0.5, 0.809017, 0.0, 0.5, -0.809017, 0.309017, 0.0, 0.0, 0.0, 0.0, 1.0 ], [ 0.5, -0.809017, 0.309017, 0.0, 0.809017, 0.309017, -0.5, 0.0, 0.309017, 0.5, 0.809017, 0.0, 0.0, 0.0, 0.0, 1.0 ], [ 0.309017, 0.5, 0.809017, 0.0, 0.5, -0.809017, 0.309017, 0.0, 0.809017, 0.309017, -0.5, 0.0, 0.0, 0.0, 0.0, 1.0 ], [ 1.0, 0.0, 0.0, 0.0, 0.0, -1.0, 0.0, 0.0, 0.0, 0.0, -1.0, 0.0, 0.0, 0.0, 0.0, 1.0 ], [ 0.0, 0.0, 1.0, 0.0, -1.0, 0.0, 0.0, 0.0, 0.0, -1.0, 0.0, 0.0, 0.0, 0.0, 0.0, 1.0 ], [ 0.0, 1.0, 0.0, 0.0, 0.0, 0.0, -1.0, 0.0, -1.0, 0.0, 0.0, 0.0, 0.0, 0.0, 0.0, 1.0 ], [ 0.809017, 0.309017, 0.5, 0.0, -0.309017, -0.5, 0.809017, 0.0, 0.5, -0.809017, -0.309017, 0.0, 0.0, 0.0, 0.0, 1.0 ], [ -0.5, 0.809017, 0.309017, 0.0, -0.809017, -0.309017, -0.5, 0.0, -0.309017, -0.5, 0.809017, 0.0, 0.0, 0.0, 0.0, 1.0 ], [ 0.309017, 0.5, -0.809017, 0.0, 0.5, -0.809017, -0.309017, 0.0, -0.809017, -0.309017, -0.5, 0.0, 0.0, 0.0, 0.0, 1.0 ], [ 0.5, 0.809017, 0.309017, 0.0, -0.809017, 0.309017, 0.5, 0.0, 0.309017, -0.5, 0.809017, 0.0, 0.0, 0.0, 0.0, 1.0 ], [ -0.309017, 0.5, -0.809017, 0.0, -0.5, -0.809017, -0.309017, 0.0, -0.809017, 0.309017, 0.5, 0.0, 0.0, 0.0, 0.0, 1.0 ], [ 0.809017, -0.309017, -0.5, 0.0, 0.309017, -0.5, 0.809017, 0.0, -0.5, -0.809017, -0.309017, 0.0, 0.0, 0.0, 0.0, 1.0 ], [ 0.5, 0.809017, -0.309017, 0.0, -0.809017, 0.309017, -0.5, 0.0, -0.309017, 0.5, 0.809017, 0.0, 0.0, 0.0, 0.0, 1.0 ], [ 0.309017, -0.5, -0.809017, 0.0, -0.5, -0.809017, 0.309017, 0.0, -0.809017, 0.309017, -0.5, 0.0, 0.0, 0.0, 0.0, 1.0 ], [ 0.809017, -0.309017, 0.5, 0.0, -0.309017, 0.5, 0.809017, 0.0, -0.5, -0.809017, 0.309017, 0.0, 0.0, 0.0, 0.0, 1.0 ], [ 0.809017, 0.309017, -0.5, 0.0, -0.309017, -0.5, -0.809017, 0.0, -0.5, 0.809017, -0.309017, 0.0, 0.0, 0.0, 0.0, 1.0 ], [ 0.5, -0.809017, 0.309017, 0.0, -0.809017, -0.309017, 0.5, 0.0, -0.309017, -0.5, -0.809017, 0.0, 0.0, 0.0, 0.0, 1.0 ], [ 0.309017, 0.5, 0.809017, 0.0, -0.5, 0.809017, -0.309017, 0.0, -0.809017, -0.309017, 0.5, 0.0, 0.0, 0.0, 0.0, 1.0 ], [ -1.0, 0.0, 0.0, 0.0, 0.0, -1.0, 0.0, 0.0, 0.0, 0.0, 1.0, 0.0, 0.0, 0.0, 0.0, 1.0 ], [ 0.0, 0.0, -1.0, 0.0, -1.0, 0.0, 0.0, 0.0, 0.0, 1.0, 0.0, 0.0, 0.0, 0.0, 0.0, 1.0 ], [ 0.0, -1.0, 0.0, 0.0, 0.0, 0.0, -1.0, 0.0, 1.0, 0.0, 0.0, 0.0, 0.0, 0.0, 0.0, 1.0 ], [ -0.809017, -0.309017, -0.5, 0.0, -0.309017, -0.5, 0.809017, 0.0, -0.5, 0.809017, 0.309017, 0.0, 0.0, 0.0, 0.0, 1.0 ], [ 0.5, -0.809017, -0.309017, 0.0, -0.809017, -0.309017, -0.5, 0.0, 0.309017, 0.5, -0.809017, 0.0, 0.0, 0.0, 0.0, 1.0 ], [ -0.309017, -0.5, 0.809017, 0.0, 0.5, -0.809017, -0.309017, 0.0, 0.809017, 0.309017, 0.5, 0.0, 0.0, 0.0, 0.0, 1.0 ], [ -0.5, -0.809017, -0.309017, 0.0, -0.809017, 0.309017, 0.5, 0.0, -0.309017, 0.5, -0.809017, 0.0, 0.0, 0.0, 0.0, 1.0 ], [ 0.309017, -0.5, 0.809017, 0.0, -0.5, -0.809017, -0.309017, 0.0, 0.809017, -0.309017, -0.5, 0.0, 0.0, 0.0, 0.0, 1.0 ], [ -0.809017, 0.309017, 0.5, 0.0, 0.309017, -0.5, 0.809017, 0.0, 0.5, 0.809017, 0.309017, 0.0, 0.0, 0.0, 0.0, 1.0 ], [ -0.5, -0.809017, 0.309017, 0.0, -0.809017, 0.309017, -0.5, 0.0, 0.309017, -0.5, -0.809017, 0.0, 0.0, 0.0, 0.0, 1.0 ], [ -0.309017, 0.5, 0.809017, 0.0, -0.5, -0.809017, 0.309017, 0.0, 0.809017, -0.309017, 0.5, 0.0, 0.0, 0.0, 0.0, 1.0 ], [ -0.809017, 0.309017, -0.5, 0.0, -0.309017, 0.5, 0.809017, 0.0, 0.5, 0.809017, -0.309017, 0.0, 0.0, 0.0, 0.0, 1.0 ], [ -0.809017, -0.309017, 0.5, 0.0, -0.309017, -0.5, -0.809017, 0.0, 0.5, -0.809017, 0.309017, 0.0, 0.0, 0.0, 0.0, 1.0 ], [ -0.5, 0.809017, -0.309017, 0.0, -0.809017, -0.309017, 0.5, 0.0, 0.309017, 0.5, 0.809017, 0.0, 0.0, 0.0, 0.0, 1.0 ], [ -0.309017, -0.5, -0.809017, 0.0, -0.5, 0.809017, -0.309017, 0.0, 0.809017, 0.309017, -0.5, 0.0, 0.0, 0.0, 0.0, 1.0 ], [ -1.0, 0.0, 0.0, 0.0, 0.0, 1.0, 0.0, 0.0, 0.0, 0.0, -1.0, 0.0, 0.0, 0.0, 0.0, 1.0 ], [ 0.0, 0.0, -1.0, 0.0, 1.0, 0.0, 0.0, 0.0, 0.0, -1.0, 0.0, 0.0, 0.0, 0.0, 0.0, 1.0 ], [ 0.0, -1.0, 0.0, 0.0, 0.0, 0.0, 1.0, 0.0, -1.0, 0.0, 0.0, 0.0, 0.0, 0.0, 0.0, 1.0 ], [ -0.809017, -0.309017, -0.5, 0.0, 0.309017, 0.5, -0.809017, 0.0, 0.5, -0.809017, -0.309017, 0.0, 0.0, 0.0, 0.0, 1.0 ], [ 0.5, -0.809017, -0.309017, 0.0, 0.809017, 0.309017, 0.5, 0.0, -0.309017, -0.5, 0.809017, 0.0, 0.0, 0.0, 0.0, 1.0 ], [ -0.309017, -0.5, 0.809017, 0.0, -0.5, 0.809017, 0.309017, 0.0, -0.809017, -0.309017, -0.5, 0.0, 0.0, 0.0, 0.0, 1.0 ], [ -0.5, -0.809017, -0.309017, 0.0, 0.809017, -0.309017, -0.5, 0.0, 0.309017, -0.5, 0.809017, 0.0, 0.0, 0.0, 0.0, 1.0 ], [ 0.309017, -0.5, 0.809017, 0.0, 0.5, 0.809017, 0.309017, 0.0, -0.809017, 0.309017, 0.5, 0.0, 0.0, 0.0, 0.0, 1.0 ], [ -0.809017, 0.309017, 0.5, 0.0, -0.309017, 0.5, -0.809017, 0.0, -0.5, -0.809017, -0.309017, 0.0, 0.0, 0.0, 0.0, 1.0 ], [ -0.5, -0.809017, 0.309017, 0.0, 0.809017, -0.309017, 0.5, 0.0, -0.309017, 0.5, 0.809017, 0.0, 0.0, 0.0, 0.0, 1.0 ], [ -0.309017, 0.5, 0.809017, 0.0, 0.5, 0.809017, -0.309017, 0.0, -0.809017, 0.309017, -0.5, 0.0, 0.0, 0.0, 0.0, 1.0 ], [ -0.809017, 0.309017, -0.5, 0.0, 0.309017, -0.5, -0.809017, 0.0, -0.5, -0.809017, 0.309017, 0.0, 0.0, 0.0, 0.0, 1.0 ], [ -0.809017, -0.309017, 0.5, 0.0, 0.309017, 0.5, 0.809017, 0.0, -0.5, 0.809017, -0.309017, 0.0, 0.0, 0.0, 0.0, 1.0 ], [ -0.5, 0.809017, -0.309017, 0.0, 0.809017, 0.309017, -0.5, 0.0, -0.309017, -0.5, -0.809017, 0.0, 0.0, 0.0, 0.0, 1.0 ], [ -0.309017, -0.5, -0.809017, 0.0, 0.5, -0.809017, 0.309017, 0.0, -0.809017, -0.309017, 0.5, 0.0, 0.0, 0.0, 0.0, 1.0 ] ],
  "lights" : {
    "directionalLights" : [ {
      "direction" : [ 1.0, -1.0, -1.0 ],
      "color" : "#EBEBE4"
    }, {
      "direction" : [ -1.0, 0.0, 0.0 ],
      "color" : "#E4E4EB"
    }, {
      "direction" : [ 0.0, 0.0, -1.0 ],
      "color" : "#1E1E1E"
    } ],
    "backgroundColor" : "#AFC8DC",
    "ambientColor" : "#292929"
  },
  "camera" : {
    "width" : 98.53105,
    "position" : {
      "x" : 0.0,
      "y" : 0.0,
      "z" : 218.9579
    },
    "lookAtPointRV" : {
      "x" : 0.0,
      "y" : 0.0,
      "z" : 0.0,
      "zero" : true
    },
    "fieldOfView" : 0.44262886,
    "lookDirectionRV" : {
      "x" : 0.0,
      "y" : 0.0,
      "z" : -1.0,
      "zero" : false
    },
    "perspective" : true,
    "viewDistance" : 218.9579,
    "upDirectionRV" : {
      "x" : 0.0,
      "y" : 1.0,
      "z" : 0.0,
      "zero" : false
    },
    "stereo" : false,
    "lookAtPoint" : {
      "x" : 0.0,
      "y" : 0.0,
      "z" : 0.0
    },
    "lookDirection" : {
      "x" : 0.0,
      "y" : 0.0,
      "z" : -1.0
    },
    "upDirection" : {
      "x" : 0.0,
      "y" : 1.0,
      "z" : 0.0
    },
    "farClipDistance" : 437.91574,
    "nearClipDistance" : 0.5473947
  },
  "embedding" : [ 1.0, 0.0, 0.0, 0.0, 0.0, 1.0, 0.0, 0.0, 0.0, 0.0, 1.0, 0.0, 0.0, 0.0, 0.0, 1.0 ],
  "shapes" : [ {
    "id" : "903a1cd7-83cd-45ee-9aa8-95aa7557f035",
    "vertices" : [ {
      "x" : 0.0,
      "y" : 0.0,
      "z" : 0.0
    }, {
      "x" : 0.0,
      "y" : 0.0,
      "z" : -8.472136
    }, {
      "x" : 0.0,
      "y" : 8.472136,
      "z" : -8.472136
    }, {
      "x" : 0.0,
      "y" : 8.472136,
      "z" : 0.0
    } ],
    "faces" : [ {
      "vertices" : [ 0, 1, 2, 3 ]
    }, {
      "vertices" : [ 0, 3, 2, 1 ]
    } ]
  }, {
    "id" : "f093de4c-ddbc-4b4a-af9f-79430db464c8",
    "orbit" : "red",
    "orbitC" : "[[-1,1,1],[0,0,1]]",
    "length" : "[1,0,1]",
    "name" : "r1",
    "vertices" : [ {
      "x" : 2.618034,
      "y" : 1.736068,
      "z" : 0.309017
    }, {
      "x" : 4.236068,
      "y" : 2.5,
      "z" : 0.309017
    }, {
      "x" : 4.045085,
      "y" : 2.809017,
      "z" : 0.19098301
    }, {
      "x" : 0.809017,
      "y" : 0.618034,
      "z" : -0.309017
    }, {
      "x" : 0.690983,
      "y" : 0.809017,
      "z" : 0.0
    }, {
      "x" : 2.5,
      "y" : 1.927051,
      "z" : 0.0
    }, {
      "x" : 2.618034,
      "y" : 1.736068,
      "z" : -0.309017
    }, {
      "x" : 6.045085,
      "y" : 3.618034,
      "z" : 0.309017
    }, {
      "x" : 2.809017,
      "y" : 1.427051,
      "z" : 0.19098301
    }, {
      "x" : 2.809017,
      "y" : 1.427051,
      "z" : -0.19098301
    }, {
      "x" : 4.354102,
      "y" : 2.309017,
      "z" : 0.0
    }, {
      "x" : 4.236068,
      "y" : 2.5,
      "z" : -0.309017
    }, {
      "x" : 6.163119,
      "y" : 3.427051,
      "z" : 0.0
    }, {
      "x" : 1.0,
      "y" : 0.309017,
      "z" : 0.19098301
    }, {
      "x" : 1.0,
      "y" : 0.309017,
      "z" : -0.19098301
    }, {
      "x" : 0.809017,
      "y" : 0.618034,
      "z" : 0.309017
    }, {
      "x" : 5.854102,
      "y" : 3.927051,
      "z" : 0.19098301
    }, {
      "x" : 6.045085,
      "y" : 3.618034,
      "z" : -0.309017
    }, {
      "x" : 5.854102,
      "y" : 3.927051,
      "z" : -0.19098301
    }, {
      "x" : 6.854102,
      "y" : 4.236068,
      "z" : 0.0
    }, {
      "x" : 4.045085,
      "y" : 2.809017,
      "z" : -0.19098301
    } ],
    "faces" : [ {
      "vertices" : [ 3, 6, 9, 14 ]
    }, {
      "vertices" : [ 11, 20, 18, 17 ]
    }, {
      "vertices" : [ 0, 1, 2 ]
    }, {
      "vertices" : [ 0, 15, 13, 8 ]
    }, {
      "vertices" : [ 6, 20, 11 ]
    }, {
      "vertices" : [ 0, 2, 5 ]
    }, {
      "vertices" : [ 0, 8, 1 ]
    }, {
      "vertices" : [ 8, 13, 14, 9 ]
    }, {
      "vertices" : [ 3, 4, 5, 6 ]
    }, {
      "vertices" : [ 10, 11, 17, 12 ]
    }, {
      "vertices" : [ 1, 8, 10 ]
    }, {
      "vertices" : [ 0, 5, 4, 15 ]
    }, {
      "vertices" : [ 2, 16, 18, 20 ]
    }, {
      "vertices" : [ 1, 7, 16, 2 ]
    }, {
      "vertices" : [ 6, 11, 9 ]
    }, {
      "vertices" : [ 8, 9, 10 ]
    }, {
      "vertices" : [ 2, 20, 5 ]
    }, {
      "vertices" : [ 9, 11, 10 ]
    }, {
      "vertices" : [ 1, 10, 12, 7 ]
    }, {
      "vertices" : [ 5, 20, 6 ]
    } ]
  }, {
    "id" : "5878959c-5172-4160-af35-f4d33bd2b784",
    "vertices" : [ {
      "x" : 0.0,
      "y" : 0.0,
      "z" : 0.0
    }, {
      "x" : 0.0,
      "y" : -6.854102,
      "z" : 4.236068
    }, {
      "x" : 0.0,
      "y" : -6.854102,
      "z" : -4.236068
    } ],
    "faces" : [ {
      "vertices" : [ 0, 1, 2 ]
    }, {
      "vertices" : [ 0, 2, 1 ]
    } ]
  }, {
    "id" : "fb189413-ab7c-4ac2-bca8-63e7ff963cb5",
    "orbit" : "blue",
    "orbitC" : "[[0,0,1],[0,0,1]]",
    "length" : "[1,0,1]",
    "name" : "b1",
    "vertices" : [ {
      "x" : 7.472136,
      "y" : 0.309017,
      "z" : 0.19098301
    }, {
      "x" : 7.472136,
      "y" : 0.309017,
      "z" : -0.19098301
    }, {
      "x" : 1.0,
      "y" : 0.309017,
      "z" : -0.19098301
    }, {
      "x" : 1.0,
      "y" : 0.309017,
      "z" : 0.19098301
    }, {
      "x" : 7.472136,
      "y" : -0.309017,
      "z" : 0.19098301
    }, {
      "x" : 1.0,
      "y" : -0.309017,
      "z" : 0.19098301
    }, {
      "x" : 1.0,
      "y" : -0.309017,
      "z" : -0.19098301
    }, {
      "x" : 7.472136,
      "y" : -0.309017,
      "z" : -0.19098301
    }, {
      "x" : 8.472136,
      "y" : 0.0,
      "z" : 0.0
    } ],
    "faces" : [ {
      "vertices" : [ 1, 7, 6, 2 ]
    }, {
      "vertices" : [ 0, 1, 2, 3 ]
    }, {
      "vertices" : [ 4, 5, 6, 7 ]
    }, {
      "vertices" : [ 0, 3, 5, 4 ]
    } ]
  }, {
    "id" : "5886674f-1ff8-4859-bd0e-7243aef1926d",
    "vertices" : [ {
      "x" : 0.0,
      "y" : 0.0,
      "z" : 0.0
    }, {
      "x" : 0.0,
      "y" : 6.854102,
      "z" : -4.236068
    }, {
      "x" : 0.0,
      "y" : 6.854102,
      "z" : 4.236068
    } ],
    "faces" : [ {
      "vertices" : [ 0, 1, 2 ]
    }, {
      "vertices" : [ 0, 2, 1 ]
    } ]
  }, {
    "id" : "32c805b3-f7c2-4a34-a627-b702b13a67c9",
    "name" : "ball",
    "vertices" : [ {
      "x" : 0.309017,
      "y" : -0.809017,
      "z" : 0.618034
    }, {
      "x" : 0.809017,
      "y" : -0.618034,
      "z" : 0.309017
    }, {
      "x" : 0.618034,
      "y" : -0.309017,
      "z" : 0.809017
    }, {
      "x" : 1.0,
      "y" : 0.309017,
      "z" : 0.19098301
    }, {
      "x" : 0.809017,
      "y" : 0.618034,
      "z" : 0.309017
    }, {
      "x" : 0.618034,
      "y" : 0.309017,
      "z" : 0.809017
    }, {
      "x" : 0.809017,
      "y" : 0.0,
      "z" : 0.690983
    }, {
      "x" : 0.19098301,
      "y" : -1.0,
      "z" : 0.309017
    }, {
      "x" : -0.19098301,
      "y" : -1.0,
      "z" : 0.309017
    }, {
      "x" : -0.19098301,
      "y" : -1.0,
      "z" : -0.309017
    }, {
      "x" : 0.19098301,
      "y" : -1.0,
      "z" : -0.309017
    }, {
      "x" : 1.0,
      "y" : -0.309017,
      "z" : -0.19098301
    }, {
      "x" : 0.809017,
      "y" : -0.618034,
      "z" : -0.309017
    }, {
      "x" : 0.618034,
      "y" : -0.309017,
      "z" : -0.809017
    }, {
      "x" : 0.809017,
      "y" : 0.0,
      "z" : -0.690983
    }, {
      "x" : 0.0,
      "y" : 0.690983,
      "z" : -0.809017
    }, {
      "x" : 0.309017,
      "y" : 0.809017,
      "z" : -0.618034
    }, {
      "x" : 0.618034,
      "y" : 0.309017,
      "z" : -0.809017
    }, {
      "x" : 0.309017,
      "y" : 0.19098301,
      "z" : -1.0
    }, {
      "x" : 1.0,
      "y" : 0.309017,
      "z" : -0.19098301
    }, {
      "x" : -0.309017,
      "y" : -0.809017,
      "z" : 0.618034
    }, {
      "x" : 0.0,
      "y" : -0.690983,
      "z" : 0.809017
    }, {
      "x" : 0.809017,
      "y" : 0.618034,
      "z" : -0.309017
    }, {
      "x" : 0.690983,
      "y" : 0.809017,
      "z" : 0.0
    }, {
      "x" : -0.690983,
      "y" : 0.809017,
      "z" : 0.0
    }, {
      "x" : -0.809017,
      "y" : 0.618034,
      "z" : 0.309017
    }, {
      "x" : -0.309017,
      "y" : 0.809017,
      "z" : 0.618034
    }, {
      "x" : -0.19098301,
      "y" : 1.0,
      "z" : 0.309017
    }, {
      "x" : 0.309017,
      "y" : -0.19098301,
      "z" : -1.0
    }, {
      "x" : 0.19098301,
      "y" : 1.0,
      "z" : 0.309017
    }, {
      "x" : 0.309017,
      "y" : 0.809017,
      "z" : 0.618034
    }, {
      "x" : -0.809017,
      "y" : -0.618034,
      "z" : 0.309017
    }, {
      "x" : -0.690983,
      "y" : -0.809017,
      "z" : 0.0
    }, {
      "x" : 0.0,
      "y" : 0.690983,
      "z" : 0.809017
    }, {
      "x" : 0.309017,
      "y" : -0.809017,
      "z" : -0.618034
    }, {
      "x" : 0.0,
      "y" : -0.690983,
      "z" : -0.809017
    }, {
      "x" : -1.0,
      "y" : 0.309017,
      "z" : 0.19098301
    }, {
      "x" : -0.809017,
      "y" : 0.0,
      "z" : 0.690983
    }, {
      "x" : -0.618034,
      "y" : 0.309017,
      "z" : 0.809017
    }, {
      "x" : 1.0,
      "y" : -0.309017,
      "z" : 0.19098301
    }, {
      "x" : -0.309017,
      "y" : -0.809017,
      "z" : -0.618034
    }, {
      "x" : -1.0,
      "y" : 0.309017,
      "z" : -0.19098301
    }, {
      "x" : -1.0,
      "y" : -0.309017,
      "z" : -0.19098301
    }, {
      "x" : -1.0,
      "y" : -0.309017,
      "z" : 0.19098301
    }, {
      "x" : 0.19098301,
      "y" : 1.0,
      "z" : -0.309017
    }, {
      "x" : -0.809017,
      "y" : 0.618034,
      "z" : -0.309017
    }, {
      "x" : -0.19098301,
      "y" : 1.0,
      "z" : -0.309017
    }, {
      "x" : -0.309017,
      "y" : 0.809017,
      "z" : -0.618034
    }, {
      "x" : -0.618034,
      "y" : -0.309017,
      "z" : 0.809017
    }, {
      "x" : 0.309017,
      "y" : 0.19098301,
      "z" : 1.0
    }, {
      "x" : -0.309017,
      "y" : 0.19098301,
      "z" : -1.0
    }, {
      "x" : -0.309017,
      "y" : 0.19098301,
      "z" : 1.0
    }, {
      "x" : -0.309017,
      "y" : -0.19098301,
      "z" : 1.0
    }, {
      "x" : 0.309017,
      "y" : -0.19098301,
      "z" : 1.0
    }, {
      "x" : 0.690983,
      "y" : -0.809017,
      "z" : 0.0
    }, {
      "x" : -0.809017,
      "y" : 0.0,
      "z" : -0.690983
    }, {
      "x" : -0.618034,
      "y" : -0.309017,
      "z" : -0.809017
    }, {
      "x" : -0.309017,
      "y" : -0.19098301,
      "z" : -1.0
    }, {
      "x" : -0.618034,
      "y" : 0.309017,
      "z" : -0.809017
    }, {
      "x" : -0.809017,
      "y" : -0.618034,
      "z" : -0.309017
    } ],
    "faces" : [ {
      "vertices" : [ 9, 40, 35, 34, 10 ]
    }, {
      "vertices" : [ 0, 1, 2 ]
    }, {
      "vertices" : [ 33, 51, 49 ]
    }, {
      "vertices" : [ 25, 36, 37, 38 ]
    }, {
      "vertices" : [ 41, 55, 42 ]
    }, {
      "vertices" : [ 9, 32, 59, 40 ]
    }, {
      "vertices" : [ 20, 21, 52, 48 ]
    }, {
      "vertices" : [ 26, 33, 30, 29, 27 ]
    }, {
      "vertices" : [ 3, 4, 5, 6 ]
    }, {
      "vertices" : [ 27, 29, 44, 46 ]
    }, {
      "vertices" : [ 50, 57, 56, 55, 58 ]
    }, {
      "vertices" : [ 26, 38, 51, 33 ]
    }, {
      "vertices" : [ 45, 47, 58 ]
    }, {
      "vertices" : [ 18, 28, 57, 50 ]
    }, {
      "vertices" : [ 40, 59, 56 ]
    }, {
      "vertices" : [ 31, 48, 37, 43 ]
    }, {
      "vertices" : [ 7, 8, 9, 10 ]
    }, {
      "vertices" : [ 36, 41, 42, 43 ]
    }, {
      "vertices" : [ 24, 46, 47, 45 ]
    }, {
      "vertices" : [ 4, 30, 5 ]
    }, {
      "vertices" : [ 15, 47, 46, 44, 16 ]
    }, {
      "vertices" : [ 15, 50, 58, 47 ]
    }, {
      "vertices" : [ 24, 45, 41, 36, 25 ]
    }, {
      "vertices" : [ 11, 14, 19 ]
    }, {
      "vertices" : [ 3, 6, 39 ]
    }, {
      "vertices" : [ 1, 39, 6, 2 ]
    }, {
      "vertices" : [ 8, 32, 9 ]
    }, {
      "vertices" : [ 11, 12, 13, 14 ]
    }, {
      "vertices" : [ 16, 22, 17 ]
    }, {
      "vertices" : [ 0, 21, 20, 8, 7 ]
    }, {
      "vertices" : [ 12, 34, 13 ]
    }, {
      "vertices" : [ 35, 40, 56, 57 ]
    }, {
      "vertices" : [ 0, 7, 54, 1 ]
    }, {
      "vertices" : [ 15, 16, 17, 18 ]
    }, {
      "vertices" : [ 3, 19, 22, 23, 4 ]
    }, {
      "vertices" : [ 7, 10, 54 ]
    }, {
      "vertices" : [ 41, 45, 58, 55 ]
    }, {
      "vertices" : [ 3, 39, 11, 19 ]
    }, {
      "vertices" : [ 14, 17, 22, 19 ]
    }, {
      "vertices" : [ 0, 2, 53, 21 ]
    }, {
      "vertices" : [ 49, 51, 52, 53 ]
    }, {
      "vertices" : [ 31, 43, 42, 59, 32 ]
    }, {
      "vertices" : [ 15, 18, 50 ]
    }, {
      "vertices" : [ 42, 55, 56, 59 ]
    }, {
      "vertices" : [ 4, 23, 29, 30 ]
    }, {
      "vertices" : [ 25, 38, 26 ]
    }, {
      "vertices" : [ 13, 28, 18, 17, 14 ]
    }, {
      "vertices" : [ 8, 20, 31, 32 ]
    }, {
      "vertices" : [ 23, 44, 29 ]
    }, {
      "vertices" : [ 24, 27, 46 ]
    }, {
      "vertices" : [ 37, 48, 52, 51, 38 ]
    }, {
      "vertices" : [ 20, 48, 31 ]
    }, {
      "vertices" : [ 24, 25, 26, 27 ]
    }, {
      "vertices" : [ 16, 44, 23, 22 ]
    }, {
      "vertices" : [ 13, 34, 35, 28 ]
    }, {
      "vertices" : [ 10, 34, 12, 54 ]
    }, {
      "vertices" : [ 2, 6, 5, 49, 53 ]
    }, {
      "vertices" : [ 36, 43, 37 ]
    }, {
      "vertices" : [ 5, 30, 33, 49 ]
    }, {
      "vertices" : [ 1, 54, 12, 11, 39 ]
    }, {
      "vertices" : [ 28, 35, 57 ]
    }, {
      "vertices" : [ 21, 53, 52 ]
    } ]
  }, {
    "id" : "f8a3bc78-66a9-40bf-97c9-437342d9b5b6",
    "vertices" : [ {
      "x" : 0.0,
      "y" : 0.0,
      "z" : 0.0
    }, {
      "x" : -2.618034,
      "y" : 4.236068,
      "z" : -6.854102
    }, {
      "x" : -2.618034,
      "y" : 11.09017,
      "z" : -2.618034
    }, {
      "x" : 0.0,
      "y" : 6.854102,
      "z" : 4.236068
    } ],
    "faces" : [ {
      "vertices" : [ 0, 1, 2, 3 ]
    }, {
      "vertices" : [ 0, 3, 2, 1 ]
    } ]
  }, {
    "id" : "6919537e-4bbc-46d2-9a4e-80234888da47",
    "vertices" : [ {
      "x" : 0.0,
      "y" : 0.0,
      "z" : 0.0
    }, {
      "x" : 0.0,
      "y" : -8.472136,
      "z" : 0.0
    }, {
      "x" : -2.618034,
      "y" : -4.236068,
      "z" : -6.854102
    } ],
    "faces" : [ {
      "vertices" : [ 0, 1, 2 ]
    }, {
      "vertices" : [ 0, 2, 1 ]
    } ]
  }, {
    "id" : "7728886f-6a65-4820-b462-04a50d311a55",
    "vertices" : [ {
      "x" : 0.0,
      "y" : 0.0,
      "z" : 0.0
    }, {
      "x" : -2.618034,
      "y" : 4.236068,
      "z" : -6.854102
    }, {
      "x" : 0.0,
      "y" : 8.472136,
      "z" : 0.0
    } ],
    "faces" : [ {
      "vertices" : [ 0, 1, 2 ]
    }, {
      "vertices" : [ 0, 2, 1 ]
    } ]
  }, {
    "id" : "65a9e838-0ef1-4c6d-bdd7-5339683fdefa",
    "vertices" : [ {
      "x" : 0.0,
      "y" : 0.0,
      "z" : 0.0
    }, {
      "x" : 0.0,
      "y" : 8.472136,
      "z" : 0.0
    }, {
      "x" : 0.0,
      "y" : 8.472136,
      "z" : 8.472136
    }, {
      "x" : 0.0,
      "y" : 0.0,
      "z" : 8.472136
    } ],
    "faces" : [ {
      "vertices" : [ 0, 1, 2, 3 ]
    }, {
      "vertices" : [ 0, 3, 2, 1 ]
    } ]
  }, {
    "id" : "a9c82586-0e3c-4832-8ad5-d65a4c880a52",
    "vertices" : [ {
      "x" : 0.0,
      "y" : 0.0,
      "z" : 0.0
    }, {
      "x" : 0.0,
      "y" : 0.0,
      "z" : 8.472136
    }, {
      "x" : 0.0,
      "y" : -8.472136,
      "z" : 8.472136
    }, {
      "x" : 0.0,
      "y" : -8.472136,
      "z" : 0.0
    } ],
    "faces" : [ {
      "vertices" : [ 0, 1, 2, 3 ]
    }, {
      "vertices" : [ 0, 3, 2, 1 ]
    } ]
  }, {
    "id" : "67fc9925-bbe9-4d38-be44-940ae2fbf343",
    "vertices" : [ {
      "x" : 0.0,
      "y" : 0.0,
      "z" : 0.0
    }, {
      "x" : 2.618034,
      "y" : 4.236068,
      "z" : 6.854102
    }, {
      "x" : 2.618034,
      "y" : -4.236068,
      "z" : 6.854102
    } ],
    "faces" : [ {
      "vertices" : [ 0, 1, 2 ]
    }, {
      "vertices" : [ 0, 2, 1 ]
    } ]
  }, {
    "id" : "94a30b0d-7b03-432f-8e08-b8f6cc1514a9",
    "vertices" : [ {
      "x" : 0.0,
      "y" : 0.0,
      "z" : 0.0
    }, {
      "x" : 0.0,
      "y" : -8.472136,
      "z" : 0.0
    }, {
      "x" : 0.0,
      "y" : -8.472136,
      "z" : -8.472136
    }, {
      "x" : 0.0,
      "y" : 0.0,
      "z" : -8.472136
    } ],
    "faces" : [ {
      "vertices" : [ 0, 1, 2, 3 ]
    }, {
      "vertices" : [ 0, 3, 2, 1 ]
    } ]
  } ],
  "instances" : [ {
    "shape" : "903a1cd7-83cd-45ee-9aa8-95aa7557f035",
    "color" : "#7FC6E0",
    "position" : {
      "x" : 17.944271,
      "y" : -4.236068,
      "z" : -4.236068
    },
    "orientation" : 26
  }, {
    "shape" : "f093de4c-ddbc-4b4a-af9f-79430db464c8",
    "color" : "#D91218",
    "position" : {
      "x" : 4.236068,
      "y" : -17.944271,
      "z" : 4.236068
    },
    "orientation" : 15
  }, {
    "shape" : "5878959c-5172-4160-af35-f4d33bd2b784",
    "color" : "#7FC6E0",
    "position" : {
      "x" : 13.708204,
      "y" : -11.09017,
      "z" : 6.854102
    },
    "orientation" : 26
  }, {
    "shape" : "fb189413-ab7c-4ac2-bca8-63e7ff963cb5",
    "color" : "#008EC2",
    "position" : {
      "x" : -11.09017,
      "y" : -15.326238,
      "z" : 0.0
    },
    "orientation" : 26
  }, {
    "shape" : "fb189413-ab7c-4ac2-bca8-63e7ff963cb5",
    "color" : "#008EC2",
    "position" : {
      "x" : -17.944271,
      "y" : -11.09017,
      "z" : 13.708204
    },
    "orientation" : 8
  }, {
    "shape" : "5878959c-5172-4160-af35-f4d33bd2b784",
    "color" : "#7FC6E0",
    "position" : {
      "x" : 11.09017,
      "y" : -6.854102,
      "z" : 13.708204
    },
    "orientation" : 10
  }, {
    "shape" : "f093de4c-ddbc-4b4a-af9f-79430db464c8",
    "color" : "#D91218",
    "position" : {
      "x" : 0.0,
      "y" : 11.09017,
      "z" : 15.326238
    },
    "orientation" : 2
  }, {
    "shape" : "f093de4c-ddbc-4b4a-af9f-79430db464c8",
    "color" : "#D91218",
    "position" : {
      "x" : 11.09017,
      "y" : -15.326238,
      "z" : 0.0
    },
    "orientation" : 31
  }, {
    "shape" : "5886674f-1ff8-4859-bd0e-7243aef1926d",
    "color" : "#7FC6E0",
    "position" : {
      "x" : -17.944271,
      "y" : -4.236068,
      "z" : -4.236068
    },
    "orientation" : 39
  }, {
    "shape" : "f093de4c-ddbc-4b4a-af9f-79430db464c8",
    "color" : "#D91218",
    "position" : {
      "x" : 17.944271,
      "y" : -4.236068,
      "z" : -4.236068
    },
    "orientation" : 17
  }, {
    "shape" : "32c805b3-f7c2-4a34-a627-b702b13a67c9",
    "color" : "#F2F2F2",
    "position" : {
      "x" : -11.09017,
      "y" : -6.854102,
      "z" : -13.708204
    }
  }, {
    "shape" : "f8a3bc78-66a9-40bf-97c9-437342d9b5b6",
    "color" : "#F5A87F",
    "position" : {
      "x" : 4.236068,
      "y" : 4.236068,
      "z" : 17.944271
    },
    "orientation" : 5
  }, {
    "shape" : "32c805b3-f7c2-4a34-a627-b702b13a67c9",
    "color" : "#F2F2F2",
    "position" : {
      "x" : 0.0,
      "y" : 4.236068,
      "z" : 24.798374
    }
  }, {
    "shape" : "fb189413-ab7c-4ac2-bca8-63e7ff963cb5",
    "color" : "#008EC2",
    "position" : {
      "x" : 22.18034,
      "y" : -4.236068,
      "z" : -11.09017
    },
    "orientation" : 36
  }, {
    "shape" : "6919537e-4bbc-46d2-9a4e-80234888da47",
    "color" : "#FFD98C",
    "position" : {
      "x" : 11.09017,
      "y" : -13.708204,
      "z" : 17.944271
    },
    "orientation" : 54
  }, {
    "shape" : "32c805b3-f7c2-4a34-a627-b702b13a67c9",
    "color" : "#F2F2F2",
    "position" : {
      "x" : 0.0,
      "y" : 11.09017,
      "z" : 15.326238
    }
  }, {
    "shape" : "fb189413-ab7c-4ac2-bca8-63e7ff963cb5",
    "color" : "#008EC2",
    "position" : {
      "x" : -13.708204,
      "y" : -11.09017,
      "z" : -6.854102
    },
    "orientation" : 51
  }, {
    "shape" : "f093de4c-ddbc-4b4a-af9f-79430db464c8",
    "color" : "#D91218",
    "position" : {
      "x" : -11.09017,
      "y" : 6.854102,
      "z" : 13.708204
    },
    "orientation" : 45
  }, {
    "shape" : "f093de4c-ddbc-4b4a-af9f-79430db464c8",
    "color" : "#D91218",
    "position" : {
      "x" : 0.0,
      "y" : 11.09017,
      "z" : -15.326238
    },
    "orientation" : 47
  }, {
    "shape" : "f093de4c-ddbc-4b4a-af9f-79430db464c8",
    "color" : "#D91218",
    "position" : {
      "x" : 4.236068,
      "y" : -4.236068,
      "z" : 17.944271
    },
    "orientation" : 32
  }, {
    "shape" : "fb189413-ab7c-4ac2-bca8-63e7ff963cb5",
    "color" : "#008EC2",
    "position" : {
      "x" : -4.236068,
      "y" : -11.09017,
      "z" : 22.18034
    },
    "orientation" : 9
  }, {
    "shape" : "f8a3bc78-66a9-40bf-97c9-437342d9b5b6",
    "color" : "#F5A87F",
    "position" : {
      "x" : -11.09017,
      "y" : 6.854102,
      "z" : 13.708204
    },
    "orientation" : 41
  }, {
    "shape" : "f8a3bc78-66a9-40bf-97c9-437342d9b5b6",
    "color" : "#F5A87F",
    "position" : {
      "x" : 0.0,
      "y" : 11.09017,
      "z" : 15.326238
    },
    "orientation" : 13
  }, {
    "shape" : "f093de4c-ddbc-4b4a-af9f-79430db464c8",
    "color" : "#D91218",
    "position" : {
      "x" : 15.326238,
      "y" : 0.0,
      "z" : 11.09017
    },
    "orientation" : 15
  }, {
    "shape" : "f093de4c-ddbc-4b4a-af9f-79430db464c8",
    "color" : "#D91218",
    "position" : {
      "x" : 0.0,
      "y" : -11.09017,
      "z" : -15.326238
    },
    "orientation" : 47
  }, {
    "shape" : "32c805b3-f7c2-4a34-a627-b702b13a67c9",
    "color" : "#F2F2F2",
    "position" : {
      "x" : 13.708204,
      "y" : 11.09017,
      "z" : 6.854102
    }
  }, {
    "shape" : "32c805b3-f7c2-4a34-a627-b702b13a67c9",
    "color" : "#F2F2F2",
    "position" : {
      "x" : 22.18034,
      "y" : -4.236068,
      "z" : -11.09017
    }
  }, {
    "shape" : "5886674f-1ff8-4859-bd0e-7243aef1926d",
    "color" : "#7FC6E0",
    "position" : {
      "x" : 17.944271,
      "y" : 4.236068,
      "z" : 4.236068
    },
    "orientation" : 6
  }, {
    "shape" : "fb189413-ab7c-4ac2-bca8-63e7ff963cb5",
    "color" : "#008EC2",
    "position" : {
      "x" : 4.236068,
      "y" : 4.236068,
      "z" : -17.944271
    },
    "orientation" : 11
  }, {
    "shape" : "fb189413-ab7c-4ac2-bca8-63e7ff963cb5",
    "color" : "#008EC2",
    "position" : {
      "x" : 6.854102,
      "y" : 13.708204,
      "z" : -11.09017
    },
    "orientation" : 53
  }, {
    "shape" : "f8a3bc78-66a9-40bf-97c9-437342d9b5b6",
    "color" : "#F5A87F",
    "position" : {
      "x" : -4.236068,
      "y" : -17.944271,
      "z" : 4.236068
    },
    "orientation" : 34
  }, {
    "shape" : "fb189413-ab7c-4ac2-bca8-63e7ff963cb5",
    "color" : "#008EC2",
    "position" : {
      "x" : 13.708204,
      "y" : -11.09017,
      "z" : 6.854102
    },
    "orientation" : 22
  }, {
    "shape" : "5878959c-5172-4160-af35-f4d33bd2b784",
    "color" : "#7FC6E0",
    "position" : {
      "x" : 6.854102,
      "y" : 13.708204,
      "z" : -11.09017
    },
    "orientation" : 54
  }, {
    "shape" : "fb189413-ab7c-4ac2-bca8-63e7ff963cb5",
    "color" : "#008EC2",
    "position" : {
      "x" : -11.09017,
      "y" : -6.854102,
      "z" : 13.708204
    },
    "orientation" : 22
  }, {
    "shape" : "f093de4c-ddbc-4b4a-af9f-79430db464c8",
    "color" : "#D91218",
    "position" : {
      "x" : 11.09017,
      "y" : -6.854102,
      "z" : 13.708204
    },
    "orientation" : 31
  }, {
    "shape" : "fb189413-ab7c-4ac2-bca8-63e7ff963cb5",
    "color" : "#008EC2",
    "position" : {
      "x" : 4.236068,
      "y" : -11.09017,
      "z" : -22.18034
    },
    "orientation" : 54
  }, {
    "shape" : "6919537e-4bbc-46d2-9a4e-80234888da47",
    "color" : "#FFD98C",
    "position" : {
      "x" : 17.944271,
      "y" : 4.236068,
      "z" : -4.236068
    },
    "orientation" : 0
  }, {
    "shape" : "5878959c-5172-4160-af35-f4d33bd2b784",
    "color" : "#7FC6E0",
    "position" : {
      "x" : 11.09017,
      "y" : -6.854102,
      "z" : -13.708204
    },
    "orientation" : 52
  }, {
    "shape" : "5878959c-5172-4160-af35-f4d33bd2b784",
    "color" : "#7FC6E0",
    "position" : {
      "x" : 11.09017,
      "y" : 6.854102,
      "z" : 13.708204
    },
    "orientation" : 37
  }, {
    "shape" : "fb189413-ab7c-4ac2-bca8-63e7ff963cb5",
    "color" : "#008EC2",
    "position" : {
      "x" : 4.236068,
      "y" : -4.236068,
      "z" : -17.944271
    },
    "orientation" : 39
  }, {
    "shape" : "f8a3bc78-66a9-40bf-97c9-437342d9b5b6",
    "color" : "#F5A87F",
    "position" : {
      "x" : 13.708204,
      "y" : -11.09017,
      "z" : 6.854102
    },
    "orientation" : 24
  }, {
    "shape" : "f8a3bc78-66a9-40bf-97c9-437342d9b5b6",
    "color" : "#F5A87F",
    "position" : {
      "x" : 13.708204,
      "y" : 11.09017,
      "z" : -6.854102
    },
    "orientation" : 9
  }, {
    "shape" : "5886674f-1ff8-4859-bd0e-7243aef1926d",
    "color" : "#7FC6E0",
    "position" : {
      "x" : 4.236068,
      "y" : -4.236068,
      "z" : 17.944271
    },
    "orientation" : 11
  }, {
    "shape" : "7728886f-6a65-4820-b462-04a50d311a55",
    "color" : "#FFD98C",
    "position" : {
      "x" : -6.854102,
      "y" : 13.708204,
      "z" : -11.09017
    },
    "orientation" : 54
  }, {
    "shape" : "32c805b3-f7c2-4a34-a627-b702b13a67c9",
    "color" : "#F2F2F2",
    "position" : {
      "x" : -11.09017,
      "y" : -6.854102,
      "z" : 13.708204
    }
  }, {
    "shape" : "fb189413-ab7c-4ac2-bca8-63e7ff963cb5",
    "color" : "#008EC2",
    "position" : {
      "x" : -6.854102,
      "y" : -13.708204,
      "z" : -11.09017
    },
    "orientation" : 23
  }, {
    "shape" : "f093de4c-ddbc-4b4a-af9f-79430db464c8",
    "color" : "#D91218",
    "position" : {
      "x" : 13.708204,
      "y" : 11.09017,
      "z" : -6.854102
    },
    "orientation" : 46
  }, {
    "shape" : "f093de4c-ddbc-4b4a-af9f-79430db464c8",
    "color" : "#D91218",
    "position" : {
      "x" : 17.944271,
      "y" : 4.236068,
      "z" : 4.236068
    },
    "orientation" : 2
  }, {
    "shape" : "32c805b3-f7c2-4a34-a627-b702b13a67c9",
    "color" : "#F2F2F2",
    "position" : {
      "x" : -11.09017,
      "y" : -22.18034,
      "z" : 4.236068
    }
  }, {
    "shape" : "32c805b3-f7c2-4a34-a627-b702b13a67c9",
    "color" : "#F2F2F2",
    "position" : {
      "x" : 11.09017,
      "y" : -15.326238,
      "z" : 0.0
    }
  }, {
    "shape" : "5878959c-5172-4160-af35-f4d33bd2b784",
    "color" : "#7FC6E0",
    "position" : {
      "x" : -6.854102,
      "y" : 13.708204,
      "z" : 11.09017
    },
    "orientation" : 9
  }, {
    "shape" : "fb189413-ab7c-4ac2-bca8-63e7ff963cb5",
    "color" : "#008EC2",
    "position" : {
      "x" : 4.236068,
      "y" : -11.09017,
      "z" : -22.18034
    },
    "orientation" : 8
  }, {
    "shape" : "5886674f-1ff8-4859-bd0e-7243aef1926d",
    "color" : "#7FC6E0",
    "position" : {
      "x" : -4.236068,
      "y" : 17.944271,
      "z" : 4.236068
    },
    "orientation" : 10
  }, {
    "shape" : "fb189413-ab7c-4ac2-bca8-63e7ff963cb5",
    "color" : "#008EC2",
    "position" : {
      "x" : -11.09017,
      "y" : -6.854102,
      "z" : 13.708204
    },
    "orientation" : 24
  }, {
    "shape" : "f093de4c-ddbc-4b4a-af9f-79430db464c8",
    "color" : "#D91218",
    "position" : {
      "x" : -17.944271,
      "y" : -4.236068,
      "z" : -4.236068
    },
    "orientation" : 47
  }, {
    "shape" : "fb189413-ab7c-4ac2-bca8-63e7ff963cb5",
    "color" : "#008EC2",
    "position" : {
      "x" : -22.18034,
      "y" : -4.236068,
      "z" : -11.09017
    },
    "orientation" : 1
  }, {
    "shape" : "fb189413-ab7c-4ac2-bca8-63e7ff963cb5",
    "color" : "#008EC2",
    "position" : {
      "x" : 11.09017,
      "y" : -6.854102,
      "z" : 13.708204
    },
    "orientation" : 6
  }, {
    "shape" : "32c805b3-f7c2-4a34-a627-b702b13a67c9",
    "color" : "#F2F2F2",
    "position" : {
      "x" : 17.944271,
      "y" : -11.09017,
      "z" : -13.708204
    }
  }, {
    "shape" : "32c805b3-f7c2-4a34-a627-b702b13a67c9",
    "color" : "#F2F2F2",
    "position" : {
      "x" : -4.236068,
      "y" : -17.944271,
      "z" : 4.236068
    }
  }, {
    "shape" : "f093de4c-ddbc-4b4a-af9f-79430db464c8",
    "color" : "#D91218",
    "position" : {
      "x" : 6.854102,
      "y" : -13.708204,
      "z" : 11.09017
    },
    "orientation" : 2
  }, {
    "shape" : "fb189413-ab7c-4ac2-bca8-63e7ff963cb5",
    "color" : "#008EC2",
    "position" : {
      "x" : -11.09017,
      "y" : 6.854102,
      "z" : -13.708204
    },
    "orientation" : 9
  }, {
    "shape" : "32c805b3-f7c2-4a34-a627-b702b13a67c9",
    "color" : "#F2F2F2",
    "position" : {
      "x" : 0.0,
      "y" : -4.236068,
      "z" : -24.798374
    }
  }, {
    "shape" : "fb189413-ab7c-4ac2-bca8-63e7ff963cb5",
    "color" : "#008EC2",
    "position" : {
      "x" : -13.708204,
      "y" : 11.09017,
      "z" : 6.854102
    },
    "orientation" : 37
  }, {
    "shape" : "fb189413-ab7c-4ac2-bca8-63e7ff963cb5",
    "color" : "#008EC2",
    "position" : {
      "x" : -4.236068,
      "y" : -17.944271,
      "z" : 4.236068
    },
    "orientation" : 7
  }, {
    "shape" : "5886674f-1ff8-4859-bd0e-7243aef1926d",
    "color" : "#7FC6E0",
    "position" : {
      "x" : -15.326238,
      "y" : 0.0,
      "z" : -11.09017
    },
    "orientation" : 47
  }, {
    "shape" : "fb189413-ab7c-4ac2-bca8-63e7ff963cb5",
    "color" : "#008EC2",
    "position" : {
      "x" : -4.236068,
      "y" : 4.236068,
      "z" : 17.944271
    },
    "orientation" : 56
  }, {
    "shape" : "f093de4c-ddbc-4b4a-af9f-79430db464c8",
    "color" : "#D91218",
    "position" : {
      "x" : -11.09017,
      "y" : 6.854102,
      "z" : 13.708204
    },
    "orientation" : 1
  }, {
    "shape" : "fb189413-ab7c-4ac2-bca8-63e7ff963cb5",
    "color" : "#008EC2",
    "position" : {
      "x" : 13.708204,
      "y" : 11.09017,
      "z" : -6.854102
    },
    "orientation" : 22
  }, {
    "shape" : "fb189413-ab7c-4ac2-bca8-63e7ff963cb5",
    "color" : "#008EC2",
    "position" : {
      "x" : 13.708204,
      "y" : -11.09017,
      "z" : -6.854102
    },
    "orientation" : 40
  }, {
    "shape" : "fb189413-ab7c-4ac2-bca8-63e7ff963cb5",
    "color" : "#008EC2",
    "position" : {
      "x" : -11.09017,
      "y" : -6.854102,
      "z" : -13.708204
    },
    "orientation" : 21
  }, {
    "shape" : "f8a3bc78-66a9-40bf-97c9-437342d9b5b6",
    "color" : "#F5A87F",
    "position" : {
      "x" : 11.09017,
      "y" : 6.854102,
      "z" : -13.708204
    },
    "orientation" : 26
  }, {
    "shape" : "fb189413-ab7c-4ac2-bca8-63e7ff963cb5",
    "color" : "#008EC2",
    "position" : {
      "x" : -6.854102,
      "y" : 13.708204,
      "z" : 11.09017
    },
    "orientation" : 39
  }, {
    "shape" : "5878959c-5172-4160-af35-f4d33bd2b784",
    "color" : "#7FC6E0",
    "position" : {
      "x" : 13.708204,
      "y" : 11.09017,
      "z" : 6.854102
    },
    "orientation" : 23
  }, {
    "shape" : "32c805b3-f7c2-4a34-a627-b702b13a67c9",
    "color" : "#F2F2F2",
    "position" : {
      "x" : -11.09017,
      "y" : 22.18034,
      "z" : 4.236068
    }
  }, {
    "shape" : "32c805b3-f7c2-4a34-a627-b702b13a67c9",
    "color" : "#F2F2F2",
    "position" : {
      "x" : -13.708204,
      "y" : 11.09017,
      "z" : 6.854102
    }
  }, {
    "shape" : "fb189413-ab7c-4ac2-bca8-63e7ff963cb5",
    "color" : "#008EC2",
    "position" : {
      "x" : 13.708204,
      "y" : 11.09017,
      "z" : -6.854102
    },
    "orientation" : 21
  }, {
    "shape" : "fb189413-ab7c-4ac2-bca8-63e7ff963cb5",
    "color" : "#008EC2",
    "position" : {
      "x" : 6.854102,
      "y" : -13.708204,
      "z" : 11.09017
    },
    "orientation" : 22
  }, {
    "shape" : "fb189413-ab7c-4ac2-bca8-63e7ff963cb5",
